03-03;CHI-IND;92-97;
21-32;19-15;26-22;26-28;
CHI
Luol Deng;F;37:21;5;13;1;5;4;5;0;5;5;3;2;0;1;2;15;
Carlos Boozer;F;16:50;3;9;0;0;0;0;1;1;2;1;1;0;2;2;6;
Joakim Noah;C;32:27;6;13;0;0;2;2;3;7;10;5;0;1;2;4;14;
Marco Belinelli;G;44:53;8;17;4;5;0;0;0;1;1;5;1;0;3;3;20;
Nate Robinson;G;20:16;2;6;0;1;2;2;0;1;1;6;1;0;0;4;6;
Jimmy Butler;;31:10;6;11;3;5;5;6;3;1;4;1;2;0;1;2;20;
Vladimir Radmanovic;;10:52;1;3;0;2;0;0;0;3;3;1;0;2;1;4;2;
Marquis Teague;;27:31;1;5;0;1;0;2;0;3;3;3;1;0;1;5;2;
Nazr Mohammed;;15:33;3;4;0;0;1;1;1;4;5;0;0;2;0;1;7;
Daequan Cook;;3:07;0;0;0;0;0;0;0;0;0;0;1;0;0;0;0;
IND
Paul George;F;44:40;4;14;2;5;0;0;2;8;10;6;2;0;4;3;10;
David West;F;36:10;11;18;0;1;9;9;1;6;7;2;2;0;2;2;31;
Roy Hibbert;C;35:28;7;14;0;0;4;6;5;5;10;1;2;3;1;4;18;
Lance Stephenson;G;34:08;3;10;1;2;2;4;1;6;7;2;0;0;2;4;9;
George Hill;G;35:48;6;6;3;3;6;10;0;6;6;5;1;2;3;3;21;
Tyler Hansbrough;;12:10;0;1;0;0;2;2;1;0;1;1;2;1;1;2;2;
Danny Granger;;8:01;0;3;0;0;0;0;0;0;0;0;0;0;0;1;0;
D.J. Augustin;;12:19;0;2;0;2;2;2;0;1;1;1;0;0;0;0;2;
Ian Mahinmi;;12:12;2;3;0;0;0;0;0;0;0;1;1;0;1;1;4;
Orlando Johnson;;3:46;0;0;0;0;0;0;0;0;0;0;0;0;0;1;0;
Sam Young;;5:18;0;0;0;0;0;0;0;0;0;0;0;0;0;0;0;
