02-23;HOU-WAS;103-105;
32-22;25-24;26-31;20-28;
HOU
Chandler Parsons;F;42:23;9;15;5;9;1;2;2;5;7;3;0;1;1;1;24;
Carlos Delfino;F;35:25;4;14;4;12;0;0;1;4;5;3;0;0;3;2;12;
Omer Asik;C;34:44;2;4;0;0;1;2;3;7;10;1;1;2;5;5;5;
James Harden;G;42:29;10;23;3;11;4;4;1;3;4;6;3;0;3;2;27;
Jeremy Lin;G;26:29;2;9;1;3;0;0;0;1;1;6;3;0;2;2;5;
Patrick Beverley;;21:31;6;9;3;5;0;0;2;2;4;3;0;0;2;2;15;
Greg Smith;;10:07;0;1;0;0;1;4;1;0;1;0;0;0;0;3;1;
Donatas Motiejunas;;22:59;4;6;2;4;1;2;3;3;6;2;0;0;0;2;11;
James Anderson;;3:53;1;3;1;2;0;0;0;1;1;0;0;0;0;0;3;
WAS
Martell Webster;F;30:24;5;10;2;5;0;0;0;1;1;4;0;0;1;4;12;
Nene;F;30:33;3;6;0;0;2;2;1;8;9;3;0;0;3;4;8;
Emeka Okafor;C;33:49;8;16;0;0;1;3;2;9;11;1;2;3;3;4;17;
Bradley Beal;G;37:04;7;15;2;4;5;6;4;1;5;4;2;1;1;3;21;
John Wall;G;34:33;4;10;0;0;4;4;0;4;4;11;0;1;2;2;12;
Chris Singleton;;10:55;2;3;0;0;0;0;0;2;2;0;0;0;0;1;4;
Trevor Ariza;;33:22;8;12;2;4;0;0;1;3;4;6;4;0;3;0;18;
A.J. Price;;13:27;1;4;1;2;2;2;0;0;0;1;0;0;0;0;5;
Trevor Booker;;13:53;3;4;0;1;2;2;1;0;1;1;0;1;0;0;8;
Garrett Temple;;2:00;0;0;0;0;0;0;0;0;0;0;0;0;0;0;0;
