11-21;PHI-CLE;83-92;
15-28;20-19;23-21;25-24;
PHI
Evan Turner;F;35:54;5;13;0;1;2;3;1;9;10;7;2;1;2;3;12;
Thaddeus Young;F;36:13;5;12;0;0;1;2;3;8;11;2;2;1;1;2;11;
Kwame Brown;C;20:43;2;3;0;0;1;2;1;2;3;1;1;1;0;2;5;
Jason Richardson;G;28:27;6;13;2;6;2;2;1;1;2;0;3;2;0;2;16;
Jrue Holiday;G;38:33;6;16;2;3;2;2;1;0;1;5;1;1;4;3;16;
Spencer Hawes;;18:41;2;5;0;1;0;1;3;2;5;2;1;2;0;0;4;
Nick Young;;31:36;4;13;0;2;5;6;1;4;5;0;2;1;0;0;13;
Royal Ivey;;7:39;0;2;0;1;0;0;0;1;1;0;0;0;0;0;0;
Lavoy Allen;;2:20;0;0;0;0;0;0;0;0;0;0;0;0;0;2;0;
Dorell Wright;;17:06;1;7;0;3;4;4;0;1;1;1;0;2;0;2;6;
Damien Wilkins;;2:46;0;2;0;0;0;0;0;0;0;0;0;0;0;0;0;
CLE
Alonzo Gee;F;38:50;5;9;4;6;0;0;1;5;6;2;1;3;2;3;14;
Tristan Thompson;F;24:53;1;7;0;0;2;3;3;8;11;2;0;1;0;1;4;
Anderson Varejao;C;34:23;3;10;0;0;4;5;7;12;19;2;1;0;4;1;10;
Dion Waiters;G;38:56;7;22;2;5;0;0;0;4;4;6;0;0;2;1;16;
Jeremy Pargo;G;38:52;11;19;4;8;2;4;0;5;5;4;1;0;3;3;28;
Tyler Zeller;;21:26;1;7;0;0;0;0;3;3;6;1;0;0;1;3;2;
CJ Miles;;26:46;5;9;3;4;0;0;1;2;3;0;0;1;3;1;13;
Omri Casspi;;15:54;2;3;0;0;1;2;0;1;1;0;0;1;1;1;5;
