10-31;HOU-DET;105-96;
27-22;28-36;17-23;33-15;
HOU
Chandler Parsons;F;42:26;3;9;1;4;4;5;2;5;7;6;0;0;3;3;11;
Marcus Morris;F;25:36;3;10;0;2;0;0;4;3;7;1;0;0;2;3;6;
Omer Asik;C;33:02;5;6;0;0;2;6;2;7;9;0;1;2;3;2;12;
James Harden;G;44:04;14;25;4;10;5;6;1;5;6;12;4;1;4;2;37;
Jeremy Lin;G;35:27;5;12;0;2;2;2;0;4;4;8;4;0;4;4;12;
Carlos Delfino;;23:56;5;6;5;6;0;0;1;6;7;0;1;0;3;3;15;
Greg Smith;;17:02;4;4;0;0;2;2;2;3;5;0;2;0;0;5;10;
Toney Douglas;;12:33;0;5;0;2;2;2;0;0;0;1;0;0;1;1;2;
Daequan Cook;;5:54;0;2;0;1;0;0;0;0;0;0;0;0;0;1;0;
DET
Tayshaun Prince;F;32:22;4;9;0;1;4;4;0;4;4;1;1;0;1;0;12;
Jason Maxiell;F;24:00;4;7;0;0;2;2;4;4;8;0;0;2;2;2;10;
Greg Monroe;C;35:07;7;13;0;0;0;3;2;6;8;4;3;0;4;4;14;
Rodney Stuckey;G;36:47;1;10;0;3;7;8;0;2;2;6;1;0;0;0;9;
Brandon Knight;G;36:45;5;15;1;4;4;6;0;4;4;4;1;0;2;0;15;
Kim English;;13:47;3;6;2;4;0;0;0;0;0;3;2;0;1;1;8;
Jonas Jerebko;;19:32;2;7;0;1;3;3;4;0;4;1;1;0;0;2;7;
Kyle Singler;;15:38;4;5;2;2;0;0;0;2;2;0;0;1;1;0;10;
Will Bynum;;13:09;4;6;1;1;0;0;0;2;2;2;1;0;3;4;9;
Andre Drummond;;12:53;1;1;0;0;0;0;0;2;2;0;2;1;2;2;2;
