11-09;BKN-ORL;107-68;
19-17;31-19;25-15;32-17;
BKN
Keith Bogans;F;17:20;2;6;1;5;0;0;0;2;2;0;0;0;0;1;5;
Kris Humphries;F;19:43;3;7;0;0;2;2;2;6;8;1;0;1;1;2;8;
Brook Lopez;C;23:50;5;7;0;0;4;7;3;7;10;1;0;3;1;1;14;
Joe Johnson;G;29:16;5;11;2;5;1;1;1;2;3;4;1;0;1;0;13;
Deron Williams;G;29:13;5;8;0;2;2;2;0;0;0;4;1;0;3;1;12;
CJ Watson;;18:14;4;5;1;2;0;0;1;0;1;1;2;1;1;1;9;
Reggie Evans;;20:23;1;2;0;0;0;0;2;4;6;1;0;0;1;3;2;
Josh Childress;;25:39;1;4;0;0;0;0;1;1;2;2;1;0;0;0;2;
Andray Blatche;;24:10;5;13;0;0;5;8;4;5;9;4;1;1;1;0;15;
Jerry Stackhouse;;10:07;4;9;3;6;0;0;1;1;2;1;0;0;0;0;11;
Tyshawn Taylor;;8:59;2;4;0;0;1;2;0;0;0;0;2;0;2;1;5;
Tornike Shengelia;;6:33;2;2;1;1;1;3;0;0;0;0;0;0;0;2;6;
Mirza Teletovic;;6:33;2;4;1;2;0;0;0;5;5;2;1;0;0;1;5;
ORL
Josh McRoberts;F;12:16;1;3;0;1;0;0;0;2;2;0;0;1;0;1;2;
Glen Davis;F;32:28;4;13;0;0;0;0;1;2;3;5;1;0;2;2;8;
Nikola Vucevic;C;31:36;5;10;0;0;0;0;1;4;5;3;0;1;2;4;10;
Arron Afflalo;G;32:21;6;12;0;3;0;0;1;4;5;0;0;0;1;2;12;
E'Twaun Moore;G;40:15;7;15;4;6;0;0;1;3;4;5;0;0;6;3;18;
JJ Redick;;23:27;2;4;0;1;0;0;1;1;2;3;1;0;1;1;4;
Gustavo Ayon;;7:19;0;1;0;0;0;2;0;3;3;1;0;0;0;3;0;
Andrew Nicholson;;14:30;4;4;0;0;2;2;1;2;3;0;0;0;1;2;10;
Ish Smith;;16:45;1;5;0;0;0;0;1;1;2;2;0;0;3;1;2;
Maurice Harkless;;20:57;0;1;0;0;0;2;0;3;3;0;1;2;0;1;0;
Kyle O'Quinn;;8:06;0;2;0;0;2;2;0;3;3;0;0;2;2;2;2;
