12-14;MIL-CLE;90-86;
25-17;27-26;20-24;18-19;
MIL
Marquis Daniels;F;27:54;2;5;1;1;0;0;1;4;5;1;1;1;0;2;5;
Luc Mbah a Moute;F;35:54;4;7;0;0;1;4;3;4;7;6;4;1;3;4;9;
Larry Sanders;C;30:22;4;7;0;0;2;2;5;5;10;2;1;3;2;2;10;
Monta Ellis;G;40:03;12;24;1;4;8;11;0;6;6;4;2;0;6;3;33;
Brandon Jennings;G;42:25;5;20;2;9;4;4;1;0;1;8;3;0;3;1;16;
Ersan Ilyasova;;24:32;4;10;1;1;2;2;4;4;8;2;2;1;2;3;11;
Ekpe Udoh;;17:38;1;3;0;0;1;2;2;1;3;0;2;1;1;1;3;
Doron Lamb;;13:32;0;5;0;0;1;2;0;0;0;0;0;0;0;1;1;
Drew Gooden;;7:40;1;2;0;0;0;0;2;1;3;0;1;0;0;1;2;
CLE
Alonzo Gee;F;36:59;4;8;1;1;0;0;1;3;4;5;1;1;2;3;9;
Tristan Thompson;F;24:51;1;5;0;0;3;4;3;6;9;3;2;0;1;1;5;
Anderson Varejao;C;32:52;4;9;0;0;0;0;6;12;18;4;2;0;3;3;8;
CJ Miles;G;31:44;6;14;3;5;2;2;1;3;4;2;2;0;4;5;17;
Kyrie Irving;G;35:49;9;23;2;5;6;6;1;2;3;3;0;1;6;5;26;
Daniel Gibson;;27:17;4;10;3;7;0;0;1;1;2;0;1;0;4;3;11;
Tyler Zeller;;31:54;2;7;0;0;2;2;0;3;3;1;1;2;4;2;6;
Donald Sloan;;12:11;1;3;0;0;0;0;0;0;0;3;1;0;0;0;2;
Samardo Samuels;;6:23;1;2;0;0;0;0;2;1;3;0;1;0;0;0;2;
