12-22;DET-WAS;96-87;
22-13;32-22;20-29;22-23;
DET
Tayshaun Prince;F;14:09;3;6;0;0;1;2;3;4;7;2;0;0;1;0;7;
Jason Maxiell;F;21:20;5;10;0;0;2;2;1;4;5;0;1;2;2;5;12;
Greg Monroe;C;29:08;6;11;0;0;1;3;3;5;8;0;1;0;2;4;13;
Kyle Singler;G;29:31;1;6;0;3;0;0;1;6;7;0;2;0;2;3;2;
Brandon Knight;G;30:35;3;12;1;4;3;3;1;4;5;4;1;0;2;4;10;
Rodney Stuckey;;34:36;4;12;1;3;9;10;0;2;2;8;0;0;5;0;18;
Andre Drummond;;23:54;2;8;0;0;0;0;4;7;11;1;0;1;1;3;4;
Austin Daye;;22:32;2;6;2;2;0;0;2;3;5;3;0;0;1;2;6;
Charlie Villanueva;;21:38;8;13;3;6;0;0;3;4;7;2;2;0;1;1;19;
Will Bynum;;12:37;2;4;1;1;0;0;1;0;1;2;0;0;0;3;5;
WAS
Martell Webster;F;29:19;1;6;0;3;2;2;0;5;5;2;0;0;0;0;4;
Nene;F;26:26;2;8;0;0;6;6;4;3;7;5;1;0;2;2;10;
Emeka Okafor;C;29:16;5;9;0;0;4;6;3;11;14;0;1;2;4;1;14;
Bradley Beal;G;43:51;7;17;0;5;0;0;1;4;5;4;0;0;0;2;14;
Jordan Crawford;G;37:12;4;13;2;8;11;12;0;1;1;6;3;0;3;4;21;
Kevin Seraphin;;17:55;3;8;0;0;0;2;0;3;3;0;0;0;0;1;6;
Cartier Martin;;21:44;4;9;2;5;0;2;0;3;3;0;1;1;0;1;10;
Jan Vesely;;22:19;2;5;0;0;2;2;2;2;4;0;1;0;1;4;6;
Shaun Livingston;;11:58;1;2;0;0;0;0;0;1;1;3;0;0;1;3;2;
