11-03;TOR-BKN;100-107;
35-27;17-33;26-24;22-23;
TOR
Landry Fields;F;22:00;1;4;0;0;0;0;3;2;5;4;0;0;1;3;2;
Andrea Bargnani;F;34:19;6;12;1;1;0;0;1;2;3;3;0;0;3;2;13;
Jonas Valanciunas;C;12:14;1;4;0;0;0;0;1;2;3;2;0;2;1;3;2;
DeMar DeRozan;G;33:44;8;13;1;2;8;10;0;3;3;1;1;0;0;3;25;
Kyle Lowry;G;39:42;9;19;4;10;6;7;0;8;8;8;3;1;5;5;28;
Amir Johnson;;16:50;5;8;0;0;1;2;3;1;4;0;1;0;1;5;11;
Jose Calderon;;21:06;1;5;0;2;0;0;0;0;0;3;0;0;1;2;2;
Alan Anderson;;12:37;1;4;1;2;0;0;0;0;0;0;0;0;2;2;3;
Ed Davis;;13:39;4;7;0;0;3;4;1;2;3;0;1;1;0;0;11;
Dominic McGuire;;9:18;0;0;0;0;0;0;1;1;2;0;0;1;0;2;0;
Aaron Gray;;18:30;1;2;0;0;1;2;0;4;4;1;1;0;0;4;3;
John Lucas III;;6:01;0;4;0;1;0;0;0;2;2;1;1;0;0;0;0;
BKN
Gerald Wallace;F;29:60;4;8;1;3;1;2;0;6;6;4;2;0;2;3;10;
Kris Humphries;F;22:47;1;5;0;0;3;4;0;5;5;1;0;0;0;1;5;
Brook Lopez;C;31:35;8;17;0;0;11;15;2;3;5;0;1;1;1;2;27;
Joe Johnson;G;39:40;5;13;1;2;3;4;2;3;5;4;1;0;3;2;14;
Deron Williams;G;38:55;6;14;1;5;6;8;0;1;1;9;0;0;4;1;19;
CJ Watson;;27:42;6;9;3;4;0;0;2;0;2;1;1;2;3;0;15;
Andray Blatche;;14:49;3;8;0;1;1;2;1;1;2;0;0;0;1;3;7;
MarShon Brooks;;18:25;3;5;0;0;2;2;0;2;2;1;0;1;1;4;8;
Reggie Evans;;15:41;1;2;0;0;0;0;2;11;13;0;1;1;2;3;2;
Keith Bogans;;0:28;0;0;0;0;0;0;0;0;0;0;0;0;0;0;0;
