12-03;LAC-UTA;105-104;
19-31;32-27;22-25;32-21;
LAC
Caron Butler;F;21:33;2;8;1;4;0;0;0;1;1;1;2;0;0;2;5;
Blake Griffin;F;36:38;14;20;0;1;2;3;1;10;11;1;1;0;0;2;30;
DeAndre Jordan;C;33:16;1;3;0;0;1;2;3;3;6;0;0;2;2;1;3;
Chauncey Billups;G;21:58;2;5;1;2;4;5;0;1;1;1;0;0;2;1;9;
Chris Paul;G;37:24;7;14;0;4;0;0;1;2;3;9;1;0;3;1;14;
Jamal Crawford;;30:23;7;19;2;7;4;4;0;0;0;4;1;0;0;0;20;
Lamar Odom;;17:52;3;5;0;0;1;1;4;2;6;0;1;1;1;1;7;
Matt Barnes;;22:14;2;6;0;2;3;6;1;3;4;2;2;0;0;3;7;
Eric Bledsoe;;10:36;4;9;0;1;2;3;2;1;3;1;1;0;2;2;10;
Ronny Turiaf;;8:06;0;0;0;0;0;0;1;0;1;0;0;0;0;1;0;
UTA
DeMarre Carroll;F;23:11;2;3;1;2;0;0;1;5;6;0;0;0;0;2;5;
Paul Millsap;F;31:11;5;9;0;0;3;5;3;5;8;3;1;1;2;5;13;
Al Jefferson;C;36:27;8;17;0;0;0;0;2;8;10;5;1;2;2;1;16;
Randy Foye;G;36:57;7;11;3;7;2;3;0;2;2;2;2;0;1;5;19;
Mo Williams;G;36:57;7;11;3;7;3;3;1;0;1;12;1;0;4;3;20;
Gordon Hayward;;24:52;6;10;2;4;3;4;0;5;5;0;0;0;2;3;17;
Jeremy Evans;;11:30;3;3;0;0;0;0;1;1;2;1;0;2;0;2;6;
Earl Watson;;11:03;0;1;0;0;0;0;0;1;1;2;1;0;1;2;0;
Alec Burks;;11:03;0;3;0;0;0;0;0;2;2;0;0;0;1;1;0;
Enes Kanter;;16:49;4;6;0;0;0;0;1;3;4;0;0;0;4;2;8;
