11-09;DAL-NYK;94-104;
23-25;34-30;21-29;16-20;
DAL
Elton Brand;F;23:50;2;5;0;0;4;5;1;6;7;0;1;2;1;3;8;
Jae Crowder;F;29:57;3;8;1;4;0;0;0;3;3;1;1;0;4;5;7;
Brandan Wright;C;18:46;4;7;0;0;3;3;1;3;4;0;0;0;0;0;11;
Darren Collison;G;30:06;1;8;0;2;2;2;1;2;3;8;1;0;4;2;4;
O.J. Mayo;G;27:44;7;16;5;10;4;4;1;6;7;3;0;0;8;5;23;
Chris Kaman;;27:38;6;7;0;0;2;2;2;5;7;2;0;0;1;4;14;
Vince Carter;;25:37;6;14;1;5;2;4;1;5;6;0;0;1;0;2;15;
Dahntay Jones;;17:23;1;4;1;3;2;2;0;3;3;0;0;0;1;5;5;
Troy Murphy;;19:19;0;3;0;1;0;0;1;6;7;1;0;0;0;2;0;
Dominique Jones;;3:43;1;2;0;0;0;0;0;0;0;1;0;0;0;0;2;
Rodrigue Beaubois;;14:11;2;7;0;3;1;1;1;2;3;1;1;0;1;0;5;
Bernard James;;0:53;0;0;0;0;0;0;0;0;0;0;0;0;0;0;0;
Jared Cunningham;;0:53;0;0;0;0;0;0;0;0;0;0;0;0;0;0;0;
NYK
Carmelo Anthony;F;34:28;10;22;2;5;9;14;0;7;7;1;0;2;3;5;31;
Ronnie Brewer;F;37:13;4;10;2;4;3;5;4;4;8;2;2;1;0;2;13;
Tyson Chandler;C;30:06;4;8;0;0;3;5;5;4;9;0;1;0;2;3;11;
Raymond Felton;G;37:40;3;11;0;0;2;5;1;3;4;9;2;0;2;3;8;
Jason Kidd;G;15:28;2;3;0;1;2;2;0;1;1;3;3;0;0;1;6;
J.R. Smith;;32:56;8;16;3;3;3;3;0;1;1;0;4;1;0;3;22;
Rasheed Wallace;;17:50;2;6;0;4;2;2;0;6;6;0;0;0;1;2;6;
Steve Novak;;15:57;2;6;1;4;0;0;0;2;2;1;0;0;1;1;5;
Pablo Prigioni;;10:20;0;2;0;1;0;0;0;1;1;1;0;0;0;1;0;
Marcus Camby;;8:02;0;0;0;0;2;2;1;3;4;0;0;0;0;0;2;
