03-09;MIL-GSW;103-93;
24-28;23-20;30-22;26-23;
MIL
Mike Dunleavy;F;31:07;3;8;2;4;1;1;0;8;8;2;0;1;0;2;9;
Luc Mbah a Moute;F;31:24;3;9;1;1;0;0;3;3;6;2;3;0;2;2;7;
Larry Sanders;C;28:23;3;7;0;0;0;0;2;7;9;2;0;3;1;5;6;
Monta Ellis;G;36:11;10;19;2;6;4;6;0;5;5;5;2;0;3;3;26;
Brandon Jennings;G;43:12;10;16;6;11;5;6;0;3;3;10;1;0;5;2;31;
JJ Redick;;31:42;5;11;2;6;3;4;0;2;2;7;0;0;2;3;15;
Ekpe Udoh;;21:28;2;2;0;0;1;2;1;2;3;0;2;1;0;2;5;
Samuel Dalembert;;12:44;2;5;0;0;0;0;0;6;6;0;0;0;1;1;4;
John Henson;;1:27;0;0;0;0;0;0;0;0;0;0;0;0;1;0;0;
Ish Smith;;2:24;0;1;0;0;0;0;0;0;0;1;0;0;0;0;0;
GSW
Harrison Barnes;F;21:43;3;6;1;1;3;6;1;4;5;1;1;0;1;1;10;
Carl Landry;F;29:09;7;10;0;0;4;4;3;7;10;0;0;0;2;1;18;
Andrew Bogut;C;29:27;2;5;0;0;0;0;2;7;9;4;0;1;3;4;4;
Klay Thompson;G;39:07;7;17;2;5;2;2;0;3;3;2;1;0;1;2;18;
Stephen Curry;G;39:14;7;18;2;6;0;0;1;1;2;10;0;0;4;4;16;
Draymond Green;;24:35;4;7;1;2;0;0;2;3;5;0;0;0;2;6;9;
Jarrett Jack;;26:39;4;11;0;0;3;4;0;2;2;4;1;0;1;0;11;
Festus Ezeli;;10:33;1;3;0;0;1;4;3;2;5;0;0;0;0;0;3;
Richard Jefferson;;11:36;1;4;0;1;0;0;0;4;4;0;0;0;2;2;2;
Malcolm Thomas;;3:06;0;0;0;0;0;0;0;2;2;0;0;0;0;0;0;
Kent Bazemore;;4:51;1;1;0;0;0;0;0;0;0;0;1;0;1;1;2;
