11-18;BOS-DET;83-103;
25-23;18-25;14-23;26-32;
BOS
Paul Pierce;F;29:34;5;13;1;5;2;2;0;4;4;0;1;0;3;3;13;
Brandon Bass;F;17:08;3;9;0;0;0;0;0;2;2;0;0;0;0;4;6;
Kevin Garnett;C;20:28;6;9;0;0;3;5;1;3;4;0;0;0;3;0;15;
Jason Terry;G;29:33;1;6;0;4;3;4;0;3;3;0;1;0;0;1;5;
Rajon Rondo;G;38:28;5;7;2;3;0;0;1;2;3;10;1;0;6;3;12;
Chris Wilcox;;20:25;1;2;0;0;0;0;2;3;5;0;1;0;0;3;2;
Jared Sullinger;;27:08;7;12;0;0;2;2;2;3;5;0;0;0;2;3;16;
Courtney Lee;;19:53;1;2;1;2;0;0;0;1;1;0;1;0;2;2;3;
Jeff Green;;22:10;2;5;0;2;2;2;1;1;2;1;0;0;1;2;6;
Leandro Barbosa;;15:13;1;6;0;1;3;4;0;1;1;1;2;0;0;0;5;
DET
Tayshaun Prince;F;32:51;5;11;0;1;0;0;0;4;4;2;1;0;1;0;10;
Jason Maxiell;F;29:51;5;10;0;0;5;6;2;4;6;1;1;1;3;2;15;
Greg Monroe;C;31:34;8;11;0;0;4;5;1;12;13;3;2;0;3;2;20;
Kyle Singler;G;24:26;6;9;1;1;1;2;0;2;2;2;0;0;2;5;14;
Brandon Knight;G;24:25;2;3;1;2;1;2;0;1;1;1;1;0;5;2;6;
Will Bynum;;21:18;3;6;1;1;0;0;0;0;0;5;2;0;0;2;7;
Rodney Stuckey;;30:36;4;10;0;2;6;6;2;3;5;5;0;0;0;0;14;
Corey Maggette;;13:31;3;6;1;2;4;4;0;1;1;2;0;0;1;3;11;
Jonas Jerebko;;10:13;1;2;0;1;0;0;0;1;1;0;0;0;1;2;2;
Andre Drummond;;17:59;2;3;0;0;0;0;2;4;6;0;1;0;0;3;4;
Khris Middleton;;1:38;0;0;0;0;0;1;0;0;0;2;0;0;0;1;0;
Austin Daye;;1:38;0;1;0;1;0;0;0;0;0;0;0;0;0;0;0;
