11-07;TOR-DAL;104-109;
24-36;26-25;24-21;30-27;
TOR
Landry Fields;F;19:11;1;4;0;0;0;0;0;4;4;1;0;0;1;1;2;
Andrea Bargnani;F;38:42;9;20;0;5;7;7;2;7;9;3;2;0;0;1;25;
Jonas Valanciunas;C;10:29;2;4;0;0;0;0;2;0;2;0;0;0;2;5;4;
DeMar DeRozan;G;40:22;8;17;0;3;8;10;0;6;6;7;0;0;1;2;24;
Jose Calderon;G;33:10;4;10;3;5;0;0;0;0;0;6;1;0;0;2;11;
Alan Anderson;;16:05;3;9;2;6;5;5;0;0;0;0;1;0;0;2;13;
Amir Johnson;;28:51;6;7;0;0;6;7;6;5;11;3;1;1;1;5;18;
Ed Davis;;5:09;0;0;0;0;1;2;0;1;1;0;0;0;0;0;1;
John Lucas III;;14:50;0;3;0;1;0;0;0;2;2;1;0;0;0;1;0;
Terrence Ross;;7:47;1;3;0;2;0;0;0;0;0;0;0;0;0;2;2;
Aaron Gray;;8:40;1;2;0;0;0;0;0;1;1;0;1;0;2;2;2;
Quincy Acy;;4:09;0;1;0;0;0;0;0;0;0;0;0;0;0;1;0;
Dominic McGuire;;12:35;1;1;0;0;0;0;0;2;2;0;1;0;1;4;2;
DAL
Jae Crowder;F;27:14;3;4;2;3;0;0;0;4;4;1;0;0;0;2;8;
Brandan Wright;F;28:15;5;9;0;0;2;3;3;4;7;0;0;2;1;1;12;
Chris Kaman;C;32:60;8;15;0;0;6;8;2;6;8;3;0;1;2;4;22;
O.J. Mayo;G;38:04;8;17;3;6;3;6;0;5;5;6;1;0;0;1;22;
Darren Collison;G;35:18;5;13;0;2;5;6;0;2;2;2;1;0;0;0;15;
Troy Murphy;;15:26;2;6;1;4;0;0;2;0;2;0;1;1;1;2;5;
Vince Carter;;25:57;6;14;2;6;3;4;2;3;5;3;1;2;4;4;17;
Dahntay Jones;;5:36;0;0;0;0;1;2;2;0;2;1;0;0;0;1;1;
Bernard James;;18:28;2;4;0;0;2;2;4;5;9;0;0;0;1;4;6;
Dominique Jones;;12:42;0;2;0;0;1;4;1;2;3;5;0;0;2;4;1;
