01-12;HOU-PHI;100-107;
25-29;25-29;26-27;24-22;
HOU
Chandler Parsons;F;40:14;9;18;1;7;4;4;2;7;9;4;0;0;6;3;23;
Marcus Morris;F;20:54;2;6;0;2;0;2;1;1;2;0;0;0;1;1;4;
Omer Asik;C;39:16;6;7;0;0;4;4;2;8;10;2;0;0;2;3;16;
James Harden;G;44:54;10;19;2;9;7;8;1;8;9;6;2;0;4;3;29;
Jeremy Lin;G;37:54;2;13;0;3;3;4;2;2;4;5;3;0;1;3;7;
Toney Douglas;;13:36;1;6;0;2;0;0;1;1;2;1;0;0;0;2;2;
Patrick Patterson;;11:42;1;4;1;2;0;0;0;0;0;0;0;0;0;2;3;
Carlos Delfino;;27:06;6;11;4;7;0;0;0;3;3;3;1;0;2;1;16;
Greg Smith;;4:25;0;0;0;0;0;0;0;3;3;0;0;0;0;0;0;
PHI
Evan Turner;F;33:56;6;10;0;1;0;0;0;7;7;6;0;0;2;1;12;
Thaddeus Young;F;36:16;8;14;0;0;2;4;3;9;12;3;2;0;1;3;18;
Lavoy Allen;C;20:48;1;6;0;0;1;2;2;2;4;1;0;0;0;3;3;
Jason Richardson;G;32:30;7;15;2;7;0;0;1;3;4;1;0;0;0;2;16;
Jrue Holiday;G;38:53;11;22;1;3;7;7;1;2;3;9;4;1;6;1;30;
Spencer Hawes;;26:13;5;9;0;1;0;0;0;8;8;3;1;3;1;4;10;
Dorell Wright;;25:32;3;6;2;5;0;0;1;4;5;3;1;1;0;0;8;
Damien Wilkins;;10:59;1;3;0;0;5;6;0;0;0;0;0;0;1;1;7;
Royal Ivey;;14:53;1;2;1;1;0;0;0;0;0;0;0;0;0;3;3;
