12-11;NYK-BKN;100-97;
16-30;33-23;25-26;26-18;
NYK
Ronnie Brewer;F;12:24;0;4;0;2;0;0;0;0;0;1;1;0;0;0;0;
Carmelo Anthony;F;44:00;15;24;5;7;10;11;3;2;5;3;0;0;2;3;45;
Tyson Chandler;C;31:00;2;5;0;0;1;2;3;4;7;0;1;0;0;4;5;
Jason Kidd;G;37:09;6;9;6;8;0;1;2;4;6;6;1;0;0;0;18;
Raymond Felton;G;31:56;3;12;1;3;1;2;0;1;1;7;1;0;7;5;8;
J.R. Smith;;31:59;7;15;0;4;2;2;0;4;4;1;0;0;1;3;16;
James White;;6:11;0;0;0;0;0;0;0;1;1;0;0;0;0;2;0;
Rasheed Wallace;;14:13;3;7;2;2;0;0;1;4;5;1;1;2;0;3;8;
Pablo Prigioni;;9:36;0;1;0;1;0;0;1;2;3;1;0;0;0;1;0;
Steve Novak;;21:32;0;1;0;1;0;0;0;3;3;0;0;0;0;0;0;
BKN
Gerald Wallace;F;42:58;5;8;0;2;7;8;1;3;4;4;1;0;3;4;17;
Reggie Evans;F;32:30;2;4;0;0;1;3;2;16;18;0;1;1;3;2;5;
Andray Blatche;C;29:29;9;13;0;1;5;6;0;4;4;0;2;0;2;4;23;
Joe Johnson;G;40:12;7;14;2;6;0;0;1;4;5;4;0;2;0;2;16;
Deron Williams;G;39:04;6;16;1;6;5;6;0;2;2;10;1;0;1;5;18;
Jerry Stackhouse;;21:15;0;1;0;0;0;0;1;0;1;0;0;0;2;1;0;
MarShon Brooks;;12:40;4;7;0;2;1;1;0;0;0;2;0;0;0;1;9;
CJ Watson;;13:37;3;5;1;1;0;0;1;0;1;1;0;0;0;0;7;
Kris Humphries;;8:15;0;0;0;0;2;4;1;1;2;0;0;0;0;2;2;
