03-19;ORL-IND;73-95;
12-19;17-23;26-27;18-26;
ORL
Maurice Harkless;F;31:09;4;12;1;2;1;2;4;4;8;0;4;1;0;3;10;
Tobias Harris;F;32:22;3;13;0;4;0;2;3;6;9;2;0;2;1;4;6;
Nikola Vucevic;C;30:31;4;12;0;0;1;4;2;9;11;1;1;0;2;4;9;
Arron Afflalo;G;32:49;3;13;0;2;4;4;0;3;3;3;0;1;2;2;10;
Jameer Nelson;G;32:51;2;13;2;5;2;2;0;1;1;1;0;0;2;2;8;
Kyle O'Quinn;;17:29;0;2;0;0;2;2;1;4;5;0;1;1;0;3;2;
E'Twaun Moore;;18:35;4;7;0;2;0;0;0;1;1;2;1;0;1;0;8;
Andrew Nicholson;;15:38;4;8;0;0;0;0;0;2;2;1;0;2;1;2;8;
Beno Udrih;;16:30;3;6;0;0;3;4;0;2;2;1;0;0;1;1;9;
DeQuan Jones;;6:40;1;1;0;0;1;1;0;0;0;0;0;0;0;1;3;
Doron Lamb;;5:26;0;1;0;0;0;0;0;0;0;1;0;0;0;0;0;
IND
Paul George;F;28:26;7;14;1;3;4;4;0;5;5;2;0;1;2;2;19;
Tyler Hansbrough;F;27:24;4;14;0;0;6;7;9;5;14;1;1;1;1;3;14;
Roy Hibbert;C;24:02;3;8;0;0;3;3;1;4;5;1;0;1;1;4;9;
Lance Stephenson;G;25:34;1;5;0;3;2;2;0;3;3;3;1;1;3;2;4;
George Hill;G;31:12;6;11;2;4;0;0;2;5;7;2;0;0;2;1;14;
Orlando Johnson;;18:23;2;5;0;3;0;0;0;8;8;5;0;1;0;1;4;
Jeff Ayres;;20:36;2;6;0;0;0;0;1;4;5;0;2;0;3;1;4;
D.J. Augustin;;12:43;0;3;0;3;0;0;0;1;1;1;0;0;1;2;0;
Ian Mahinmi;;19:07;3;5;0;0;3;4;1;3;4;0;0;1;1;2;9;
Gerald Green;;19:34;6;13;3;6;0;0;0;8;8;2;0;0;1;1;15;
Ben Hansbrough;;4:28;0;1;0;1;2;2;0;0;0;1;0;0;0;2;2;
Miles Plumlee;;4:28;0;2;0;0;1;2;1;2;3;0;0;0;0;0;1;
Sam Young;;4:03;0;0;0;0;0;0;0;0;0;0;0;0;0;0;0;
