11-17;MEM-CHA;94-87;
25-19;22-19;28-22;19-27;
MEM
Rudy Gay;F;28:15;7;16;1;4;1;1;2;2;4;2;3;1;1;6;16;
Zach Randolph;F;40:11;7;15;0;0;4;5;4;8;12;0;0;1;2;1;18;
Marc Gasol;C;35:01;3;7;0;0;6;6;3;6;9;7;0;2;0;4;12;
Tony Allen;G;28:10;3;10;0;0;6;7;0;3;3;1;3;0;0;2;12;
Mike Conley;G;31:49;7;12;1;3;5;6;0;4;4;2;4;0;4;2;20;
Quincy Pondexter;;22:46;1;3;0;2;0;0;0;3;3;1;0;0;1;2;2;
Marreese Speights;;20:35;1;7;0;0;7;8;3;3;6;0;0;0;4;3;9;
Jerryd Bayless;;21:44;2;5;0;1;1;1;0;2;2;3;0;3;2;2;5;
Wayne Ellington;;11:29;0;5;0;4;0;0;0;1;1;1;0;0;0;1;0;
CHA
Michael Kidd-Gilchrist;F;21:43;3;4;0;0;6;10;4;4;8;1;1;1;3;5;12;
Byron Mullens;F;33:30;7;21;2;4;2;3;2;7;9;1;1;0;2;5;18;
Brendan Haywood;C;19:35;2;4;0;0;1;1;1;3;4;1;0;0;0;1;5;
Jeff Taylor;G;12:12;1;2;0;0;2;2;0;1;1;0;0;0;0;0;4;
Kemba Walker;G;42:09;6;17;0;1;5;6;1;4;5;8;0;1;4;3;17;
Ben Gordon;;29:13;4;10;2;5;0;0;1;2;3;3;2;0;4;2;10;
Tyrus Thomas;;14:30;0;6;0;0;0;0;1;0;1;1;0;1;0;2;0;
Bismack Biyombo;;25:59;2;6;0;0;0;0;3;4;7;0;1;1;0;6;4;
Ramon Sessions;;25:09;6;11;0;2;0;0;0;4;4;2;1;0;2;1;12;
Reggie Williams;;6:14;0;2;0;1;0;0;0;0;0;0;1;0;1;0;0;
Hakim Warrick;;9:46;1;2;0;0;3;6;2;2;4;0;0;1;0;0;5;
