12-29;MIA-MIL;85-104;
20-25;24-31;27-13;14-35;
MIA
LeBron James;F;36:29;11;20;1;2;3;5;1;5;6;7;2;1;6;2;26;
Shane Battier;F;28:19;1;4;1;3;0;0;1;3;4;0;0;2;0;2;3;
Chris Bosh;C;34:01;5;14;0;0;2;2;8;8;16;2;0;0;2;2;12;
Dwyane Wade;G;34:49;10;19;0;0;4;7;1;5;6;4;0;0;3;1;24;
Mario Chalmers;G;28:08;1;5;1;3;2;4;0;2;2;3;1;0;2;3;5;
Joel Anthony;;7:43;0;0;0;0;0;0;0;2;2;0;0;0;0;0;0;
Ray Allen;;19:53;1;6;0;1;0;0;0;5;5;1;0;1;2;2;2;
Mike Miller;;6:33;1;1;1;1;0;0;0;2;2;0;0;0;0;1;3;
Norris Cole;;19:52;1;2;0;0;0;0;1;3;4;0;0;0;3;1;2;
Josh Harrellson;;17:47;2;5;0;3;1;2;1;1;2;0;0;1;1;3;5;
James Jones;;3:13;0;0;0;0;0;0;0;0;0;0;0;0;0;0;0;
Terrel Harris;;3:13;0;0;0;0;3;4;0;2;2;1;0;0;1;0;3;
MIL
Marquis Daniels;F;24:42;1;9;0;1;0;0;0;4;4;0;2;0;0;2;2;
Luc Mbah a Moute;F;33:08;8;15;1;1;2;3;3;4;7;1;1;2;3;4;19;
Larry Sanders;C;32:09;8;11;0;0;0;0;2;9;11;1;0;4;0;2;16;
Monta Ellis;G;35:40;6;18;2;4;0;0;0;3;3;9;5;0;1;3;14;
Brandon Jennings;G;41:36;8;16;2;7;7;7;1;1;2;7;4;0;0;2;25;
Mike Dunleavy;;26:27;5;12;3;7;5;5;1;8;9;6;3;0;1;1;18;
Ekpe Udoh;;13:35;0;3;0;0;0;0;3;1;4;1;0;2;0;2;0;
Ersan Ilyasova;;13:59;2;7;0;0;2;2;3;1;4;0;0;0;0;1;6;
Beno Udrih;;12:42;1;3;0;1;0;0;0;0;0;4;1;0;0;1;2;
John Henson;;3:01;1;4;0;0;0;0;1;0;1;0;0;0;0;1;2;
Tobias Harris;;3:01;0;0;0;0;0;0;0;0;0;0;1;0;0;0;0;
