11-21;NOH-IND;107-115;
29-21;18-22;27-32;23-22;10-18;
NOH
Al-Farouq Aminu;F;45:57;6;9;0;1;2;3;3;7;10;2;1;0;3;2;14;
Ryan Anderson;F;41:06;6;11;5;5;0;0;1;6;7;2;0;2;0;6;17;
Robin Lopez;C;33:27;3;17;0;0;15;17;7;6;13;1;2;4;2;3;21;
Greivis Vasquez;G;41:28;7;15;0;2;0;0;1;4;5;8;0;0;3;4;14;
Austin Rivers;G;32:04;3;9;0;0;0;0;0;4;4;4;0;0;1;1;6;
Jason Smith;;26:16;8;21;0;0;2;2;4;3;7;0;0;1;0;5;18;
Lance Thomas;;5:11;1;1;0;0;3;4;0;0;0;0;0;0;0;2;5;
Darius Miller;;7:03;0;0;0;0;0;0;0;1;1;0;0;0;0;2;0;
Brian Roberts;;13:52;3;6;0;0;0;0;0;1;1;0;0;0;0;1;6;
Roger Mason Jr.;;18:36;2;3;1;2;1;1;0;0;0;0;0;0;0;0;6;
IND
Paul George;F;34:06;13;21;9;13;2;3;1;3;4;4;1;0;0;4;37;
David West;F;41:32;8;16;0;0;0;0;2;5;7;5;1;2;3;2;16;
Roy Hibbert;C;36:27;3;12;0;0;4;6;5;6;11;1;2;11;0;6;10;
Lance Stephenson;G;36:32;5;9;2;3;0;0;1;4;5;5;0;0;2;3;12;
George Hill;G;37:09;5;12;3;4;3;4;1;5;6;7;1;1;0;1;16;
Sam Young;;15:32;1;7;0;3;1;1;3;2;5;1;0;0;2;3;3;
Gerald Green;;17:27;2;5;1;3;0;0;0;3;3;0;0;0;0;1;5;
Tyler Hansbrough;;16:43;1;5;0;0;9;10;1;2;3;0;0;0;0;1;11;
Ian Mahinmi;;11:17;1;3;0;0;0;2;2;2;4;0;0;2;0;2;2;
D.J. Augustin;;18:14;1;2;0;1;1;2;1;0;1;3;1;0;1;1;3;
