11-24;CHA-WAS;108-106;
25-24;25-27;22-21;20-20;7-7;9-7;
CHA
Michael Kidd-Gilchrist;F;24:24;5;10;0;0;0;0;0;8;8;3;2;0;1;6;10;
Byron Mullens;F;40:49;9;14;5;10;4;5;0;7;7;2;1;2;2;4;27;
Brendan Haywood;C;31:55;1;2;0;0;0;0;0;4;4;2;0;2;3;4;2;
Jeff Taylor;G;36:30;3;6;2;3;4;6;1;2;3;0;2;0;3;6;12;
Kemba Walker;G;41:52;3;15;0;3;3;4;2;3;5;7;2;0;2;1;9;
Ben Gordon;;30:29;6;13;4;6;3;4;0;2;2;2;1;0;2;5;19;
Ramon Sessions;;35:55;5;11;0;1;8;9;0;3;3;3;4;0;2;1;18;
DeSagana Diop;;9:23;0;0;0;0;0;0;0;0;0;0;0;1;1;2;0;
Hakim Warrick;;10:27;0;2;0;0;2;2;0;2;2;0;0;0;1;1;2;
Reggie Williams;;3:15;0;2;0;1;0;0;0;0;0;0;0;0;0;1;0;
WAS
Bradley Beal;F;34:34;2;9;2;6;4;4;2;6;8;5;0;2;1;1;10;
Jan Vesely;F;10:00;1;1;0;0;0;1;0;0;0;0;1;0;1;0;2;
Kevin Seraphin;C;22:23;3;10;0;0;0;0;2;3;5;0;0;1;3;1;6;
Jordan Crawford;G;30:00;4;13;0;3;0;0;1;2;3;5;1;0;4;3;8;
Shaun Livingston;G;22:01;3;4;0;0;2;2;1;3;4;0;1;0;3;2;8;
Trevor Ariza;;22:09;0;3;0;3;2;2;0;1;1;3;0;0;2;3;2;
Chris Singleton;;27:52;3;10;0;0;6;8;6;6;12;1;4;0;0;4;12;
A.J. Price;;20:26;1;5;0;3;0;0;0;1;1;0;0;0;2;2;2;
Nene;;24:12;7;11;0;0;3;4;2;3;5;3;2;0;0;2;17;
Martell Webster;;30:06;4;9;3;7;10;12;0;3;3;3;2;1;0;3;21;
Emeka Okafor;;21:17;4;9;0;0;3;3;3;4;7;0;0;1;2;3;11;
