10-30;BOS-MIA;107-120;
25-31;29-31;22-31;31-27;
BOS
Paul Pierce;F;40:34;6;15;2;4;9;9;0;5;5;5;2;0;0;3;23;
Brandon Bass;F;28:19;6;11;0;0;3;4;6;5;11;1;0;0;1;2;15;
Kevin Garnett;C;31:43;4;8;0;0;1;1;1;11;12;2;0;2;5;4;9;
Courtney Lee;G;23:60;5;6;1;1;0;0;0;1;1;1;0;0;1;5;11;
Rajon Rondo;G;43:33;9;14;0;2;2;4;0;7;7;13;0;0;4;4;20;
Jared Sullinger;;8:06;1;2;0;0;0;0;0;1;1;0;0;0;0;1;2;
Jason Terry;;24:51;2;7;0;3;4;4;0;0;0;1;1;0;3;3;8;
Jeff Green;;23:04;0;4;0;0;3;4;0;3;3;0;1;0;1;0;3;
Leandro Barbosa;;15:50;6;8;3;3;1;2;0;1;1;1;0;0;0;1;16;
MIA
LeBron James;F;28:52;10;16;2;4;4;5;1;9;10;3;2;0;0;2;26;
Shane Battier;F;29:05;2;4;2;3;0;0;0;2;2;1;1;0;0;3;6;
Chris Bosh;C;36:57;8;15;0;1;3;4;2;8;10;1;0;3;1;3;19;
Dwyane Wade;G;35:07;10;22;0;0;9;11;2;1;3;4;2;1;4;3;29;
Mario Chalmers;G;36:29;3;7;0;1;2;2;0;1;1;11;3;0;1;3;8;
Ray Allen;;30:35;5;7;2;3;7;8;0;2;2;2;0;0;0;1;19;
Udonis Haslem;;11:03;0;1;0;0;0;0;0;3;3;0;0;0;1;1;0;
Rashard Lewis;;18:55;4;5;1;2;1;2;0;5;5;1;0;1;0;1;10;
Norris Cole;;6:21;1;2;1;2;0;0;0;0;0;1;0;0;1;2;3;
Mike Miller;;6:36;0;0;0;0;0;0;0;0;0;1;0;0;0;1;0;
