12-21;MIL-BOS;99-94;
17-25;26-21;19-24;26-18;11-6;
MIL
Marquis Daniels;F;19:11;0;5;0;1;0;0;0;2;2;1;1;0;1;0;0;
Luc Mbah a Moute;F;40:02;8;15;0;0;4;10;5;1;6;2;0;0;5;2;20;
Larry Sanders;C;39:10;8;10;0;0;1;3;2;18;20;3;2;2;1;4;17;
Monta Ellis;G;41:07;9;21;0;1;9;11;1;6;7;5;0;0;4;1;27;
Brandon Jennings;G;48:00;4;11;2;5;2;4;4;7;11;8;2;0;7;1;12;
Ekpe Udoh;;26:24;1;3;0;1;1;2;0;3;3;1;2;0;0;0;3;
Mike Dunleavy;;18:26;2;7;1;4;4;4;1;2;3;0;0;1;0;2;9;
Ersan Ilyasova;;26:21;3;7;1;3;1;2;2;3;5;2;1;0;1;4;8;
Doron Lamb;;6:20;1;4;1;1;0;0;0;0;0;0;0;0;2;1;3;
BOS
Paul Pierce;F;42:40;13;23;3;7;6;8;2;10;12;5;3;0;6;4;35;
Kevin Garnett;F;37:45;6;22;0;1;0;0;3;4;7;1;2;0;2;0;12;
Jason Collins;C;15:08;0;0;0;0;2;3;0;2;2;0;0;1;1;4;2;
Jason Terry;G;31:53;1;15;1;9;1;1;0;0;0;1;0;0;0;0;4;
Rajon Rondo;G;45:20;3;8;0;1;0;0;2;3;5;11;4;1;2;0;6;
Brandon Bass;;22:35;2;6;0;0;2;2;2;4;6;1;1;1;0;2;6;
Jared Sullinger;;14:21;2;2;0;0;0;0;2;5;7;2;0;0;1;6;4;
Jeff Green;;28:20;4;9;0;3;6;6;1;2;3;2;4;2;1;3;14;
Courtney Lee;;26:58;5;9;1;3;0;0;0;2;2;0;2;0;1;3;11;
