03-03;DAL-HOU;103-136;
33-31;28-33;17-44;25-28;
DAL
Shawn Marion;F;24:50;6;13;1;3;1;2;3;5;8;3;1;0;2;3;14;
Dirk Nowitzki;F;26:35;2;8;0;0;4;4;2;2;4;4;1;1;3;2;8;
Chris Kaman;C;12:45;3;5;0;0;0;0;1;1;2;0;0;1;2;2;6;
O.J. Mayo;G;25:55;6;9;3;3;3;4;0;1;1;4;1;0;0;5;18;
Darren Collison;G;18:13;2;3;1;2;0;0;0;1;1;1;0;0;1;3;5;
Vince Carter;;21:39;4;8;2;5;2;2;0;4;4;1;0;1;3;3;12;
Jae Crowder;;24:49;3;9;2;4;0;2;0;1;1;2;1;0;0;0;8;
Elton Brand;;17:12;0;2;0;0;0;2;0;4;4;1;0;0;2;4;0;
Mike James;;18:09;4;8;3;5;0;0;1;0;1;2;1;0;2;3;11;
Dominique Jones;;9:43;1;1;0;0;0;0;0;0;0;0;0;0;1;1;2;
Brandan Wright;;17:41;5;8;0;1;2;4;2;1;3;1;1;0;0;3;12;
Rodrigue Beaubois;;13:55;2;6;0;4;3;4;0;3;3;0;2;0;2;0;7;
Bernard James;;8:34;0;0;0;0;0;0;0;0;0;0;0;0;0;4;0;
HOU
Chandler Parsons;F;29:52;12;13;6;7;2;2;1;2;3;2;0;0;2;3;32;
Donatas Motiejunas;F;29:50;3;6;1;3;1;3;3;5;8;4;1;0;3;2;8;
Omer Asik;C;26:05;4;6;0;0;2;4;0;10;10;0;3;0;0;0;10;
James Harden;G;30:21;5;10;4;8;7;9;0;4;4;7;1;0;0;1;21;
Jeremy Lin;G;24:34;8;14;1;4;4;5;0;0;0;9;2;0;2;2;21;
Carlos Delfino;;17:21;1;7;0;5;1;1;0;1;1;2;0;0;1;0;3;
Patrick Beverley;;23:26;2;5;0;1;5;6;4;3;7;3;1;0;2;3;9;
Thomas Robinson;;17:47;3;4;0;0;4;6;1;7;8;1;3;0;1;4;10;
Francisco Garcia;;18:21;3;7;2;4;0;0;0;0;0;0;0;0;0;4;8;
James Anderson;;8:34;1;3;0;2;1;1;0;1;1;1;1;0;0;0;3;
Greg Smith;;8:12;3;3;0;0;2;2;1;2;3;0;0;0;1;1;8;
Tim Ohlbrecht;;5:37;1;2;0;0;1;1;0;0;0;1;1;0;1;1;3;
