02-06;MEM-ATL;92-103;
22-26;26-32;14-22;30-23;
MEM
Tayshaun Prince;F;29:55;3;9;0;0;0;2;0;2;2;2;0;0;0;1;6;
Zach Randolph;F;35:46;10;18;0;1;0;1;2;5;7;2;0;1;0;0;20;
Marc Gasol;C;34:49;4;13;0;0;6;8;5;5;10;4;3;0;1;5;14;
Tony Allen;G;27:20;3;6;0;0;0;0;1;4;5;1;0;0;2;3;6;
Mike Conley;G;33:40;6;12;2;5;3;3;0;1;1;8;1;0;2;0;17;
Jerryd Bayless;;24:39;6;9;1;1;2;2;0;4;4;5;0;0;1;4;15;
Austin Daye;;14:20;1;4;1;3;0;0;0;1;1;2;1;0;0;1;3;
Chris Johnson;;5:29;0;0;0;0;0;0;0;2;2;0;0;0;0;0;0;
Darrell Arthur;;15:35;1;6;0;0;0;0;0;0;0;1;1;1;0;1;2;
Ed Davis;;9:28;1;1;0;0;0;0;1;5;6;0;0;1;1;3;2;
Tony Wroten;;8:37;2;5;1;2;0;0;0;0;0;3;0;1;1;1;5;
Jon Leuer;;0:22;1;1;0;0;0;0;0;0;0;0;0;0;0;0;2;
ATL
Anthony Tolliver;F;28:23;3;9;2;5;0;0;1;6;7;0;0;1;1;0;8;
Josh Smith;F;41:45;7;13;1;2;4;6;1;10;11;6;1;3;1;1;19;
Al Horford;C;35:54;8;13;0;0;1;2;1;10;11;3;1;0;2;3;17;
Kyle Korver;G;35:56;5;8;2;5;0;0;0;6;6;2;1;1;1;4;12;
Jeff Teague;G;35:30;7;10;2;3;6;6;0;2;2;13;0;0;3;1;22;
Devin Harris;;16:43;2;4;0;2;4;5;0;1;1;3;0;0;1;1;8;
John Jenkins;;22:41;3;9;3;6;0;0;1;4;5;1;0;0;0;0;9;
Johan Petro;;5:46;1;1;0;0;0;0;0;0;0;0;0;0;0;3;2;
Ivan Johnson;;12:05;2;5;0;1;2;4;1;1;2;0;1;0;3;2;6;
Mike Scott;;5:17;0;2;0;0;0;0;1;0;1;0;0;0;1;1;0;
