01-05;HOU-CLE;112-104;
20-26;34-24;24-28;34-26;
HOU
Chandler Parsons;F;25:57;1;8;1;5;2;2;1;4;5;3;0;0;3;0;5;
Marcus Morris;F;21:46;4;8;1;4;2;2;2;3;5;3;1;0;1;0;11;
Omer Asik;C;21:18;2;4;0;0;2;4;3;3;6;1;0;2;0;4;6;
James Harden;G;37:56;6;17;3;9;14;15;0;2;2;3;7;1;5;3;29;
Jeremy Lin;G;38:13;7;13;3;5;3;5;0;4;4;5;1;0;4;5;20;
Greg Smith;;26:12;5;5;0;0;1;5;4;7;11;2;1;0;0;5;11;
Patrick Patterson;;26:14;7;13;1;4;0;0;1;5;6;2;0;1;1;3;15;
Carlos Delfino;;27:34;3;6;2;5;1;1;0;3;3;2;1;0;2;2;9;
Toney Douglas;;14:50;2;5;1;2;1;2;1;0;1;2;0;0;1;1;6;
CLE
Alonzo Gee;F;31:30;6;12;2;4;4;4;1;5;6;1;1;0;1;6;18;
Tristan Thompson;F;37:07;5;11;0;0;4;6;8;8;16;2;1;1;1;3;14;
Tyler Zeller;C;37:04;4;9;0;0;4;4;1;4;5;5;3;1;0;3;12;
CJ Miles;G;25:52;4;14;1;6;0;0;1;2;3;1;1;0;0;4;9;
Kyrie Irving;G;41:08;10;24;3;8;7;8;1;3;4;6;4;0;8;2;30;
Dion Waiters;;28:50;4;13;1;5;4;4;1;4;5;1;0;0;3;2;13;
Luke Walton;;9:36;1;3;0;0;0;0;2;0;2;1;0;0;0;1;2;
Shaun Livingston;;16:40;0;3;0;0;0;0;0;0;0;3;1;1;0;3;0;
Kevin Jones;;12:13;2;2;0;0;2;2;2;1;3;0;0;0;0;1;6;
