02-27;DAL-MEM;84-90;
38-19;17-23;5-24;24-24;
DAL
Shawn Marion;F;29:22;8;12;0;1;0;0;3;5;8;0;1;1;4;4;16;
Dirk Nowitzki;F;33:04;4;11;0;1;2;2;0;4;4;2;0;3;1;3;10;
Chris Kaman;C;21:53;3;5;0;0;0;0;0;4;4;3;0;2;0;0;6;
O.J. Mayo;G;40:11;5;13;0;0;1;2;0;2;2;2;0;1;5;2;11;
Darren Collison;G;26:32;1;5;1;2;5;6;1;4;5;6;2;0;4;0;8;
Vince Carter;;27:15;3;8;0;2;0;2;0;2;2;3;0;0;3;4;6;
Elton Brand;;25:45;4;7;0;0;4;4;1;5;6;0;1;2;3;5;12;
Mike James;;21:22;2;10;0;3;2;2;0;0;0;3;4;0;1;2;6;
Jae Crowder;;14:07;3;5;2;3;1;1;1;3;4;1;1;0;0;3;9;
Brandan Wright;;0:14;0;0;0;0;0;0;0;0;0;0;0;0;0;0;0;
Anthony Morrow;;0:16;0;0;0;0;0;0;0;0;0;0;0;0;0;0;0;
MEM
Tayshaun Prince;F;26:12;2;8;0;1;0;0;1;7;8;0;0;0;1;3;4;
Zach Randolph;F;38:26;7;16;0;1;8;10;2;8;10;4;3;0;3;2;22;
Marc Gasol;C;38:26;6;14;0;0;9;11;6;6;12;5;1;0;4;5;21;
Tony Allen;G;25:13;2;7;0;0;5;6;1;2;3;1;2;0;1;4;9;
Mike Conley;G;36:36;2;13;0;4;1;1;0;4;4;6;3;0;4;1;5;
Quincy Pondexter;;26:18;3;4;2;3;4;4;0;1;1;2;0;0;0;1;12;
Darrell Arthur;;14:11;2;5;0;0;0;0;0;1;1;0;1;1;1;1;4;
Jerryd Bayless;;13:50;1;3;1;1;0;0;0;2;2;2;1;0;1;2;3;
Austin Daye;;15:51;4;8;2;4;0;0;1;3;4;1;0;1;0;3;10;
Ed Davis;;4:57;0;0;0;0;0;2;0;1;1;0;0;0;0;1;0;
