02-20;MEM-TOR;88-82;
19-14;24-18;23-25;22-25;
MEM
Tayshaun Prince;F;31:28;5;10;1;2;0;0;1;1;2;1;0;0;0;4;11;
Zach Randolph;F;33:14;4;17;0;0;9;14;7;11;18;3;0;0;1;3;17;
Marc Gasol;C;34:13;2;12;0;0;1;2;0;3;3;4;0;4;2;4;5;
Tony Allen;G;34:53;3;8;0;0;6;7;3;5;8;1;3;1;1;3;12;
Mike Conley;G;41:24;4;10;3;6;6;9;4;2;6;6;3;1;3;1;17;
Quincy Pondexter;;16:25;2;3;0;1;0;0;2;1;3;0;1;0;0;1;4;
Darrell Arthur;;13:09;4;7;0;0;0;0;2;1;3;1;0;0;1;3;8;
Jerryd Bayless;;15:41;3;9;1;3;0;0;0;1;1;3;0;0;1;1;7;
Ed Davis;;14:13;1;3;0;0;2;2;1;3;4;0;0;1;1;2;4;
Tony Wroten;;5:21;1;1;1;1;0;0;0;1;1;1;0;0;0;1;3;
TOR
Rudy Gay;F;39:10;5;15;2;3;1;2;2;7;9;3;1;0;5;3;13;
Amir Johnson;F;23:57;6;10;0;0;4;4;2;3;5;0;1;2;2;5;16;
Jonas Valanciunas;C;18:21;1;3;0;0;4;4;2;4;6;0;0;0;1;3;6;
DeMar DeRozan;G;36:16;1;9;0;1;5;6;0;3;3;5;2;0;1;2;7;
Kyle Lowry;G;36:24;3;10;2;4;4;5;3;4;7;4;0;0;3;3;12;
Andrea Bargnani;;21:30;0;4;0;1;0;0;1;1;2;0;1;1;1;4;0;
Alan Anderson;;19:26;6;7;4;5;3;3;0;2;2;0;0;0;1;5;19;
Landry Fields;;5:23;1;3;0;0;1;2;0;1;1;0;0;0;0;1;3;
John Lucas III;;11:36;1;3;0;1;0;0;0;0;0;2;0;0;0;1;2;
Aaron Gray;;13:30;1;2;0;0;0;0;1;5;6;0;0;0;0;1;2;
Terrence Ross;;14:27;1;5;0;3;0;0;0;1;1;0;0;1;0;0;2;
