11-07;PHI-NOH;77-62;
16-19;20-18;21-10;20-15;
PHI
Dorell Wright;F;24:48;2;10;2;7;1;2;1;5;6;2;2;1;2;0;7;
Thaddeus Young;F;36:59;6;8;0;0;0;0;3;7;10;1;0;0;2;2;12;
Lavoy Allen;C;27:27;6;10;0;0;0;0;1;3;4;0;0;1;2;2;12;
Evan Turner;G;35:35;7;15;0;1;0;0;2;6;8;3;1;0;1;1;14;
Jrue Holiday;G;38:56;6;14;0;3;2;3;1;4;5;12;1;1;7;2;14;
Nick Young;;18:23;1;7;0;5;0;0;0;0;0;1;1;0;1;0;2;
Damien Wilkins;;10:50;1;3;0;1;0;0;0;1;1;0;0;0;0;0;2;
Spencer Hawes;;23:18;5;13;1;2;0;0;1;5;6;0;0;3;0;4;11;
Royal Ivey;;20:33;1;3;1;2;0;0;0;2;2;0;0;0;0;3;3;
Arnett Moultrie;;2:05;0;0;0;0;0;0;0;1;1;0;0;0;0;2;0;
Maalik Wayns;;1:06;0;1;0;1;0;0;0;0;0;0;0;0;0;0;0;
NOH
Al-Farouq Aminu;F;39:57;3;11;0;2;4;6;4;12;16;3;2;0;4;3;10;
Ryan Anderson;F;33:51;3;10;1;6;2;2;2;8;10;2;1;0;2;2;9;
Robin Lopez;C;31:36;3;7;0;0;0;0;1;3;4;1;2;4;0;1;6;
Darius Miller;G;21:57;2;4;1;3;0;0;0;1;1;0;2;0;2;0;5;
Greivis Vasquez;G;32:39;3;13;1;4;0;0;0;3;3;7;0;0;5;1;7;
Jason Smith;;14:19;3;5;0;0;2;2;1;4;5;0;0;5;4;3;8;
Roger Mason Jr.;;17:55;0;2;0;1;0;0;1;1;2;1;0;0;2;1;0;
Xavier Henry;;14:24;2;5;0;0;1;2;0;2;2;1;0;0;0;0;5;
Brian Roberts;;18:52;3;9;1;3;0;0;1;0;1;3;0;0;1;1;7;
Hakim Warrick;;7:14;1;2;0;0;2;2;0;0;0;0;1;0;0;0;4;
Lance Thomas;;7:16;0;1;0;0;1;2;1;2;3;0;0;0;0;0;1;
