03-15;LAL-IND;99-93;
16-19;30-22;22-28;31-24;
LAL
Metta World Peace;F;36:36;6;12;2;4;5;6;4;3;7;3;2;1;4;3;19;
Earl Clark;F;28:02;3;6;1;1;1;1;0;6;6;1;1;1;1;3;8;
Dwight Howard;C;34:24;7;17;0;1;6;11;2;10;12;4;0;4;4;5;20;
Kobe Bryant;G;12:00;0;4;0;1;0;0;0;1;1;2;0;0;1;1;0;
Steve Nash;G;35:45;5;13;1;2;4;4;0;4;4;9;0;0;2;1;15;
Antawn Jamison;;33:18;6;10;4;7;1;3;0;7;7;0;0;0;1;2;17;
Steve Blake;;35:14;5;8;5;7;3;5;0;6;6;8;4;2;1;1;18;
Jodie Meeks;;21:55;0;7;0;3;0;0;0;4;4;0;2;0;1;1;0;
Robert Sacre;;2:48;1;1;0;0;0;0;1;0;1;0;0;0;0;0;2;
IND
Paul George;F;35:43;6;20;3;10;5;5;2;7;9;3;2;1;3;4;20;
David West;F;38:25;4;13;0;0;0;0;2;6;8;3;1;1;2;3;8;
Roy Hibbert;C;23:56;3;12;1;1;0;0;6;4;10;1;0;0;2;5;7;
Lance Stephenson;G;37:22;5;12;2;3;0;0;1;10;11;5;1;0;5;2;12;
George Hill;G;39:27;11;19;4;8;1;2;0;1;1;3;1;0;1;4;27;
Ian Mahinmi;;14:13;2;4;0;0;0;0;1;1;2;0;1;1;1;4;4;
Orlando Johnson;;5:06;0;3;0;1;0;0;1;2;3;0;0;0;0;0;0;
D.J. Augustin;;14:21;2;6;1;3;0;0;1;1;2;1;0;1;1;1;5;
Tyler Hansbrough;;9:35;1;5;0;0;0;0;2;2;4;0;0;1;1;2;2;
Jeff Ayres;;9:35;1;2;0;0;0;0;0;1;1;0;0;1;0;1;2;
Sam Young;;12:17;2;3;1;1;1;2;1;2;3;1;0;0;0;0;6;
