01-25;MIN-WAS;101-114;
25-29;21-31;27-31;28-23;
MIN
Andrei Kirilenko;F;28:55;5;9;1;3;6;8;2;2;4;2;0;1;3;3;17;
Derrick Williams;F;30:48;6;17;1;3;5;8;3;8;11;1;1;0;0;1;18;
Greg Stiemsma;C;18:32;1;3;0;0;0;0;1;1;2;6;2;0;1;3;2;
Luke Ridnour;G;30:13;7;12;0;0;0;0;3;1;4;4;2;0;0;1;14;
Ricky Rubio;G;31:01;1;8;0;2;2;2;3;2;5;6;1;0;5;1;4;
Dante Cunningham;;29:04;3;9;0;0;2;4;3;2;5;2;0;0;0;2;8;
Jose Juan Barea;;20:41;6;13;1;4;0;1;1;2;3;5;0;0;2;1;13;
Mickael Gelabale;;26:20;7;10;0;2;1;2;3;4;7;1;1;0;2;1;15;
Chris Johnson;;21:21;3;6;0;0;3;6;3;2;5;0;1;1;2;4;9;
Lou Amundson;;3:05;0;1;0;0;1;2;0;2;2;0;0;0;1;3;1;
WAS
Martell Webster;F;26:46;5;7;3;4;0;0;1;3;4;3;1;0;0;1;13;
Nene;F;21:58;6;9;0;0;2;4;2;5;7;3;0;0;3;3;14;
Emeka Okafor;C;23:32;4;6;0;0;0;0;1;7;8;4;2;1;3;4;8;
Bradley Beal;G;25:15;6;11;2;5;2;2;0;1;1;0;0;4;1;0;16;
John Wall;G;20:58;6;10;0;0;2;3;0;1;1;5;0;2;2;3;14;
A.J. Price;;23:57;3;7;0;2;0;0;0;3;3;4;1;0;1;2;6;
Jan Vesely;;18:23;3;4;0;0;0;0;1;4;5;1;0;0;0;5;6;
Kevin Seraphin;;15:19;5;9;0;0;0;0;1;1;2;1;1;0;4;6;10;
Jordan Crawford;;22:45;7;10;3;4;2;2;0;0;0;3;1;0;1;1;19;
Trevor Ariza;;18:09;3;6;0;2;0;0;0;2;2;3;2;1;1;1;6;
Trevor Booker;;16:48;0;4;0;0;2;4;0;2;2;1;0;0;0;1;2;
Chris Singleton;;3:05;0;0;0;0;0;2;0;0;0;1;0;0;0;0;0;
Garrett Temple;;3:05;0;0;0;0;0;0;0;0;0;0;0;0;0;0;0;
