12-19;BKN-NYK;86-100;
23-26;25-26;19-23;19-25;
BKN
Kris Humphries;F;17:38;0;3;0;0;0;0;2;7;9;0;0;0;0;2;0;
Gerald Wallace;F;37:14;2;7;1;3;1;2;1;4;5;1;0;0;0;3;6;
Brook Lopez;C;28:35;8;18;0;0;0;0;4;6;10;1;1;1;0;1;16;
Joe Johnson;G;39:53;5;14;3;5;4;4;1;1;2;3;1;0;2;2;17;
Deron Williams;G;35:52;7;12;2;6;0;0;1;4;5;10;0;0;5;1;16;
Keith Bogans;;20:57;4;6;3;5;0;0;0;0;0;1;0;0;1;2;11;
Andray Blatche;;15:59;3;5;0;1;1;2;0;2;2;0;1;1;1;1;7;
CJ Watson;;25:53;3;9;1;5;0;0;0;1;1;3;0;0;2;1;7;
Reggie Evans;;9:43;0;0;0;0;0;0;0;2;2;0;0;0;0;2;0;
Tornike Shengelia;;2:04;1;1;0;0;0;0;1;0;1;0;0;0;0;1;2;
Mirza Teletovic;;2:04;0;0;0;0;0;0;0;0;0;0;0;0;1;0;0;
MarShon Brooks;;2:04;0;0;0;0;0;0;0;0;0;0;0;0;0;0;0;
Tyshawn Taylor;;2:04;2;3;0;0;0;1;0;1;1;0;0;0;0;0;4;
NYK
Carmelo Anthony;F;35:38;12;22;4;8;3;3;0;3;3;1;2;1;1;2;31;
Ronnie Brewer;F;15:00;1;5;0;1;2;4;4;0;4;2;0;0;0;0;4;
Tyson Chandler;C;37:26;7;11;0;0;2;2;5;7;12;2;1;3;1;2;16;
Raymond Felton;G;31:43;4;15;0;3;0;0;1;4;5;4;1;0;0;1;8;
Jason Kidd;G;35:07;2;9;2;9;1;2;0;8;8;5;3;0;2;1;7;
J.R. Smith;;36:44;7;11;1;1;4;4;1;4;5;3;0;1;1;2;19;
Chris Copeland;;23:29;3;4;2;2;0;0;0;1;1;0;0;0;1;2;8;
Kurt Thomas;;8:26;0;0;0;0;1;2;0;1;1;0;0;0;0;0;1;
Pablo Prigioni;;14:23;2;5;2;4;0;0;0;0;0;2;0;0;1;1;6;
James White;;2:04;0;1;0;1;0;0;0;0;0;0;0;0;0;0;0;
