01-17;LAC-MIN;90-77;
27-22;20-21;21-20;22-14;
LAC
Caron Butler;F;22:30;4;9;0;3;4;6;2;2;4;2;1;0;3;1;12;
Blake Griffin;F;34:58;9;19;0;0;2;2;1;3;4;2;0;1;3;3;20;
DeAndre Jordan;C;22:11;1;4;0;0;1;1;0;8;8;0;0;1;2;3;3;
Willie Green;G;17:05;3;4;2;2;0;0;0;2;2;1;0;0;1;1;8;
Eric Bledsoe;G;23:08;1;7;0;0;0;0;4;2;6;2;4;1;4;3;2;
Jamal Crawford;;35:34;7;17;3;5;5;8;0;2;2;3;2;0;3;1;22;
Lamar Odom;;25:11;1;2;0;0;0;0;1;11;12;6;1;1;1;3;2;
Grant Hill;;18:31;0;1;0;0;0;0;0;1;1;1;0;0;0;2;0;
Matt Barnes;;27:12;4;9;0;3;2;2;2;4;6;0;2;0;0;2;10;
Ronny Turiaf;;13:02;5;5;0;0;1;4;1;1;2;1;0;1;1;1;11;
Ryan Hollins;;0:38;0;0;0;0;0;0;0;1;1;0;0;0;0;0;0;
MIN
Andrei Kirilenko;F;35:39;7;12;1;5;0;2;1;4;5;2;4;0;3;2;15;
Derrick Williams;F;31:03;3;9;0;2;4;4;3;4;7;1;1;2;2;4;10;
Nikola Pekovic;C;25:43;1;8;0;0;2;4;3;6;9;0;0;0;1;1;4;
Luke Ridnour;G;34:24;9;17;3;6;0;0;0;4;4;5;1;1;1;1;21;
Ricky Rubio;G;27:25;2;9;0;1;0;0;1;2;3;6;1;0;2;0;4;
Dante Cunningham;;31:48;2;9;0;0;3;4;4;3;7;1;0;1;1;2;7;
Jose Juan Barea;;19:27;2;10;0;3;0;0;0;1;1;2;0;0;2;4;4;
Alexey Shved;;20:11;2;7;0;2;4;6;1;2;3;2;1;0;2;2;8;
Greg Stiemsma;;14:20;2;3;0;0;0;0;0;2;2;0;1;1;0;1;4;
