11-24;CHI-MIL;93-86;
28-30;24-22;20-17;21-17;
CHI
Luol Deng;F;41:34;5;14;2;5;2;2;4;4;8;2;0;0;0;1;14;
Carlos Boozer;F;35:51;10;15;0;0;2;2;8;11;19;1;0;1;3;4;22;
Joakim Noah;C;41:39;2;7;0;0;5;6;3;6;9;5;1;1;2;2;9;
Richard Hamilton;G;36:06;6;18;0;0;10;10;1;2;3;3;1;0;6;1;22;
Kirk Hinrich;G;31:28;3;10;2;7;2;2;0;3;3;4;0;0;2;4;10;
Nate Robinson;;16:32;2;7;0;2;0;0;0;0;0;1;2;0;0;2;4;
Taj Gibson;;14:01;1;2;0;0;2;2;0;5;5;1;0;0;2;2;4;
Jimmy Butler;;18:42;2;7;0;1;2;2;4;3;7;0;0;0;1;1;6;
Marco Belinelli;;4:06;1;2;0;1;0;0;0;0;0;0;0;0;0;1;2;
MIL
Tobias Harris;F;20:10;5;7;0;1;0;0;0;3;3;0;0;1;1;1;10;
Ersan Ilyasova;F;29:46;3;8;0;2;0;0;2;4;6;3;1;2;0;0;6;
Joel Przybilla;C;17:07;0;1;0;0;0;0;0;2;2;3;1;0;1;3;0;
Monta Ellis;G;35:37;7;17;0;1;3;3;2;4;6;2;0;2;1;4;17;
Brandon Jennings;G;37:51;10;20;1;5;2;4;0;1;1;7;5;0;3;1;23;
Beno Udrih;;15:52;5;11;1;4;1;1;1;0;1;1;0;1;2;2;12;
Ekpe Udoh;;18:36;1;3;0;0;1;2;2;6;8;1;0;0;1;2;3;
Larry Sanders;;29:13;4;9;0;0;0;0;1;7;8;2;2;4;0;6;8;
Mike Dunleavy;;27:49;3;9;1;4;0;0;1;2;3;1;1;0;0;0;7;
Marquis Daniels;;6:41;0;3;0;0;0;0;1;1;2;0;0;0;0;0;0;
John Henson;;1:18;0;0;0;0;0;0;0;0;0;0;0;0;0;1;0;
