01-09;ORL-DEN;105-108;
30-22;25-31;22-17;28-38;
ORL
DeQuan Jones;F;26:23;5;7;1;1;0;0;2;3;5;2;1;1;0;2;11;
Andrew Nicholson;F;19:44;6;10;0;0;0;0;1;2;3;1;0;0;1;1;12;
Nikola Vucevic;C;32:23;5;9;0;0;0;0;3;11;14;0;1;2;2;6;10;
Arron Afflalo;G;32:55;4;14;1;5;3;4;0;3;3;1;0;0;4;6;12;
Jameer Nelson;G;39:11;8;18;1;5;3;3;0;2;2;8;1;1;3;3;20;
Kyle O'Quinn;;10:56;2;2;0;0;0;0;0;1;1;1;0;2;0;4;4;
JJ Redick;;31:26;5;13;4;8;3;3;0;2;2;4;0;2;0;1;17;
Ish Smith;;8:49;2;5;0;0;0;0;0;0;0;5;1;1;0;0;4;
Maurice Harkless;;11:53;4;7;1;2;0;0;2;4;6;1;0;1;0;1;9;
Josh McRoberts;;26:21;3;8;0;3;0;0;3;4;7;0;1;1;1;3;6;
DEN
Danilo Gallinari;F;35:23;5;10;2;5;3;4;1;7;8;4;0;1;2;2;15;
Kenneth Faried;F;35:51;7;10;0;0;5;7;9;10;19;0;2;2;1;2;19;
Kosta Koufos;C;20:54;1;4;0;0;0;2;2;1;3;0;2;1;1;0;2;
Andre Iguodala;G;31:44;4;13;1;3;2;4;2;2;4;5;1;0;2;0;11;
Ty Lawson;G;33:57;7;19;1;2;4;5;1;2;3;8;1;0;1;1;19;
Corey Brewer;;27:36;7;17;0;1;2;6;1;3;4;2;0;1;2;0;16;
JaVale McGee;;17:59;1;6;0;0;4;4;1;2;3;1;0;1;0;1;6;
Andre Miller;;28:35;8;12;0;0;2;4;1;3;4;4;0;0;1;1;18;
Evan Fournier;;8:01;1;3;0;1;0;0;0;0;0;0;0;0;0;0;2;
