10-31;DEN-PHI;75-84;
22-25;16-21;14-19;23-19;
DEN
Jordan Hamilton;F;12:51;2;5;0;2;0;0;0;6;6;2;0;0;0;2;4;
Kenneth Faried;F;17:07;3;9;0;0;0;0;5;2;7;0;1;0;2;2;6;
Kosta Koufos;C;29:40;2;3;0;0;2;4;4;5;9;0;1;1;1;3;6;
Andre Iguodala;G;34:48;5;13;0;4;1;3;1;3;4;4;2;1;4;0;11;
Ty Lawson;G;36:38;7;17;1;2;1;2;1;4;5;7;2;0;0;4;16;
Andre Miller;;32:21;5;15;0;1;0;0;1;6;7;5;2;0;3;2;10;
Corey Brewer;;27:22;3;9;2;6;0;0;0;6;6;0;1;0;5;4;8;
JaVale McGee;;18:20;2;5;0;0;0;0;4;3;7;0;0;3;3;0;4;
Wilson Chandler;;20:34;2;8;0;1;1;2;0;3;3;0;0;0;1;4;5;
Evan Fournier;;10:19;2;4;1;2;0;0;0;0;0;1;0;0;1;1;5;
PHI
Evan Turner;F;28:28;2;7;0;1;1;1;0;6;6;2;0;0;3;4;5;
Thaddeus Young;F;36:27;6;12;0;0;1;3;1;4;5;1;2;1;1;2;13;
Lavoy Allen;C;16:58;1;5;0;0;1;2;4;0;4;0;0;1;1;0;3;
Jason Richardson;G;36:31;4;13;2;7;0;0;2;2;4;2;4;3;0;3;10;
Jrue Holiday;G;41:24;5;16;0;3;4;5;2;4;6;11;2;0;3;3;14;
Spencer Hawes;;31:02;6;11;2;3;2;2;3;9;12;2;2;5;3;1;16;
Dorell Wright;;27:38;3;12;2;8;6;6;2;5;7;0;2;1;2;1;14;
Nick Young;;18:41;3;9;1;3;2;2;0;3;3;0;1;0;1;0;9;
Maalik Wayns;;2:31;0;0;0;0;0;0;0;0;0;0;0;0;1;0;0;
Damien Wilkins;;0:20;0;0;0;0;0;0;0;0;0;0;0;0;0;0;0;
