01-11;POR-GSW;97-103;
19-28;16-22;28-28;34-25;
POR
Nicolas Batum;F;42:55;5;11;3;7;3;4;3;6;9;1;1;0;4;0;16;
LaMarcus Aldridge;F;33:23;3;14;0;0;1;2;2;4;6;5;2;2;1;2;7;
JJ Hickson;C;21:15;2;5;0;0;3;4;3;9;12;2;0;1;2;2;7;
Wesley Matthews;G;35:50;3;15;2;11;2;2;3;6;9;2;0;0;3;2;10;
Damian Lillard;G;42:40;15;25;7;12;0;0;1;5;6;4;2;0;2;1;37;
Victor Claver;;8:57;1;3;1;2;2;4;0;0;0;0;0;0;0;1;5;
Joel Freeland;;5:19;1;2;0;0;0;1;2;0;2;0;0;0;0;0;2;
Luke Babbitt;;23:20;4;13;2;10;0;0;1;2;3;1;0;0;0;5;10;
Will Barton;;8:18;0;1;0;1;0;0;0;0;0;1;0;0;0;0;0;
Ronnie Price;;5:21;0;2;0;0;0;0;0;0;0;0;0;0;1;0;0;
Jared Jeffries;;12:43;1;1;0;0;1;2;2;3;5;2;0;0;0;1;3;
GSW
Harrison Barnes;F;30:54;5;9;1;2;2;2;0;7;7;1;2;0;2;3;13;
David Lee;F;35:55;11;20;0;0;2;4;1;9;10;1;2;0;1;2;24;
Festus Ezeli;C;19:54;0;1;0;0;0;0;4;3;7;2;0;1;0;2;0;
Klay Thompson;G;36:50;6;14;2;5;2;2;0;4;4;2;1;0;5;5;16;
Stephen Curry;G;43:35;7;22;3;8;5;5;0;3;3;12;3;1;1;1;22;
Carl Landry;;23:13;7;11;0;0;1;1;3;4;7;1;0;0;0;2;15;
Jarrett Jack;;28:36;4;6;0;0;1;2;0;6;6;7;0;0;2;0;9;
Draymond Green;;16:23;1;3;0;0;2;2;0;1;1;1;2;2;0;0;4;
Charles Jenkins;;4:25;0;0;0;0;0;0;0;2;2;1;0;1;0;1;0;
Kent Bazemore;;0:16;0;0;0;0;0;0;0;0;0;0;0;0;0;0;0;
