02-10;OKC-PHX;97-69;
27-16;24-18;23-14;23-21;
OKC
Kevin Durant;F;29:29;6;11;0;2;6;6;1;6;7;2;0;2;2;0;18;
Serge Ibaka;F;26:39;5;11;0;0;2;2;0;6;6;1;1;2;1;1;12;
Kendrick Perkins;C;26:26;0;3;0;0;0;0;2;2;4;2;3;3;0;2;0;
Thabo Sefolosha;G;34:13;7;11;5;7;1;2;0;3;3;3;3;0;1;0;20;
Russell Westbrook;G;28:00;8;15;2;3;6;8;0;1;1;6;4;0;4;0;24;
Nick Collison;;13:35;1;2;0;0;0;0;1;3;4;1;0;0;0;1;2;
Hasheem Thabeet;;11:13;1;2;0;0;0;0;0;1;1;0;1;1;1;0;2;
DeAndre Liggins;;22:27;0;3;0;2;0;0;0;2;2;1;0;0;2;1;0;
Reggie Jackson;;19:60;2;6;1;2;2;5;0;7;7;4;3;0;0;2;7;
Perry Jones;;10:17;1;6;0;0;0;0;1;3;4;1;0;1;1;0;2;
Eric Maynor;;9:51;2;4;1;1;0;0;0;0;0;2;0;0;1;0;5;
Daniel Orton;;7:50;1;2;0;0;3;4;0;1;1;0;0;0;0;0;5;
PHX
PJ Tucker;F;23:41;3;10;0;1;2;2;7;0;7;0;0;0;1;3;8;
Luis Scola;F;18:48;3;11;0;0;0;0;2;3;5;0;1;0;1;2;6;
Marcin Gortat;C;22:56;3;8;0;0;0;0;1;6;7;0;0;2;2;2;6;
Jared Dudley;G;8:21;0;3;0;1;0;0;0;0;0;0;0;0;1;1;0;
Goran Dragic;G;25:03;2;7;1;2;1;1;0;4;4;4;2;1;3;2;6;
Michael Beasley;;21:17;2;11;0;1;0;0;3;5;8;2;0;0;4;4;4;
Jermaine O'Neal;;21:08;3;5;0;0;1;1;2;6;8;1;0;2;2;3;7;
Shannon Brown;;18:59;2;8;0;2;0;0;1;2;3;1;1;1;1;0;4;
Markieff Morris;;23:17;5;13;1;1;1;1;0;4;4;1;1;1;3;1;12;
Kendall Marshall;;26:16;3;4;1;2;0;0;0;0;0;3;1;0;3;1;7;
Wesley Johnson;;10:32;3;6;1;2;0;0;1;1;2;2;0;0;0;1;7;
Sebastian Telfair;;9:51;0;2;0;1;0;0;0;1;1;1;0;1;1;1;0;
Luke Zeller;;9:51;1;3;0;1;0;0;0;4;4;3;0;0;0;1;2;
