01-19;MIL-POR;110-104;
30-19;32-26;22-31;26-28;
MIL
Luc Mbah a Moute;F;37:02;3;11;0;1;1;3;3;4;7;1;2;0;2;2;7;
Ersan Ilyasova;F;26:06;10;14;3;3;4;4;2;12;14;4;0;1;1;4;27;
Larry Sanders;C;23:44;4;11;0;0;0;0;2;3;5;1;0;3;0;1;8;
Monta Ellis;G;34:03;5;15;0;5;3;3;1;4;5;5;5;0;2;4;13;
Brandon Jennings;G;37:03;9;20;0;4;12;15;1;1;2;8;3;0;5;0;30;
Ekpe Udoh;;18:53;0;2;0;0;0;0;0;1;1;0;1;0;0;5;0;
Mike Dunleavy;;29:47;4;7;3;5;3;3;0;5;5;2;1;0;1;2;14;
Marquis Daniels;;7:52;0;0;0;0;0;0;0;0;0;0;0;0;1;0;0;
Beno Udrih;;13:07;3;4;0;0;0;0;0;2;2;4;0;0;0;0;6;
John Henson;;6:60;1;3;0;0;3;4;1;0;1;1;0;0;1;1;5;
Samuel Dalembert;;5:23;0;1;0;0;0;0;0;1;1;0;0;0;1;3;0;
POR
Nicolas Batum;F;39:20;2;9;1;2;2;2;3;4;7;5;1;0;4;2;7;
LaMarcus Aldridge;F;40:32;5;12;0;0;10;10;3;11;14;0;2;1;1;2;20;
JJ Hickson;C;24:25;5;10;0;0;5;7;2;10;12;0;1;1;2;3;15;
Wesley Matthews;G;38:17;8;18;1;8;4;4;0;4;4;3;2;0;3;4;21;
Damian Lillard;G;41:39;9;21;3;9;5;6;0;3;3;10;1;1;3;3;26;
Joel Freeland;;2:37;0;0;0;0;0;0;0;0;0;0;0;0;0;1;0;
Nolan Smith;;2:37;0;0;0;0;0;0;0;0;0;0;0;0;3;0;0;
Luke Babbitt;;24:10;4;9;3;8;0;0;0;4;4;0;1;1;1;5;11;
Victor Claver;;5:06;0;0;0;0;0;0;0;0;0;0;0;0;0;1;0;
Will Barton;;6:25;1;1;0;0;0;1;0;0;0;0;0;0;1;1;2;
Ronnie Price;;10:38;0;0;0;0;2;2;0;2;2;1;0;0;1;2;2;
Jared Jeffries;;4:14;0;1;0;1;0;0;0;0;0;0;0;0;0;1;0;
