01-04;CLE-CHA;106-104;
29-23;33-25;24-26;20-30;
CLE
Alonzo Gee;F;34:27;3;7;0;1;2;4;0;7;7;5;0;0;1;4;8;
Tristan Thompson;F;37:12;8;10;0;0;3;4;2;11;13;2;0;0;2;2;19;
Tyler Zeller;C;30:12;3;8;0;0;3;6;1;4;5;2;0;3;1;4;9;
CJ Miles;G;38:58;7;14;4;9;0;0;0;3;3;0;2;1;0;4;18;
Kyrie Irving;G;37:34;10;21;3;4;10;10;0;5;5;6;4;3;5;4;33;
Luke Walton;;17:18;2;6;0;2;0;0;1;2;3;1;0;1;1;1;4;
Dion Waiters;;17:59;3;6;0;0;3;5;0;1;1;2;1;2;3;1;9;
Shaun Livingston;;26:20;3;6;0;0;0;0;2;1;3;5;2;0;0;2;6;
CHA
Jeff Taylor;F;26:32;5;10;1;3;0;0;1;1;2;0;1;0;0;4;11;
Hakim Warrick;F;11:42;1;4;0;0;2;2;0;1;1;2;0;0;2;1;4;
Bismack Biyombo;C;15:35;1;2;0;0;0;0;0;7;7;0;0;0;1;2;2;
Gerald Henderson;G;32:49;6;11;4;5;1;2;0;2;2;2;0;0;1;2;17;
Kemba Walker;G;24:12;4;8;1;3;2;4;0;3;3;5;1;0;3;2;11;
Michael Kidd-Gilchrist;;21:07;3;10;0;0;1;2;3;6;9;2;0;0;2;1;7;
Ramon Sessions;;35:09;4;11;0;2;12;12;0;5;5;6;1;0;0;3;20;
Brendan Haywood;;27:42;0;0;0;0;1;2;3;4;7;3;0;2;1;3;1;
Tyrus Thomas;;12:33;2;6;0;0;0;0;0;4;4;1;1;0;0;2;4;
Ben Gordon;;27:32;11;20;2;4;3;4;1;1;2;4;1;1;4;2;27;
Jeff Adrien;;3:19;0;0;0;0;0;0;0;1;1;0;0;0;0;1;0;
DeSagana Diop;;1:48;0;0;0;0;0;0;0;0;0;0;0;0;0;1;0;
