02-26;BKN-NOH;101-97;
31-20;26-21;16-24;28-32;
BKN
Gerald Wallace;F;33:45;3;6;2;4;0;0;1;5;6;4;0;2;1;3;8;
Reggie Evans;F;24:03;0;4;0;0;0;0;2;4;6;0;0;0;0;3;0;
Brook Lopez;C;31:26;9;14;0;0;2;2;3;4;7;5;1;4;1;1;20;
CJ Watson;G;31:53;3;7;2;4;2;2;0;2;2;2;0;0;3;0;10;
Deron Williams;G;37:23;10;21;4;8;9;10;0;1;1;8;0;0;4;4;33;
MarShon Brooks;;22:52;3;8;1;1;1;2;0;3;3;3;1;1;1;1;8;
Kris Humphries;;21:03;1;2;0;0;0;0;3;3;6;2;0;0;2;1;2;
Keith Bogans;;19:31;4;4;3;3;1;1;1;3;4;2;0;0;1;0;12;
Andray Blatche;;15:38;4;9;0;0;0;1;1;3;4;2;1;2;0;1;8;
Mirza Teletovic;;2:26;0;1;0;0;0;0;1;1;2;0;0;0;0;0;0;
NOH
Al-Farouq Aminu;F;28:39;2;6;0;0;0;0;2;3;5;0;1;2;1;2;4;
Anthony Davis;F;21:24;2;4;0;0;2;2;2;2;4;0;1;2;0;1;6;
Robin Lopez;C;28:09;5;9;0;0;4;5;2;5;7;1;1;2;0;1;14;
Eric Gordon;G;29:02;4;15;0;2;2;2;0;1;1;6;0;0;1;1;10;
Greivis Vasquez;G;35:48;9;20;2;3;0;1;4;4;8;7;3;0;3;4;20;
Ryan Anderson;;29:55;5;11;1;5;2;2;1;6;7;1;2;1;0;2;13;
Austin Rivers;;17:54;3;4;1;1;0;0;0;1;1;3;0;0;1;2;7;
Roger Mason Jr.;;17:40;3;6;0;2;2;3;0;2;2;1;0;0;0;4;8;
Jason Smith;;16:32;4;8;0;0;0;0;1;2;3;1;0;1;1;4;8;
Lance Thomas;;5:10;0;0;0;0;0;0;0;0;0;0;0;0;0;0;0;
Brian Roberts;;9:46;3;4;1;1;0;0;0;0;0;2;0;0;0;1;7;
