11-27;TOR-HOU;101-117;
23-29;28-32;28-38;22-18;
TOR
Dominic McGuire;F;10:15;0;1;0;0;0;0;0;1;1;0;0;0;0;0;0;
Andrea Bargnani;F;30:47;8;12;3;4;2;2;1;3;4;2;1;0;3;0;21;
Jonas Valanciunas;C;31:51;5;10;0;0;2;3;2;3;5;1;0;1;2;0;12;
DeMar DeRozan;G;26:51;5;10;0;0;2;3;0;3;3;1;2;0;4;2;12;
Kyle Lowry;G;27:22;3;10;0;3;1;1;1;7;8;5;1;0;3;4;7;
Terrence Ross;;35:44;9;17;1;4;0;0;2;3;5;1;0;0;1;2;19;
Jose Calderon;;24:29;4;9;4;8;0;0;0;0;0;7;0;0;0;0;12;
Ed Davis;;20:42;5;6;0;0;2;2;1;3;4;0;1;1;2;3;12;
Linas Kleiza;;5:18;0;1;0;0;0;0;0;0;0;0;0;0;1;2;0;
Amir Johnson;;11:37;2;5;0;2;0;1;3;2;5;3;1;0;0;2;4;
John Lucas III;;14:01;1;5;0;2;0;0;0;2;2;5;0;0;0;0;2;
Aaron Gray;;1:03;0;0;0;0;0;0;1;1;2;0;0;0;0;0;0;
HOU
Chandler Parsons;F;41:30;7;13;2;4;2;2;2;5;7;5;1;0;4;1;18;
Patrick Patterson;F;31:10;7;14;2;4;6;7;2;3;5;1;1;0;0;3;22;
Omer Asik;C;36:07;6;9;0;0;1;2;3;15;18;2;2;0;2;4;13;
James Harden;G;43:36;9;19;4;8;2;3;1;5;6;12;3;1;4;1;24;
Jeremy Lin;G;38:15;7;9;1;2;1;2;0;4;4;10;3;0;3;1;16;
Marcus Morris;;15:47;4;6;2;3;1;1;1;0;1;0;1;0;0;2;11;
Greg Smith;;11:53;1;5;0;0;3;4;2;0;2;0;0;0;0;2;5;
Toney Douglas;;9:45;1;4;1;3;0;0;1;0;1;0;0;0;1;0;3;
Daequan Cook;;9:51;2;4;1;2;0;0;0;1;1;0;0;0;0;1;5;
Terrence Jones;;1:03;0;0;0;0;0;0;0;0;0;0;0;0;0;0;0;
Donatas Motiejunas;;1:03;0;0;0;0;0;0;0;0;0;0;0;0;0;0;0;
