02-24;MEM-BKN;76-72;
16-19;27-19;12-13;21-21;
MEM
Tayshaun Prince;F;30:17;5;9;1;1;0;1;1;0;1;1;3;0;3;2;11;
Zach Randolph;F;41:06;7;16;0;0;2;3;3;11;14;0;0;1;4;2;16;
Marc Gasol;C;37:03;6;11;0;1;2;2;1;6;7;5;0;4;1;2;14;
Tony Allen;G;29:58;5;8;0;0;2;2;1;5;6;0;0;2;0;2;12;
Mike Conley;G;37:23;4;10;0;1;2;2;0;2;2;7;3;0;0;3;10;
Ed Davis;;5:33;0;1;0;0;0;0;0;2;2;0;0;2;1;2;0;
Jerryd Bayless;;14:42;0;6;0;1;0;0;0;0;0;1;0;0;0;2;0;
Quincy Pondexter;;18:15;2;3;0;0;2;2;1;1;2;1;0;0;0;1;6;
Tony Wroten;;2:52;0;1;0;1;0;0;0;0;0;0;0;0;0;0;0;
Darrell Arthur;;11:40;1;2;0;0;0;0;0;0;0;1;0;1;1;3;2;
Austin Daye;;10:38;2;4;1;2;0;0;0;1;1;0;0;1;1;0;5;
Jon Leuer;;0:33;0;0;0;0;0;0;0;0;0;0;0;0;0;0;0;
BKN
Gerald Wallace;F;16:29;0;6;0;1;0;0;0;1;1;2;0;0;1;1;0;
Reggie Evans;F;26:42;1;3;0;0;0;2;6;8;14;1;2;0;2;2;2;
Brook Lopez;C;26:09;3;10;0;0;3;4;2;2;4;1;0;1;2;1;9;
CJ Watson;G;28:50;4;8;3;3;0;0;0;1;1;4;0;0;3;0;11;
Deron Williams;G;41:56;9;15;4;6;2;3;0;4;4;4;3;0;4;3;24;
Andray Blatche;;21:51;5;12;0;1;0;0;5;2;7;1;1;1;1;3;10;
Keith Bogans;;21:51;1;4;1;4;0;0;0;3;3;1;0;1;0;0;3;
MarShon Brooks;;31:31;4;13;0;2;0;2;4;3;7;3;0;1;1;2;8;
Kris Humphries;;7:37;0;1;0;0;0;2;0;0;0;0;0;0;0;1;0;
Tyshawn Taylor;;3:23;0;1;0;1;0;0;0;1;1;0;0;0;0;0;0;
Mirza Teletovic;;13:41;2;4;1;3;0;0;0;2;2;1;1;0;0;1;5;
