02-14;LAC-LAL;125-101;
31-17;33-35;37-28;24-21;
LAC
Caron Butler;F;30:13;4;11;3;7;2;2;0;8;8;1;0;0;0;3;13;
Blake Griffin;F;31:28;11;15;0;0;0;0;6;4;10;2;0;2;2;4;22;
DeAndre Jordan;C;29:45;4;8;0;0;3;6;5;7;12;0;1;2;1;4;11;
Chauncey Billups;G;16:21;7;10;5;7;2;2;0;3;3;3;4;0;2;2;21;
Chris Paul;G;32:31;8;14;3;5;5;5;1;0;1;13;2;0;3;1;24;
Jamal Crawford;;28:21;3;11;1;4;1;1;2;1;3;2;1;0;2;2;8;
Matt Barnes;;26:35;4;11;3;6;0;0;1;3;4;1;0;1;1;2;11;
Lamar Odom;;6:07;0;0;0;0;1;2;1;1;2;0;0;2;0;1;1;
Eric Bledsoe;;15:29;3;4;0;0;0;0;0;2;2;3;1;0;3;3;6;
Ryan Hollins;;9:53;1;2;0;0;3;4;1;1;2;0;0;0;0;2;5;
Grant Hill;;6:01;0;0;0;0;0;0;0;0;0;0;0;1;0;1;0;
Willie Green;;3:38;1;2;1;1;0;0;0;0;0;0;0;0;0;0;3;
Ronny Turiaf;;3:38;0;1;0;0;0;0;0;0;0;0;0;0;0;0;0;
LAL
Metta World Peace;F;32:01;4;9;2;6;1;2;1;3;4;2;1;0;0;3;11;
Earl Clark;F;28:09;2;10;0;1;0;0;2;5;7;3;3;0;2;1;4;
Dwight Howard;C;32:02;7;10;0;0;4;8;3;5;8;0;2;1;3;2;18;
Kobe Bryant;G;38:39;7;13;0;0;6;6;3;2;5;11;0;0;6;2;20;
Steve Nash;G;24:55;3;9;0;4;1;1;0;1;1;5;0;0;3;2;7;
Antawn Jamison;;27:05;7;13;1;3;2;2;0;4;4;1;0;0;1;5;17;
Jodie Meeks;;25:26;3;5;2;4;5;5;1;5;6;1;1;0;0;0;13;
Steve Blake;;23:05;3;3;1;1;0;3;0;2;2;7;2;1;1;2;7;
Robert Sacre;;4:19;0;0;0;0;0;0;0;0;0;0;0;0;0;0;0;
Darius Morris;;4:19;2;3;0;1;0;0;0;0;0;0;0;0;0;0;4;
