02-27;TOR-CLE;92-103;
25-20;23-37;23-23;21-23;
TOR
Rudy Gay;F;42:35;10;21;1;5;3;3;2;6;8;6;1;0;2;2;24;
Amir Johnson;F;40:47;5;8;0;1;0;0;3;6;9;4;0;4;4;5;10;
Jonas Valanciunas;C;24:06;2;4;0;0;1;2;3;5;8;1;1;3;3;3;5;
DeMar DeRozan;G;43:42;10;19;0;2;14;15;0;5;5;2;0;0;3;2;34;
Kyle Lowry;G;33:41;4;12;1;6;2;5;1;5;6;8;1;0;0;4;11;
Andrea Bargnani;;15:46;0;4;0;2;0;0;0;1;1;1;0;1;1;0;0;
Landry Fields;;7:57;2;3;0;0;0;0;0;0;0;0;0;0;1;2;4;
Alan Anderson;;13:35;2;5;0;2;0;0;0;0;0;1;0;0;1;2;4;
John Lucas III;;6:51;0;2;0;2;0;0;0;0;0;2;0;0;0;1;0;
Sebastian Telfair;;7:28;0;0;0;0;0;0;0;0;0;0;0;0;0;4;0;
Aaron Gray;;3:33;0;0;0;0;0;0;0;1;1;0;0;0;0;0;0;
CLE
Alonzo Gee;F;33:23;3;8;0;2;0;0;2;1;3;1;1;0;0;2;6;
Tristan Thompson;F;30:45;4;11;0;0;6;6;2;6;8;2;1;0;2;1;14;
Tyler Zeller;C;20:32;3;7;0;0;0;0;0;2;2;2;1;1;1;3;6;
Dion Waiters;G;35:19;7;16;2;3;7;8;0;1;1;6;1;1;3;0;23;
Shaun Livingston;G;33:19;4;7;0;0;7;7;2;3;5;6;0;1;1;5;15;
Marreese Speights;;23:37;3;12;0;0;5;6;5;4;9;1;0;1;1;1;11;
Wayne Ellington;;27:22;5;8;0;0;3;3;0;3;3;1;3;0;1;1;13;
Luke Walton;;21:06;2;5;1;3;0;0;2;5;7;7;0;0;0;3;5;
CJ Miles;;14:37;3;8;2;5;2;2;0;2;2;0;0;1;1;3;10;
