01-31;DAL-GSW;97-100;
23-28;30-27;26-25;18-20;
DAL
Dahntay Jones;F;13:27;0;3;0;3;0;0;0;1;1;0;0;0;1;2;0;
Shawn Marion;F;35:21;8;11;0;0;2;4;4;13;17;1;1;0;3;1;18;
Elton Brand;C;18:45;2;7;0;0;0;0;3;2;5;1;0;1;0;1;4;
O.J. Mayo;G;39:39;8;13;3;5;6;8;1;4;5;6;1;0;2;3;25;
Darren Collison;G;30:13;3;9;0;0;0;0;0;2;2;7;1;0;2;1;6;
Vince Carter;;28:07;6;18;4;11;6;7;0;2;2;4;2;0;3;2;22;
Jae Crowder;;15:15;1;6;0;3;0;0;0;2;2;2;0;0;0;0;2;
Rodrigue Beaubois;;17:45;2;4;1;3;0;0;1;1;2;3;2;0;0;0;5;
Bernard James;;17:54;2;2;0;0;2;3;3;5;8;1;1;1;2;4;6;
Brandan Wright;;22:39;4;8;0;0;1;2;0;3;3;0;0;3;1;4;9;
Dominique Jones;;0:53;0;0;0;0;0;0;0;0;0;0;0;0;1;0;0;
Mike James;;0:02;0;0;0;0;0;0;0;0;0;0;0;0;0;0;0;
GSW
Harrison Barnes;F;38:45;4;10;0;2;4;4;1;3;4;5;1;0;0;2;12;
David Lee;F;41:52;6;13;0;0;3;5;7;13;20;9;1;0;2;2;15;
Andrew Bogut;C;25:29;3;9;0;0;2;2;0;5;5;1;0;3;1;4;8;
Klay Thompson;G;34:56;11;18;3;7;2;4;0;1;1;0;1;0;0;5;27;
Jarrett Jack;G;42:14;3;13;2;5;5;5;0;4;4;9;1;0;4;3;13;
Andris Biedrins;;5:31;1;1;0;0;0;0;0;0;0;0;0;0;0;0;2;
Draymond Green;;15:17;1;5;1;4;2;2;1;4;5;2;0;0;3;4;5;
Carl Landry;;19:01;4;11;0;0;2;2;3;3;6;0;1;1;0;1;10;
Richard Jefferson;;11:08;3;4;1;2;1;1;0;1;1;0;1;0;1;0;8;
Charles Jenkins;;2:40;0;0;0;0;0;0;0;0;0;0;0;0;1;0;0;
Kent Bazemore;;3:08;0;0;0;0;0;0;0;0;0;0;0;0;0;0;0;
