02-25;WAS-TOR;90-84;
17-16;23-16;23-22;27-30;
WAS
Martell Webster;F;34:23;4;8;2;3;2;2;1;2;3;0;1;0;1;4;12;
Nene;F;30:27;4;10;0;0;3;3;1;8;9;3;0;1;5;4;11;
Emeka Okafor;C;31:38;4;14;0;0;0;0;3;10;13;2;1;0;2;3;8;
Bradley Beal;G;39:01;8;13;2;3;2;2;0;6;6;2;1;0;2;5;20;
John Wall;G;24:16;3;11;0;0;4;4;0;5;5;7;1;0;1;2;10;
Trevor Booker;;25:21;3;9;0;1;2;2;3;3;6;0;1;0;1;2;8;
A.J. Price;;23:44;5;7;2;2;0;0;1;3;4;3;0;0;4;0;12;
Trevor Ariza;;26:18;3;9;1;3;1;2;1;1;2;0;0;0;2;1;8;
Chris Singleton;;4:07;0;0;0;0;0;0;0;1;1;0;2;0;1;2;0;
Garrett Temple;;0:45;0;0;0;0;1;2;0;0;0;0;0;0;0;0;1;
TOR
Rudy Gay;F;41:49;1;11;0;2;5;6;1;5;6;4;4;1;5;1;7;
Amir Johnson;F;36:48;2;8;0;0;2;2;4;9;13;2;1;3;2;4;6;
Jonas Valanciunas;C;17:53;2;4;0;0;0;0;0;3;3;0;0;0;0;2;4;
DeMar DeRozan;G;39:15;9;17;0;1;7;9;1;3;4;1;1;1;2;2;25;
Kyle Lowry;G;31:44;6;17;3;9;3;6;1;4;5;3;2;2;2;2;18;
Andrea Bargnani;;21:02;4;11;0;2;0;0;2;1;3;0;1;0;1;1;8;
John Lucas III;;16:16;4;5;1;2;0;0;0;1;1;3;0;0;0;2;9;
Alan Anderson;;23:54;0;4;0;2;4;4;0;3;3;0;0;0;2;4;4;
Landry Fields;;5:04;0;0;0;0;0;0;0;1;1;0;0;0;0;0;0;
Terrence Ross;;6:15;1;2;1;1;0;0;0;0;0;0;0;0;0;0;3;
