11-28;TOR-MEM;82-103;
27-24;20-24;14-33;21-22;
TOR
Linas Kleiza;F;25:28;5;15;0;0;1;1;1;2;3;1;0;0;0;2;11;
Ed Davis;F;27:50;3;4;0;0;4;4;3;3;6;0;0;1;4;4;10;
Jonas Valanciunas;C;27:44;1;4;0;0;0;0;0;2;2;2;0;3;1;3;2;
DeMar DeRozan;G;31:43;5;10;2;3;4;4;0;4;4;1;1;0;1;2;16;
Kyle Lowry;G;27:13;3;10;1;4;5;7;0;4;4;4;0;0;3;3;12;
Terrence Ross;;30:17;4;13;0;6;0;2;1;1;2;2;3;0;2;4;8;
Amir Johnson;;17:24;1;4;0;0;0;0;1;2;3;0;0;0;1;5;2;
Jose Calderon;;17:49;4;6;1;2;3;3;0;2;2;0;0;0;2;0;12;
Aaron Gray;;18:20;1;1;0;0;0;0;0;3;3;1;1;0;3;4;2;
John Lucas III;;8:32;2;5;1;2;1;1;0;0;0;0;0;0;0;1;6;
Quincy Acy;;4:20;0;1;0;0;1;2;0;2;2;0;0;0;0;1;1;
Dominic McGuire;;3:20;0;1;0;0;0;0;1;1;2;0;0;1;0;0;0;
MEM
Rudy Gay;F;27:03;5;13;3;5;1;2;1;5;6;2;2;1;0;0;14;
Zach Randolph;F;30:58;7;10;0;0;3;4;4;9;13;6;1;0;2;5;17;
Marc Gasol;C;33:21;6;15;0;1;5;7;2;3;5;3;0;1;1;3;17;
Tony Allen;G;28:24;3;5;0;1;3;4;0;4;4;1;3;1;2;1;9;
Mike Conley;G;30:35;4;6;4;5;4;6;0;1;1;5;2;2;4;1;16;
Jerryd Bayless;;17:25;1;5;0;2;0;0;0;2;2;4;1;0;0;3;2;
Quincy Pondexter;;24:09;2;6;0;2;0;1;1;1;2;4;0;1;1;0;4;
Marreese Speights;;24:19;7;11;1;1;3;4;4;8;12;2;1;1;2;3;18;
Wayne Ellington;;13:26;2;6;0;1;0;0;0;1;1;1;0;0;0;1;4;
Hamed Haddadi;;7:00;1;1;0;0;0;0;0;0;0;0;0;0;0;1;2;
Josh Selby;;3:20;0;2;0;0;0;0;0;0;0;0;0;0;0;1;0;
