03-08;ATL-BOS;102-107;
26-28;21-24;21-20;26-22;8-13;
ATL
Josh Smith;F;45:35;13;27;3;9;3;4;1;7;8;8;0;1;5;2;32;
Al Horford;F;47:15;9;16;0;0;4;6;5;8;13;5;1;2;1;1;22;
Johan Petro;C;17:09;1;3;0;0;0;0;1;3;4;1;1;0;0;3;2;
Devin Harris;G;27:49;5;10;1;5;1;2;0;1;1;1;0;0;2;1;12;
Jeff Teague;G;44:18;10;20;3;5;3;3;1;2;3;9;2;0;3;3;26;
Anthony Tolliver;;34:06;1;7;1;4;2;2;1;5;6;5;2;0;2;3;5;
Kyle Korver;;38:10;1;5;1;4;0;0;0;4;4;2;1;0;0;3;3;
John Jenkins;;7:14;0;0;0;0;0;0;0;1;1;0;0;0;0;0;0;
Dahntay Jones;;3:24;0;0;0;0;0;0;1;0;1;1;0;0;1;1;0;
BOS
Paul Pierce;F;39:08;10;16;3;7;4;6;0;7;7;7;2;0;2;3;27;
Brandon Bass;F;22:56;4;6;0;0;0;0;0;2;2;0;0;1;1;1;8;
Kevin Garnett;C;35:06;7;16;1;2;2;2;0;8;8;2;2;0;0;2;17;
Courtney Lee;G;27:38;2;3;0;0;0;0;0;4;4;2;1;0;3;4;4;
Avery Bradley;G;37:46;2;7;0;0;1;2;2;2;4;4;1;0;2;2;5;
Chris Wilcox;;13:12;1;1;0;0;4;4;0;2;2;0;0;1;1;1;6;
Jeff Green;;36:05;5;11;2;4;0;0;0;2;2;3;1;1;1;2;12;
Jason Terry;;35:58;5;11;3;4;6;6;0;4;4;5;2;0;3;1;19;
Jordan Crawford;;15:14;4;7;1;3;0;0;0;2;2;0;0;0;1;1;9;
Terrence Williams;;1:57;0;0;0;0;0;0;0;0;0;0;0;0;1;0;0;
