12-10;TOR-POR;74-92;
19-18;21-26;19-20;15-28;
TOR
Mickael Pietrus;F;37:44;3;13;1;7;2;4;0;3;3;0;1;0;2;1;9;
Andrea Bargnani;F;7:38;1;3;0;2;0;0;0;2;2;0;0;0;1;1;2;
Jonas Valanciunas;C;34:10;4;6;0;0;0;0;3;7;10;2;0;3;3;3;8;
DeMar DeRozan;G;42:54;7;16;0;2;6;6;0;4;4;1;0;0;3;0;20;
Kyle Lowry;G;17:12;0;5;0;1;1;1;0;7;7;2;3;0;2;3;1;
Ed Davis;;24:29;3;7;0;0;8;8;4;5;9;2;1;1;1;6;14;
Jose Calderon;;31:31;4;7;2;4;2;2;0;2;2;6;0;0;1;2;12;
Amir Johnson;;10:18;2;6;0;0;0;0;2;2;4;0;0;1;0;3;4;
Terrence Ross;;13:23;1;5;0;1;0;0;0;1;1;0;0;0;0;1;2;
John Lucas III;;12:03;0;4;0;4;0;0;0;0;0;0;0;0;1;0;0;
Aaron Gray;;8:38;1;2;0;0;0;0;0;3;3;0;0;0;0;0;2;
POR
Victor Claver;F;25:35;2;12;0;3;0;0;1;4;5;2;2;0;1;2;4;
LaMarcus Aldridge;F;38:34;11;19;0;0;8;8;4;8;12;0;2;2;1;2;30;
JJ Hickson;C;23:11;7;7;0;0;2;3;3;8;11;0;1;0;1;2;16;
Sasha Pavlovic;G;41:33;5;12;0;5;0;1;0;7;7;5;1;0;0;4;10;
Damian Lillard;G;35:30;2;14;0;5;5;5;1;4;5;6;0;0;2;0;9;
Will Barton;;11:36;0;1;0;0;0;0;0;0;0;0;0;0;0;1;0;
Jared Jeffries;;10:17;1;2;0;0;0;0;1;3;4;0;0;1;1;2;2;
Luke Babbitt;;21:04;2;9;0;5;0;0;0;3;3;0;1;0;0;4;4;
Nolan Smith;;21:27;4;10;0;1;3;3;0;0;0;3;1;0;1;1;11;
Meyers Leonard;;11:13;2;3;0;1;2;2;1;0;1;0;0;0;0;0;6;
