11-30;MIL-MIN;85-95;
30-29;17-28;16-11;22-27;
MIL
Tobias Harris;F;19:40;1;9;0;1;2;2;2;3;5;2;3;0;1;3;4;
John Henson;F;19:05;4;7;0;0;2;2;4;3;7;0;0;0;0;4;10;
Samuel Dalembert;C;15:52;1;3;0;0;0;0;1;5;6;1;0;1;1;2;2;
Monta Ellis;G;36:15;8;22;1;3;1;2;0;2;2;1;3;0;1;2;18;
Brandon Jennings;G;35:29;6;19;3;6;3;4;1;5;6;4;1;1;3;1;18;
Mike Dunleavy;;22:37;2;9;1;5;2;2;0;0;0;1;2;0;2;3;7;
Larry Sanders;;32:08;5;7;0;0;0;0;2;10;12;1;1;10;0;2;10;
Ekpe Udoh;;28:37;3;6;0;0;2;2;2;1;3;2;0;2;2;4;8;
Beno Udrih;;14:53;1;4;0;1;0;0;1;3;4;1;0;0;0;0;2;
Doron Lamb;;15:22;3;7;0;2;0;0;0;2;2;1;0;0;1;2;6;
Joel Przybilla;;0:02;0;0;0;0;0;2;0;0;0;0;0;0;0;1;0;
MIN
Josh Howard;F;24:04;3;8;0;0;2;2;1;3;4;2;1;0;1;5;8;
Kevin Love;F;30:19;5;19;1;7;4;7;4;10;14;0;1;0;1;1;15;
Nikola Pekovic;C;35:47;5;12;0;0;4;6;5;11;16;1;2;3;2;2;14;
Jose Juan Barea;G;31:29;6;10;1;1;2;2;1;0;1;5;0;0;3;0;15;
Luke Ridnour;G;35:52;6;13;1;2;3;4;0;4;4;2;0;0;2;0;16;
Alexey Shved;;32:23;5;9;4;6;2;2;0;3;3;5;2;0;3;1;16;
Dante Cunningham;;23:37;2;9;0;0;0;0;2;0;2;0;0;2;1;4;4;
Derrick Williams;;15:27;2;4;1;3;2;4;2;8;10;0;0;1;2;0;7;
Greg Stiemsma;;11:02;0;3;0;0;0;0;1;1;2;0;0;0;0;0;0;
