01-21;IND-MEM;82-81;
26-27;17-12;22-24;17-18;
IND
Paul George;F;42:30;5;13;2;4;0;0;1;9;10;8;2;0;0;0;12;
David West;F;35:53;7;16;0;1;0;0;1;1;2;3;3;5;3;1;14;
Roy Hibbert;C;32:35;4;7;0;0;2;2;1;4;5;2;1;4;2;3;10;
Lance Stephenson;G;35:14;3;7;1;4;1;2;0;3;3;1;1;1;2;1;8;
George Hill;G;32:35;5;9;1;2;2;3;0;4;4;4;1;0;8;2;13;
Gerald Green;;6:28;0;3;0;1;0;0;0;0;0;1;0;0;0;0;0;
Tyler Hansbrough;;12:07;4;5;0;0;1;1;5;3;8;0;0;0;2;2;9;
D.J. Augustin;;15:25;2;3;2;3;0;1;0;0;0;3;0;0;0;0;6;
Ian Mahinmi;;15:25;2;4;0;0;0;2;1;1;2;0;0;1;0;3;4;
Orlando Johnson;;11:48;2;2;2;2;0;0;0;0;0;0;0;0;3;2;6;
MEM
Rudy Gay;F;39:57;7;22;0;3;0;0;3;5;8;3;1;0;1;2;14;
Zach Randolph;F;37:09;5;14;0;0;3;3;2;5;7;1;1;0;1;0;13;
Marc Gasol;C;31:23;2;4;0;0;2;2;2;3;5;2;1;1;2;3;6;
Tony Allen;G;25:32;3;8;0;0;0;0;5;3;8;1;3;0;1;0;6;
Mike Conley;G;33:13;6;12;1;4;0;0;0;0;0;2;3;0;3;3;13;
Jerryd Bayless;;19:44;2;3;0;0;0;0;0;4;4;5;0;0;3;0;4;
Wayne Ellington;;25:34;7;9;3;3;0;0;0;0;0;0;0;0;3;0;17;
Marreese Speights;;10:51;1;4;0;0;2;2;1;1;2;1;1;0;1;2;4;
Darrell Arthur;;16:37;2;7;0;0;0;0;1;0;1;1;0;1;0;2;4;
