03-10;POR-NOH;96-98;
22-22;22-31;25-23;27-22;
POR
Nicolas Batum;F;39:34;3;8;2;6;3;3;1;1;2;3;1;0;0;2;11;
LaMarcus Aldridge;F;39:49;6;14;0;0;4;4;2;4;6;1;1;0;2;3;16;
JJ Hickson;C;35:34;6;12;0;0;2;2;3;11;14;1;3;1;2;1;14;
Wesley Matthews;G;38:05;8;15;6;11;2;2;0;4;4;2;2;0;0;2;24;
Damian Lillard;G;37:47;9;16;2;5;0;1;0;2;2;8;1;0;4;0;20;
Eric Maynor;;20:20;3;5;1;2;0;0;0;1;1;4;0;0;3;0;7;
Luke Babbitt;;4:07;0;1;0;1;0;0;0;0;0;0;0;0;0;0;0;
Jared Jeffries;;14:31;0;1;0;0;0;0;0;0;0;0;0;0;0;2;0;
Will Barton;;10:13;2;4;0;0;0;0;0;1;1;1;0;0;0;0;4;
NOH
Al-Farouq Aminu;F;20:34;0;5;0;0;0;0;2;4;6;0;1;0;1;0;0;
Anthony Davis;F;33:13;8;14;0;0;2;3;6;4;10;1;1;1;1;2;18;
Robin Lopez;C;18:31;3;8;0;0;0;0;3;1;4;1;0;2;2;1;6;
Brian Roberts;G;42:54;3;13;1;2;2;2;0;1;1;9;2;0;0;1;9;
Greivis Vasquez;G;37:16;9;15;2;4;0;0;2;5;7;5;2;0;5;1;20;
Ryan Anderson;;33:57;7;15;4;9;2;3;2;11;13;3;2;1;2;1;20;
Roger Mason Jr.;;20:12;4;8;2;3;0;0;0;1;1;1;1;0;2;2;10;
Lance Thomas;;10:21;3;4;0;0;1;1;3;0;3;0;0;0;0;2;7;
Darius Miller;;23:02;3;4;2;2;0;0;1;2;3;5;0;0;0;1;8;
