12-01;PHI-CHI;88-93;
19-22;22-19;23-26;24-26;
PHI
Evan Turner;F;42:51;6;17;0;1;0;0;0;4;4;7;3;0;1;1;12;
Thaddeus Young;F;40:19;10;16;0;0;2;5;1;6;7;1;4;4;1;2;22;
Lavoy Allen;C;33:10;4;8;0;0;2;2;3;5;8;0;0;1;0;4;10;
Jason Richardson;G;34:02;3;12;1;6;1;1;2;4;6;2;1;0;1;3;8;
Jrue Holiday;G;38:34;9;17;1;3;4;6;1;2;3;7;2;0;1;2;23;
Dorell Wright;;19:29;2;2;1;1;0;0;1;2;3;0;0;0;3;2;5;
Spencer Hawes;;22:09;2;7;0;0;2;2;3;3;6;0;0;0;3;3;6;
Maalik Wayns;;9:26;0;3;0;1;2;2;0;0;0;0;0;0;1;2;2;
CHI
Luol Deng;F;42:21;10;16;1;2;4;4;3;4;7;7;2;0;5;1;25;
Carlos Boozer;F;32:47;5;14;0;0;2;4;3;9;12;3;0;1;2;2;12;
Joakim Noah;C;41:27;6;15;0;0;0;0;4;9;13;7;1;1;3;3;12;
Richard Hamilton;G;22:56;6;12;0;0;3;4;1;2;3;1;0;0;1;2;15;
Kirk Hinrich;G;36:27;2;6;1;1;1;2;0;5;5;6;0;2;1;4;6;
Jimmy Butler;;19:51;1;1;1;1;0;2;0;2;2;2;1;1;0;0;3;
Taj Gibson;;21:29;5;8;0;0;1;2;1;7;8;0;0;1;1;3;11;
Nate Robinson;;11:36;2;5;1;3;2;3;0;0;0;2;0;0;0;0;7;
Marco Belinelli;;11:07;1;4;0;0;0;0;0;0;0;0;0;0;0;1;2;
