03-12;MEM-POR;102-97;
21-21;27-19;20-18;34-39;
MEM
Tayshaun Prince;F;27:29;4;6;1;1;0;0;1;5;6;1;1;1;2;1;9;
Zach Randolph;F;28:00;8;13;0;0;3;3;4;6;10;1;1;0;1;3;19;
Marc Gasol;C;36:38;8;13;0;0;4;6;0;2;2;5;1;2;2;5;20;
Tony Allen;G;23:51;5;10;0;1;2;5;1;1;2;0;0;2;1;0;12;
Mike Conley;G;35:22;4;12;0;3;6;8;0;4;4;15;4;0;3;4;14;
Ed Davis;;25:25;6;9;0;0;2;3;2;7;9;1;1;2;0;2;14;
Jerryd Bayless;;27:34;1;7;1;3;2;2;0;1;1;6;1;0;1;5;5;
Quincy Pondexter;;23:03;3;5;1;3;1;2;1;2;3;0;1;0;0;2;8;
Tony Wroten;;12:38;0;1;0;0;1;2;0;0;0;2;0;0;1;2;1;
POR
Nicolas Batum;F;41:12;0;5;0;3;4;4;1;9;10;2;2;2;3;4;4;
LaMarcus Aldridge;F;40:05;10;19;0;0;8;8;4;6;10;4;1;4;4;3;28;
JJ Hickson;C;26:06;3;10;0;0;2;2;3;6;9;0;2;0;2;2;8;
Wesley Matthews;G;34:03;3;10;2;5;0;0;1;3;4;2;0;0;2;2;8;
Damian Lillard;G;38:43;8;17;3;5;8;8;0;1;1;7;0;0;2;3;27;
Eric Maynor;;26:19;3;8;0;2;5;5;2;2;4;1;1;0;2;3;11;
Meyers Leonard;;17:16;3;6;0;0;0;0;2;5;7;0;0;0;1;4;6;
Joel Freeland;;5:44;1;1;0;0;0;0;0;0;0;0;0;0;0;1;2;
Will Barton;;10:32;1;3;0;1;1;2;1;0;1;1;0;0;0;1;3;
