01-20;OKC-DEN;118-121;
25-25;25-26;29-30;30-28;9-12;
OKC
Kevin Durant;F;48:42;7;20;3;10;20;21;0;7;7;8;2;0;5;4;37;
Serge Ibaka;F;41:47;7;11;0;0;2;6;3;3;6;1;0;2;0;4;16;
Kendrick Perkins;C;30:33;3;4;0;0;1;2;0;5;5;0;0;2;3;6;7;
Thabo Sefolosha;G;29:58;2;3;0;0;0;0;3;4;7;2;3;0;1;4;4;
Russell Westbrook;G;48:06;10;26;1;7;15;17;2;6;8;9;0;0;7;4;36;
Kevin Martin;;37:09;6;10;4;6;2;2;1;1;2;1;3;0;3;1;18;
Nick Collison;;19:36;0;1;0;0;0;0;2;2;4;1;1;0;3;3;0;
Reggie Jackson;;5:51;0;1;0;1;0;0;0;0;0;0;1;0;0;0;0;
Hasheem Thabeet;;1:56;0;0;0;0;0;0;0;0;0;0;0;1;1;1;0;
DeAndre Liggins;;1:22;0;0;0;0;0;0;0;0;0;0;0;0;0;1;0;
DEN
Danilo Gallinari;F;37:30;5;11;3;7;5;8;0;6;6;3;3;0;2;4;18;
Kenneth Faried;F;40:09;7;12;0;0;2;6;4;6;10;4;1;4;3;5;16;
Kosta Koufos;C;20:31;5;7;0;0;0;0;3;8;11;0;1;0;3;6;10;
Andre Iguodala;G;26:44;4;8;1;2;0;0;2;1;3;3;2;1;3;2;9;
Ty Lawson;G;44:45;4;13;0;1;3;4;2;3;5;9;1;0;7;1;11;
JaVale McGee;;16:51;3;7;0;0;2;3;2;2;4;0;0;0;1;2;8;
Corey Brewer;;34:02;9;17;3;6;5;7;3;3;6;3;1;1;3;5;26;
Wilson Chandler;;16:02;4;8;0;1;4;4;3;1;4;1;0;0;0;4;12;
Andre Miller;;28:02;4;10;1;1;2;2;1;0;1;3;0;0;1;4;11;
Timofey Mozgov;;0:24;0;0;0;0;0;0;0;0;0;0;0;0;0;0;0;
