03-08;UTA-CHI;88-89;
23-26;23-29;24-17;18-17;
UTA
DeMarre Carroll;F;9:35;2;5;0;1;0;0;1;0;1;2;1;0;1;3;4;
Paul Millsap;F;20:39;4;9;0;0;2;4;2;4;6;0;0;2;0;3;10;
Al Jefferson;C;30:21;10;16;0;0;3;5;3;3;6;3;0;3;3;1;23;
Randy Foye;G;21:14;0;4;0;2;0;0;0;1;1;2;0;0;0;2;0;
Mo Williams;G;26:45;1;7;0;1;0;0;1;3;4;3;0;0;4;0;2;
Jamaal Tinsley;;16:44;2;7;0;3;1;2;0;1;1;5;1;0;1;1;5;
Derrick Favors;;27:27;3;6;0;0;5;6;3;7;10;0;1;6;2;4;11;
Marvin Williams;;27:01;6;10;2;2;0;0;4;6;10;1;1;0;1;3;14;
Gordon Hayward;;28:55;2;6;0;1;1;1;0;1;1;1;1;0;1;1;5;
Enes Kanter;;17:33;5;8;0;0;0;0;2;1;3;0;0;0;0;2;10;
Alec Burks;;13:46;2;3;0;0;0;0;1;2;3;1;1;0;1;2;4;
CHI
Luol Deng;F;40:48;4;12;0;3;4;4;2;4;6;1;2;1;0;2;12;
Carlos Boozer;F;42:40;10;22;0;0;2;3;3;7;10;1;1;0;0;3;22;
Joakim Noah;C;32:11;3;8;0;0;3;4;8;5;13;3;1;0;3;5;9;
Marco Belinelli;G;42:43;7;14;3;4;5;5;0;4;4;3;1;0;3;3;22;
Nate Robinson;G;36:04;4;13;1;8;5;6;2;4;6;7;1;0;4;1;14;
Jimmy Butler;;21:47;0;2;0;1;1;2;0;3;3;2;1;0;0;1;1;
Nazr Mohammed;;19:41;2;8;0;0;5;6;5;2;7;0;1;0;0;0;9;
Marquis Teague;;4:05;0;2;0;1;0;0;1;0;1;2;0;0;1;1;0;
