01-01;SAC-DET;97-103;
28-27;20-31;19-22;30-23;
SAC
John Salmons;F;27:52;4;9;2;5;0;0;0;1;1;6;1;0;2;2;10;
Jason Thompson;F;32:58;6;10;0;0;4;6;2;4;6;1;0;1;0;1;16;
DeMarcus Cousins;C;35:42;10;21;0;0;1;2;8;6;14;2;3;0;2;5;21;
Francisco Garcia;G;24:06;1;5;1;3;2;2;1;0;1;2;3;0;1;1;5;
Isaiah Thomas;G;26:24;4;10;2;5;2;2;0;2;2;2;1;0;4;0;12;
Charles Hayes;;5:25;0;0;0;0;0;0;0;0;0;1;0;0;1;1;0;
James Johnson;;25:11;2;6;0;1;0;0;2;3;5;0;0;2;2;4;4;
Aaron Brooks;;21:48;2;8;1;6;2;2;0;3;3;3;0;0;1;4;7;
Jimmer Fredette;;23:34;4;10;3;5;3;3;0;1;1;1;0;0;0;2;14;
Thomas Robinson;;3:24;1;3;0;0;0;0;0;0;0;1;0;0;0;0;2;
Travis Outlaw;;13:36;2;4;0;1;2;4;3;1;4;0;2;0;0;0;6;
DET
Tayshaun Prince;F;34:41;5;8;0;2;0;0;1;5;6;3;1;1;4;2;10;
Jason Maxiell;F;24:55;3;6;0;0;1;2;3;2;5;0;1;1;4;3;7;
Greg Monroe;C;37:56;6;13;0;0;6;8;4;7;11;3;1;2;4;1;18;
Kyle Singler;G;33:12;2;5;0;2;0;0;0;4;4;2;1;0;1;1;4;
Brandon Knight;G;34:44;8;13;2;6;2;3;0;2;2;4;0;0;2;0;20;
Andre Drummond;;21:27;3;6;0;0;1;2;3;8;11;0;1;3;0;2;7;
Austin Daye;;21:26;5;10;2;4;1;1;0;2;2;2;0;0;0;4;13;
Will Bynum;;20:44;4;9;1;1;6;6;2;0;2;4;1;0;2;1;15;
Charlie Villanueva;;10:55;3;5;3;5;0;0;0;1;1;1;1;1;0;1;9;
