12-26;SAC-POR;91-109;
26-31;18-31;23-29;24-18;
SAC
John Salmons;F;29:25;6;10;3;4;4;4;0;2;2;4;1;0;0;1;19;
James Johnson;F;17:43;2;9;0;1;0;0;3;1;4;3;2;1;2;2;4;
Jason Thompson;C;25:00;5;10;0;0;1;2;2;4;6;0;0;1;0;3;11;
Marcus Thornton;G;22:09;2;9;2;6;0;0;2;1;3;2;0;0;0;2;6;
Aaron Brooks;G;20:14;4;8;1;3;0;0;0;0;0;5;1;0;1;0;9;
Charles Hayes;;26:02;1;2;0;0;2;2;1;8;9;3;0;0;1;1;4;
Isaiah Thomas;;27:46;4;11;2;5;2;2;0;1;1;6;1;0;2;3;12;
Thomas Robinson;;20:38;3;7;0;0;0;2;1;2;3;0;1;0;0;1;6;
Jimmer Fredette;;19:51;2;8;0;2;3;4;1;1;2;2;2;0;2;0;7;
Travis Outlaw;;10:45;2;5;0;0;0;0;1;2;3;0;0;0;2;4;4;
Francisco Garcia;;18:45;4;7;1;3;0;0;0;1;1;3;0;1;0;1;9;
Tyler Honeycutt;;1:42;0;0;0;0;0;0;1;0;1;0;0;0;0;0;0;
POR
Nicolas Batum;F;37:52;6;11;2;5;4;4;1;5;6;5;1;1;6;2;18;
LaMarcus Aldridge;F;36:31;11;21;0;1;6;7;5;7;12;4;1;0;2;1;28;
JJ Hickson;C;32:10;8;13;0;0;1;2;5;9;14;1;0;2;0;2;17;
Victor Claver;G;21:08;0;4;0;3;0;0;0;0;0;2;0;0;1;1;0;
Damian Lillard;G;37:47;7;14;3;5;0;0;2;6;8;11;1;1;4;3;17;
Will Barton;;25:43;6;9;0;1;2;2;1;0;1;1;0;0;1;1;14;
Ronnie Price;;13:19;2;3;1;2;0;0;0;1;1;4;2;0;0;3;5;
Meyers Leonard;;15:50;3;5;0;1;1;1;2;3;5;0;0;0;1;0;7;
Luke Babbitt;;8:01;0;2;0;2;1;2;0;2;2;2;0;0;1;2;1;
Sasha Pavlovic;;3:27;0;2;0;1;0;0;1;0;1;0;0;0;0;0;0;
Joel Freeland;;6:31;1;3;0;0;0;0;0;3;3;0;0;0;1;2;2;
Nolan Smith;;1:42;0;0;0;0;0;2;0;0;0;1;0;0;0;0;0;
