12-13;SAS-POR;90-98;
21-23;24-26;24-27;21-22;
SAS
Danny Green;F;28:40;2;6;1;4;0;0;0;3;3;2;2;0;1;2;5;
Tim Duncan;F;29:40;6;13;0;0;4;4;2;4;6;1;2;2;3;1;16;
DeJuan Blair;C;9:59;1;1;0;0;0;0;1;2;3;0;0;0;0;1;2;
Gary Neal;G;32:56;2;10;2;7;0;0;0;6;6;2;0;0;3;1;6;
Tony Parker;G;37:04;7;15;0;0;7;7;1;1;2;5;1;0;4;1;21;
Manu Ginobili;;30:22;4;7;1;3;3;6;1;5;6;7;1;0;4;2;12;
Tiago Splitter;;28:56;4;8;0;0;4;8;1;6;7;3;1;0;1;1;12;
Boris Diaw;;20:24;3;4;1;1;0;0;1;2;3;2;0;0;3;0;7;
Patty Mills;;12:05;3;6;1;3;0;0;0;1;1;0;0;0;0;1;7;
Nando De Colo;;5:29;1;1;0;0;0;0;0;1;1;1;1;0;0;0;2;
Matt Bonner;;4:06;0;1;0;1;0;0;0;0;0;0;0;0;0;1;0;
Cory Joseph;;0:19;0;0;0;0;0;0;0;0;0;0;0;0;0;0;0;
POR
Nicolas Batum;F;38:09;4;11;1;6;2;2;0;3;3;8;0;2;2;1;11;
LaMarcus Aldridge;F;37:21;10;16;0;0;2;2;1;5;6;0;3;2;5;4;22;
JJ Hickson;C;27:22;5;8;0;0;2;2;4;8;12;1;0;0;0;3;12;
Victor Claver;G;12:22;0;4;0;2;0;0;0;0;0;0;2;0;1;0;0;
Damian Lillard;G;40:29;11;22;2;6;5;5;0;7;7;6;0;0;2;3;29;
Sasha Pavlovic;;32:59;2;7;2;3;0;0;1;3;4;2;4;1;0;3;6;
Meyers Leonard;;16:56;1;3;0;0;0;0;3;5;8;0;1;0;1;2;2;
Nolan Smith;;7:50;1;5;0;2;0;1;0;0;0;2;0;0;2;2;2;
Will Barton;;6:22;1;2;0;1;0;0;0;0;0;0;0;0;0;0;2;
Luke Babbitt;;20:10;5;10;2;7;0;0;0;0;0;0;1;0;1;1;12;
