11-19;IND-WAS;96-89;
28-13;22-28;21-26;25-22;
IND
Paul George;F;24:13;2;7;1;3;1;2;1;4;5;2;0;0;3;4;6;
David West;F;36:46;10;14;0;0;10;10;3;5;8;3;1;4;4;2;30;
Roy Hibbert;C;33:11;8;10;0;0;4;5;3;9;12;3;0;4;2;5;20;
Lance Stephenson;G;16:20;1;1;0;0;0;1;0;3;3;4;1;0;1;3;2;
George Hill;G;35:39;2;11;0;6;8;8;0;3;3;5;1;0;2;4;12;
Sam Young;;35:25;4;10;1;6;0;0;1;7;8;1;0;0;2;5;9;
Tyler Hansbrough;;11:14;1;1;0;0;0;0;0;3;3;0;0;0;2;1;2;
Gerald Green;;16:41;4;8;1;2;0;0;0;1;1;1;0;0;0;0;9;
Ian Mahinmi;;14:49;1;3;0;0;0;0;0;2;2;0;1;2;3;1;2;
D.J. Augustin;;15:42;1;5;0;2;2;3;0;1;1;1;1;0;1;2;4;
WAS
Trevor Ariza;F;13:18;2;9;0;2;2;2;2;3;5;2;0;0;1;1;6;
Jan Vesely;F;21:48;2;4;0;0;1;1;2;0;2;1;0;0;1;3;5;
Emeka Okafor;C;9:06;0;4;0;0;1;2;1;0;1;0;0;0;0;0;1;
Jordan Crawford;G;24:11;2;12;0;4;7;7;2;1;3;2;0;0;3;1;11;
A.J. Price;G;23:51;2;8;1;5;3;3;1;1;2;0;1;0;0;0;8;
Kevin Seraphin;;25:21;6;11;0;0;1;2;2;1;3;0;0;0;3;5;13;
Trevor Booker;;23:25;2;5;0;0;0;0;3;5;8;0;4;0;0;5;4;
Bradley Beal;;29:53;4;12;3;6;7;9;0;2;2;1;1;2;2;1;18;
Shaun Livingston;;24:09;5;12;0;0;0;0;0;2;2;4;0;0;0;1;10;
Martell Webster;;10:08;0;1;0;0;0;0;0;0;0;2;0;0;0;3;0;
Earl Barron;;14:55;2;4;0;0;0;0;1;2;3;1;2;0;0;5;4;
Chris Singleton;;19:55;4;5;0;0;1;5;0;5;5;0;2;0;0;2;9;
