12-07;TOR-UTA;99-131;
29-25;23-38;24-32;23-36;
TOR
Mickael Pietrus;F;29:50;4;7;4;5;1;2;2;2;4;0;1;3;3;1;13;
Andrea Bargnani;F;33:27;8;15;1;3;3;4;0;8;8;0;0;2;3;2;20;
Jonas Valanciunas;C;19:58;1;2;0;0;4;4;2;2;4;0;0;0;2;5;6;
DeMar DeRozan;G;33:31;5;15;0;2;7;7;1;4;5;2;0;0;2;2;17;
Kyle Lowry;G;29:20;3;10;0;4;4;6;1;2;3;4;1;0;2;5;10;
Amir Johnson;;19:15;4;8;0;0;2;2;3;1;4;0;1;0;0;3;10;
Terrence Ross;;19:24;2;7;0;2;0;0;1;2;3;1;0;2;0;2;4;
Ed Davis;;9:37;0;1;0;0;0;0;0;1;1;0;0;0;0;2;0;
Aaron Gray;;3:44;0;0;0;0;0;0;0;1;1;1;0;0;2;2;0;
Jose Calderon;;23:40;1;4;0;2;5;6;1;3;4;3;1;0;1;2;7;
John Lucas III;;12:22;4;8;1;3;0;0;1;2;3;1;1;0;0;1;9;
Linas Kleiza;;5:52;1;5;1;3;0;0;0;1;1;1;0;0;0;1;3;
UTA
Marvin Williams;F;27:34;5;10;3;5;1;1;1;3;4;0;1;0;0;2;14;
Paul Millsap;F;26:05;7;16;0;0;6;10;3;7;10;5;3;0;1;2;20;
Enes Kanter;C;34:33;7;16;0;0;4;5;4;4;8;0;0;1;1;3;18;
Randy Foye;G;23:03;5;11;3;6;0;0;0;2;2;2;0;3;1;2;13;
Mo Williams;G;24:29;4;7;2;4;1;1;2;2;4;10;0;0;2;2;11;
Jeremy Evans;;23:02;2;2;0;0;6;8;1;4;5;1;0;1;1;4;10;
Gordon Hayward;;22:34;4;10;1;2;8;8;0;3;3;3;1;0;1;1;17;
Jamaal Tinsley;;15:38;2;5;1;2;0;0;1;2;3;4;3;0;2;4;5;
DeMarre Carroll;;27:17;4;6;3;3;0;0;2;6;8;2;1;2;1;3;11;
Earl Watson;;7:53;2;3;0;0;2;2;0;3;3;4;0;1;1;2;6;
Alec Burks;;7:53;3;5;0;1;0;0;1;0;1;0;1;0;0;1;6;
