01-14;MIA-UTA;97-104;
25-30;19-29;21-25;32-20;
MIA
LeBron James;F;43:41;13;19;2;4;4;4;1;3;4;6;3;2;3;5;32;
Udonis Haslem;F;18:50;0;1;0;0;0;0;0;5;5;1;1;0;2;4;0;
Chris Bosh;C;26:35;8;13;0;0;0;0;1;0;1;1;0;1;2;4;16;
Dwyane Wade;G;29:18;5;11;1;2;0;3;1;4;5;4;1;0;2;2;11;
Mario Chalmers;G;37:17;4;8;2;4;2;4;0;2;2;7;1;0;1;4;12;
Joel Anthony;;22:54;1;1;0;0;1;2;2;0;2;2;1;0;0;1;3;
Ray Allen;;23:23;4;6;2;4;0;0;0;0;0;3;0;0;2;3;10;
Rashard Lewis;;27:16;4;10;2;6;3;3;0;4;4;0;1;1;1;1;13;
Norris Cole;;6:02;0;1;0;1;0;0;0;0;0;1;0;0;1;0;0;
Mike Miller;;4:44;0;2;0;2;0;0;0;0;0;0;0;0;0;0;0;
UTA
Marvin Williams;F;32:42;2;8;1;4;0;0;0;2;2;2;2;1;1;1;5;
Paul Millsap;F;32:48;4;14;0;0;9;10;5;4;9;0;2;0;1;3;17;
Al Jefferson;C;37:39;8;14;0;0;7;8;4;7;11;1;1;0;2;4;23;
Randy Foye;G;21:14;3;6;3;4;0;0;1;1;2;2;1;0;0;3;9;
Jamaal Tinsley;G;30:36;1;7;1;5;0;0;0;5;5;7;1;0;5;3;3;
DeMarre Carroll;;15:18;5;7;0;0;2;3;3;1;4;2;1;0;1;1;12;
Derrick Favors;;17:55;3;4;0;0;1;1;0;1;1;2;0;1;0;2;7;
Gordon Hayward;;26:46;8;13;3;4;3;4;0;2;2;4;0;0;2;2;22;
Earl Watson;;9:21;0;0;0;0;0;0;0;0;0;3;1;0;0;0;0;
Enes Kanter;;7:38;1;1;0;0;0;0;0;3;3;2;0;0;1;1;2;
Alec Burks;;8:03;1;2;0;1;2;2;0;1;1;0;0;0;1;0;4;
