12-26;CLE-WAS;87-84;
22-26;23-17;23-25;19-16;
CLE
Alonzo Gee;F;34:03;4;9;1;2;1;2;3;5;8;3;2;0;0;2;10;
Tristan Thompson;F;37:18;5;9;0;0;5;5;3;9;12;0;0;1;2;3;15;
Tyler Zeller;C;36:27;3;10;0;0;0;0;3;4;7;2;1;2;4;3;6;
Dion Waiters;G;27:28;3;11;2;5;1;2;0;0;0;1;1;0;0;2;9;
Kyrie Irving;G;37:09;8;23;3;9;7;11;1;5;6;8;2;0;2;2;26;
Daniel Gibson;;20:40;3;4;3;4;1;3;0;1;1;1;0;0;0;2;10;
Luke Walton;;22:07;3;6;0;1;0;0;2;2;4;2;3;0;0;0;6;
CJ Miles;;13:57;1;6;1;5;0;0;0;0;0;2;0;0;1;2;3;
Jeremy Pargo;;10:51;1;4;0;1;0;0;0;0;0;1;0;0;1;0;2;
WAS
Martell Webster;F;33:55;5;7;2;3;0;0;4;6;10;2;0;0;4;3;12;
Nene;F;25:55;6;10;0;0;4;5;1;6;7;4;0;2;4;3;16;
Emeka Okafor;C;30:25;8;14;0;0;1;2;1;9;10;0;0;4;2;2;17;
Bradley Beal;G;21:20;0;5;0;2;2;2;0;2;2;4;0;0;1;0;2;
Shelvin Mack;G;28:30;2;6;2;3;0;0;1;5;6;7;1;0;3;0;6;
Kevin Seraphin;;12:12;2;6;0;0;0;0;0;0;0;0;1;0;2;2;4;
Jan Vesely;;20:53;1;2;0;1;0;2;2;4;6;1;0;0;1;4;2;
Cartier Martin;;15:03;2;6;0;2;0;0;0;2;2;0;1;0;1;0;4;
Jordan Crawford;;26:40;7;15;0;5;3;3;1;2;3;2;0;0;1;3;17;
Garrett Temple;;18:40;1;3;0;2;0;0;1;2;3;2;1;0;1;4;2;
Chris Singleton;;6:27;1;2;0;0;0;0;1;1;2;0;0;0;0;0;2;
