01-10;NYK-IND;76-81;
14-16;20-23;26-19;16-23;
NYK
Chris Copeland;F;21:36;3;9;0;3;2;2;3;3;6;0;0;0;3;2;8;
Marcus Camby;F;19:34;3;9;0;0;1;1;2;3;5;0;0;1;0;1;7;
Tyson Chandler;C;38:29;5;10;0;0;2;3;8;7;15;0;0;3;2;3;12;
Ronnie Brewer;G;7:48;0;0;0;0;0;0;0;0;0;1;0;0;0;0;0;
Jason Kidd;G;31:00;3;10;2;9;0;0;1;3;4;3;1;0;5;3;8;
J.R. Smith;;40:12;10;29;1;4;4;5;1;2;3;6;1;0;2;2;25;
Amar'e Stoudemire;;21:31;4;11;0;0;1;2;3;5;8;0;0;1;0;3;9;
Pablo Prigioni;;19:33;0;2;0;1;0;0;0;2;2;4;0;0;0;2;0;
Steve Novak;;24:22;1;4;1;3;0;0;0;5;5;0;0;0;0;1;3;
Kurt Thomas;;15:55;2;5;0;0;0;0;1;2;3;0;0;2;0;1;4;
IND
Paul George;F;43:42;10;24;2;8;2;2;3;8;11;5;6;1;1;3;24;
David West;F;34:26;3;11;0;1;0;0;1;4;5;2;1;2;3;2;6;
Roy Hibbert;C;18:52;1;4;0;0;2;4;0;3;3;0;0;2;0;2;4;
Lance Stephenson;G;35:45;3;6;1;2;2;2;1;6;7;4;0;0;1;2;9;
George Hill;G;34:04;2;6;1;5;1;1;0;4;4;4;0;0;2;1;6;
Gerald Green;;16:33;3;8;1;5;0;0;1;5;6;1;0;0;2;1;7;
Tyler Hansbrough;;13:34;1;8;0;0;4;4;3;1;4;0;1;0;0;2;6;
D.J. Augustin;;13:56;0;0;0;0;0;0;0;1;1;0;0;0;0;0;0;
Ian Mahinmi;;20:09;6;7;0;0;1;1;2;4;6;0;0;0;1;4;13;
Jeff Ayres;;8:59;2;5;0;0;2;2;1;0;1;0;0;0;0;2;6;
