11-25;SAS-TOR;111-106;
24-25;25-24;20-21;19-18;9-9;14-9;
SAS
Danny Green;F;43:03;4;11;2;8;0;0;1;6;7;2;1;0;1;2;10;
Tim Duncan;F;36:31;11;19;0;0;2;2;1;3;4;5;0;3;2;0;24;
DeJuan Blair;C;16:06;1;5;0;0;0;0;2;2;4;0;0;0;0;1;2;
Gary Neal;G;29:30;1;6;1;3;1;2;0;7;7;1;0;0;1;2;4;
Tony Parker;G;41:03;11;24;1;4;2;2;0;5;5;5;1;0;4;2;25;
Manu Ginobili;;31:10;4;14;1;7;4;4;0;5;5;5;1;0;0;2;13;
Boris Diaw;;28:52;5;9;1;1;0;0;0;4;4;3;0;0;1;3;11;
Nando De Colo;;6:36;0;0;0;0;0;0;0;1;1;1;0;0;1;0;0;
Tiago Splitter;;20:53;1;4;0;0;3;5;3;2;5;0;0;0;0;0;5;
Matt Bonner;;5:55;0;0;0;0;0;0;0;1;1;0;0;0;0;2;0;
Patty Mills;;5:21;1;2;1;2;0;0;0;3;3;1;1;1;1;1;3;
TOR
Dominic McGuire;F;15:47;0;0;0;0;0;0;0;7;7;0;1;1;1;2;0;
Andrea Bargnani;F;31:21;1;15;0;5;0;0;1;6;7;1;1;1;2;3;2;
Jonas Valanciunas;C;34:26;8;12;0;0;4;5;0;7;7;3;0;3;3;3;20;
DeMar DeRozan;G;46:18;11;27;0;2;4;4;1;6;7;3;3;0;1;2;26;
Kyle Lowry;G;40:27;5;12;4;6;4;4;2;2;4;3;1;1;1;4;18;
Jose Calderon;;36:10;3;13;1;4;2;2;0;1;1;8;0;0;2;2;9;
Terrence Ross;;20:43;1;4;1;2;0;0;1;2;3;1;0;0;0;1;3;
Amir Johnson;;18:10;1;5;0;0;2;2;3;2;5;0;0;2;2;4;4;
Ed Davis;;21:39;7;11;0;0;1;2;8;6;14;0;0;0;0;1;15;
