11-17;DEN-SAS;100-126;
15-33;25-27;28-30;32-36;
DEN
Kenneth Faried;F;26:51;5;8;0;0;4;6;2;3;5;0;2;0;2;4;14;
Danilo Gallinari;F;29:11;7;13;0;2;1;1;2;5;7;1;1;0;4;0;15;
Kosta Koufos;C;18:49;1;3;0;0;0;0;1;1;2;0;0;0;1;3;2;
Andre Iguodala;G;27:52;3;8;0;1;3;4;1;2;3;3;0;0;3;1;9;
Ty Lawson;G;34:41;5;13;0;1;3;5;1;1;2;5;2;0;5;1;13;
JaVale McGee;;20:20;6;10;0;0;0;0;1;7;8;1;1;2;1;3;12;
Andre Miller;;19:07;1;2;0;0;2;2;0;1;1;3;1;0;0;1;4;
Corey Brewer;;27:57;4;9;2;3;3;4;1;6;7;2;1;0;2;3;13;
Timofey Mozgov;;12:38;2;2;0;0;0;0;2;1;3;0;0;0;1;2;4;
Jordan Hamilton;;14:55;1;5;1;2;1;2;1;0;1;2;0;0;1;0;4;
Evan Fournier;;7:39;4;5;1;2;1;2;0;0;0;2;0;0;1;1;10;
SAS
Stephen Jackson;F;27:27;4;11;1;5;0;0;4;5;9;3;2;0;4;2;9;
Tim Duncan;F;22:46;4;8;1;1;5;6;0;5;5;3;1;3;2;1;14;
DeJuan Blair;C;22:40;7;10;0;0;5;6;5;3;8;3;2;1;2;3;19;
Danny Green;G;25:20;6;10;3;5;0;0;1;2;3;1;2;1;1;2;15;
Tony Parker;G;25:21;7;13;0;0;0;0;2;3;5;6;2;0;1;2;14;
Manu Ginobili;;23:14;7;10;5;7;1;2;0;1;1;4;1;0;2;3;20;
Boris Diaw;;29:05;3;4;1;1;2;2;0;3;3;5;0;0;1;0;9;
Tiago Splitter;;18:07;2;5;0;0;1;2;1;2;3;2;0;1;0;3;5;
Patty Mills;;20:25;4;10;2;3;0;0;0;1;1;2;0;0;1;3;10;
Nando De Colo;;16:48;1;3;1;2;2;2;0;1;1;3;1;0;0;2;5;
Matt Bonner;;8:47;2;4;2;3;0;0;1;0;1;1;0;0;0;0;6;
