01-24;LAC-PHX;88-93;
20-24;26-26;20-18;22-25;
LAC
Caron Butler;F;30:09;3;9;1;4;0;0;0;4;4;3;0;0;0;5;7;
Blake Griffin;F;36:34;5;9;0;0;2;8;4;4;8;2;0;2;3;2;12;
DeAndre Jordan;C;18:14;4;5;0;0;2;2;1;3;4;0;0;0;1;2;10;
Willie Green;G;13:37;1;5;1;2;2;2;0;0;0;1;0;0;0;2;5;
Eric Bledsoe;G;29:30;5;10;1;2;4;4;1;6;7;3;3;1;2;6;15;
Lamar Odom;;28:11;2;11;0;0;0;0;4;7;11;4;0;0;1;3;4;
Matt Barnes;;23:30;4;11;1;5;2;4;1;3;4;1;1;1;3;3;11;
Jamal Crawford;;37:09;8;13;2;4;3;4;0;1;1;4;0;0;3;1;21;
Grant Hill;;19:13;1;8;0;1;1;2;1;2;3;1;1;0;1;1;3;
Ronny Turiaf;;3:56;0;2;0;0;0;0;2;1;3;1;0;0;1;0;0;
PHX
PJ Tucker;F;29:30;3;5;0;1;0;0;0;4;4;1;3;0;0;6;6;
Luis Scola;F;35:09;5;11;0;0;4;4;1;8;9;4;0;1;0;2;14;
Marcin Gortat;C;36:20;6;11;0;0;3;4;2;6;8;1;1;1;4;2;15;
Jared Dudley;G;24:56;1;5;1;1;0;0;0;1;1;1;0;0;1;1;3;
Goran Dragic;G;33:38;5;12;3;7;11;14;0;5;5;8;1;0;2;2;24;
Markieff Morris;;24:31;3;6;1;3;7;11;2;6;8;0;0;1;1;2;14;
Sebastian Telfair;;14:22;0;1;0;1;0;0;1;0;1;1;0;1;2;3;0;
Shannon Brown;;18:59;3;8;0;1;3;4;2;0;2;0;2;0;1;4;9;
Michael Beasley;;22:35;4;12;0;2;0;0;0;5;5;2;0;0;3;1;8;
