02-13;ATL-ORL;108-76;
25-19;32-17;33-20;18-20;
ATL
Anthony Tolliver;F;25:27;3;8;1;6;0;0;1;2;3;0;0;0;1;1;7;
Josh Smith;F;30:18;13;20;2;3;2;7;0;10;10;5;0;2;0;0;30;
Al Horford;C;32:27;11;16;0;0;4;6;6;6;12;5;2;0;1;1;26;
Devin Harris;G;25:24;0;6;0;6;4;4;0;3;3;5;1;0;3;1;4;
Jeff Teague;G;27:29;2;6;1;4;2;2;0;0;0;11;1;1;1;2;7;
Kyle Korver;;23:27;2;6;1;5;2;2;3;3;6;4;1;0;0;1;7;
Zaza Pachulia;;17:16;3;9;0;0;2;2;3;3;6;1;0;0;0;1;8;
John Jenkins;;24:01;3;5;3;5;0;0;0;3;3;1;1;0;1;2;9;
DeShawn Stevenson;;9:37;2;5;1;3;0;0;0;0;0;0;0;0;0;1;5;
Mike Scott;;12:34;1;5;0;0;0;0;3;2;5;0;0;0;2;0;2;
Johan Petro;;6:00;0;3;0;1;0;0;1;3;4;0;0;0;0;1;0;
Anthony Morrow;;6:00;1;3;1;1;0;0;0;2;2;0;0;0;0;1;3;
ORL
Maurice Harkless;F;21:12;2;7;0;2;0;0;0;4;4;1;2;1;1;0;4;
Andrew Nicholson;F;28:15;5;9;0;0;0;0;1;5;6;1;0;0;1;1;10;
Nikola Vucevic;C;25:52;3;7;0;0;0;0;1;6;7;3;1;0;3;3;6;
Arron Afflalo;G;27:39;4;10;0;2;1;2;1;2;3;1;1;0;3;1;9;
Jameer Nelson;G;26:39;4;9;1;3;1;1;0;1;1;4;0;0;1;2;10;
JJ Redick;;17:52;3;5;1;1;1;2;0;1;1;0;0;0;1;0;8;
Gustavo Ayon;;6:26;0;2;0;0;0;0;0;0;0;1;0;0;1;3;0;
Kyle O'Quinn;;22:08;3;7;0;0;0;0;2;6;8;1;2;1;1;4;6;
E'Twaun Moore;;21:21;3;9;1;2;2;2;2;0;2;2;1;0;1;1;9;
DeQuan Jones;;19:07;3;9;0;3;0;2;0;3;3;0;0;0;0;2;6;
Josh McRoberts;;6:32;0;1;0;1;0;0;0;0;0;1;0;0;1;3;0;
Ish Smith;;16:57;4;7;0;0;0;0;0;6;6;3;0;0;1;1;8;
