01-11;OKC-LAL;116-101;
25-25;39-23;29-25;23-28;
OKC
Kevin Durant;F;38:53;16;25;4;11;6;8;0;8;8;5;0;1;3;4;42;
Serge Ibaka;F;24:01;3;8;0;1;0;0;2;5;7;0;0;1;2;1;6;
Kendrick Perkins;C;19:57;2;4;0;0;2;2;3;6;9;2;2;3;2;2;6;
Thabo Sefolosha;G;30:44;4;6;1;3;0;0;1;4;5;3;2;0;3;4;9;
Russell Westbrook;G;34:50;10;21;1;5;6;8;2;5;7;10;2;1;3;3;27;
Kevin Martin;;26:44;6;12;3;6;0;1;1;2;3;1;0;0;2;1;15;
Nick Collison;;26:38;1;2;0;0;2;2;3;6;9;5;0;0;0;3;4;
DeAndre Liggins;;12:23;1;2;0;0;0;0;0;1;1;0;1;0;0;2;2;
Reggie Jackson;;15:09;1;4;0;1;2;5;0;2;2;1;1;0;1;1;4;
Jeremy Lamb;;4:26;0;3;0;2;0;0;0;1;1;0;0;0;0;1;0;
Eric Maynor;;3:48;0;0;0;0;0;0;0;0;0;0;0;0;1;0;0;
Hasheem Thabeet;;2:28;0;0;0;0;1;2;0;1;1;1;0;0;0;0;1;
LAL
Metta World Peace;F;34:24;5;18;1;9;1;2;1;2;3;2;1;0;3;4;12;
Earl Clark;F;36:41;5;12;0;0;0;0;2;8;10;3;1;3;1;1;10;
Robert Sacre;C;21:30;3;6;0;0;0;0;3;1;4;0;0;1;3;6;6;
Kobe Bryant;G;35:03;8;23;2;8;10;13;0;4;4;3;2;0;1;2;28;
Steve Nash;G;29:40;3;6;1;3;0;0;3;1;4;7;1;0;2;3;7;
Antawn Jamison;;30:48;8;17;0;3;3;3;5;5;10;2;1;0;1;1;19;
Chris Duhon;;22:45;0;0;0;0;1;2;0;5;5;5;0;1;1;0;1;
Jodie Meeks;;14:45;2;6;0;2;0;0;0;3;3;1;1;0;0;1;4;
Darius Morris;;9:58;3;6;0;1;2;2;2;0;2;0;0;0;0;1;8;
Devin Ebanks;;4:26;2;4;2;2;0;0;0;1;1;0;0;0;0;0;6;
