11-02;CHI-CLE;115-86;
32-16;28-19;23-21;32-30;
CHI
Luol Deng;F;30:50;5;8;1;2;3;3;1;4;5;1;1;2;1;0;14;
Carlos Boozer;F;27:13;7;11;0;0;5;7;1;6;7;6;1;0;3;2;19;
Joakim Noah;C;31:45;4;6;0;0;2;2;1;4;5;1;2;0;4;3;10;
Richard Hamilton;G;26:35;8;12;0;2;3;3;0;1;1;2;0;0;2;2;19;
Kirk Hinrich;G;17:23;3;4;0;0;3;4;1;2;3;6;1;1;0;4;9;
Marco Belinelli;;21:25;3;4;0;1;2;3;0;2;2;0;1;0;1;1;8;
Taj Gibson;;18:12;3;7;0;0;2;4;0;6;6;1;0;1;1;2;8;
Nazr Mohammed;;16:15;0;1;0;0;1;2;0;3;3;1;0;0;1;2;1;
Nate Robinson;;27:05;7;9;2;3;0;0;0;5;5;12;1;0;3;3;16;
Jimmy Butler;;17:10;3;4;0;0;2;2;1;3;4;1;0;0;1;0;8;
Marquis Teague;;3:32;0;1;0;0;0;0;0;0;0;3;0;0;0;1;0;
Vladimir Radmanovic;;2:35;1;2;1;2;0;0;0;0;0;0;0;0;0;1;3;
CLE
Alonzo Gee;F;24:49;4;9;2;3;2;2;2;2;4;1;1;0;3;2;12;
Tristan Thompson;F;23:32;2;6;0;0;2;2;2;3;5;1;0;0;1;3;6;
Anderson Varejao;C;29:32;5;8;0;0;2;2;2;3;5;2;0;0;1;0;12;
Dion Waiters;G;25:02;3;7;1;2;0;2;0;2;2;4;1;1;2;2;7;
Kyrie Irving;G;30:01;6;15;0;1;3;6;1;1;2;4;1;0;4;2;15;
Tyler Zeller;;14:17;3;5;0;0;2;5;2;0;2;0;2;0;1;4;8;
CJ Miles;;18:27;3;11;2;5;0;0;0;1;1;2;1;0;1;1;8;
Daniel Gibson;;20:59;1;4;1;3;0;0;0;3;3;4;1;0;3;6;3;
Luke Walton;;4:26;0;3;0;1;0;0;0;0;0;0;0;0;0;2;0;
Samardo Samuels;;17:50;3;5;0;0;1;2;1;4;5;0;0;0;0;2;7;
Donald Sloan;;17:59;1;3;1;2;1;2;1;1;2;5;0;0;1;1;4;
Omri Casspi;;6:43;1;2;1;2;1;4;0;0;0;0;0;0;0;0;4;
Jon Leuer;;6:23;0;1;0;1;0;0;0;2;2;0;0;0;0;0;0;
