01-08;PHX-MIL;99-108;
33-26;23-24;20-30;23-28;
PHX
Jared Dudley;F;42:19;6;14;2;5;4;4;2;3;5;8;2;0;2;2;18;
Luis Scola;F;30:51;5;12;0;0;2;2;3;7;10;1;0;1;2;4;12;
Marcin Gortat;C;35:11;7;11;0;0;2;2;5;9;14;3;0;1;4;3;16;
PJ Tucker;G;29:04;2;7;0;1;2;4;0;3;3;2;0;1;1;1;6;
Goran Dragic;G;32:28;8;15;1;5;4;5;0;2;2;4;2;0;4;3;21;
Markieff Morris;;17:09;3;8;0;3;3;4;2;2;4;0;1;2;1;3;9;
Shannon Brown;;18:56;2;8;0;1;4;4;2;2;4;1;0;0;1;2;8;
Sebastian Telfair;;15:32;2;7;1;4;0;0;0;2;2;2;0;0;1;2;5;
Wesley Johnson;;5:41;0;3;0;1;0;0;1;0;1;0;0;0;0;0;0;
Jermaine O'Neal;;12:49;2;5;0;0;0;1;1;4;5;0;1;0;0;2;4;
MIL
Luc Mbah a Moute;F;25:26;5;11;1;1;0;0;2;2;4;0;0;0;0;1;11;
Ersan Ilyasova;F;26:26;5;10;2;4;0;0;4;2;6;4;2;0;1;5;12;
Larry Sanders;C;26:26;5;9;0;0;0;1;4;4;8;1;3;6;0;4;10;
Monta Ellis;G;40:10;5;19;1;3;2;2;0;3;3;3;0;0;5;0;13;
Brandon Jennings;G;37:19;9;15;5;7;6;6;2;1;3;9;1;1;2;3;29;
Beno Udrih;;18:31;5;6;0;0;0;0;0;2;2;2;0;0;2;0;10;
Ekpe Udoh;;21:34;0;5;0;0;2;2;3;3;6;2;0;1;0;2;2;
John Henson;;19:06;4;7;0;0;4;7;3;8;11;2;0;1;1;3;12;
Mike Dunleavy;;25:02;4;9;0;2;1;1;0;3;3;2;0;1;0;0;9;
