01-02;DAL-MIA;109-119;
30-22;22-28;27-31;24-22;6-16;
DAL
Vince Carter;F;36:04;5;16;1;8;4;4;1;8;9;3;1;1;3;3;15;
Shawn Marion;F;32:27;2;8;0;0;2;2;3;6;9;1;1;0;1;1;6;
Chris Kaman;C;28:28;6;13;0;0;2;2;3;7;10;2;0;3;0;5;14;
O.J. Mayo;G;45:58;12;21;4;10;2;2;0;3;3;6;2;0;6;3;30;
Darren Collison;G;40:08;4;9;1;2;2;3;0;4;4;3;1;0;1;2;11;
Dirk Nowitzki;;29:14;7;15;2;4;3;4;0;6;6;1;0;0;2;3;19;
Dahntay Jones;;21:08;1;4;1;2;1;2;0;2;2;1;2;0;0;3;4;
Elton Brand;;17:08;3;4;0;0;1;1;1;2;3;1;0;0;0;3;7;
Rodrigue Beaubois;;13:23;1;4;1;2;0;0;0;1;1;1;0;1;0;1;3;
Chris Douglas-Roberts;;0:31;0;0;0;0;0;0;0;0;0;0;0;0;0;0;0;
Bernard James;;0:31;0;0;0;0;0;0;0;0;0;0;0;0;0;0;0;
MIA
LeBron James;F;42:01;11;20;1;3;9;11;1;11;12;9;3;1;4;0;32;
Udonis Haslem;F;20:28;2;4;0;0;0;0;2;4;6;0;3;0;3;3;4;
Chris Bosh;C;39:42;7;10;1;1;2;3;0;4;4;0;0;3;0;2;17;
Dwyane Wade;G;44:36;9;21;1;3;8;9;2;8;10;5;2;2;1;0;27;
Mario Chalmers;G;26:42;3;8;1;4;2;2;0;3;3;4;3;0;0;2;9;
Shane Battier;;27:60;2;5;2;5;0;0;0;0;0;0;1;2;0;5;6;
Joel Anthony;;11:37;0;1;0;0;2;4;1;1;2;0;0;0;0;0;2;
Ray Allen;;27:24;5;10;3;6;2;2;1;6;7;1;0;0;0;1;15;
Norris Cole;;16:31;2;7;0;1;0;0;0;0;0;0;0;0;1;1;4;
Mike Miller;;7:29;1;3;1;3;0;0;0;2;2;2;0;0;0;2;3;
Josh Harrellson;;0:31;0;0;0;0;0;0;0;0;0;0;0;0;0;0;0;
