12-30;UTA-LAC;96-107;
24-29;21-25;31-25;20-28;
UTA
DeMarre Carroll;F;25:03;2;5;1;2;1;2;4;4;8;0;1;0;0;3;6;
Paul Millsap;F;20:06;2;7;0;0;5;9;1;2;3;2;0;1;0;2;9;
Al Jefferson;C;33:47;13;22;0;0;4;5;0;8;8;2;1;4;2;2;30;
Randy Foye;G;27:55;3;8;2;2;2;3;0;1;1;1;1;0;0;5;10;
Jamaal Tinsley;G;26:32;3;7;1;3;1;2;0;1;1;11;2;0;5;0;8;
Gordon Hayward;;27:49;5;15;1;4;5;5;2;3;5;2;2;0;2;1;16;
Earl Watson;;21:28;0;3;0;1;0;0;1;0;1;5;1;0;1;2;0;
Derrick Favors;;28:42;3;6;0;0;5;6;1;6;7;3;1;1;2;4;11;
Enes Kanter;;13:18;1;3;0;0;2;2;1;2;3;1;0;0;2;3;4;
Alec Burks;;15:20;1;4;0;1;0;0;0;1;1;2;0;0;2;2;2;
LAC
Caron Butler;F;24:56;10;14;6;6;3;4;0;3;3;1;2;1;2;4;29;
Blake Griffin;F;25:45;3;5;0;0;1;5;1;6;7;3;0;0;2;5;7;
DeAndre Jordan;C;30:01;4;7;0;0;6;8;0;6;6;1;0;3;0;4;14;
Willie Green;G;16:00;2;4;0;1;1;1;0;1;1;3;0;0;0;3;5;
Chris Paul;G;35:24;7;14;0;3;5;5;0;1;1;9;5;0;2;1;19;
Jamal Crawford;;29:35;7;16;1;5;4;4;2;2;4;3;2;0;2;2;19;
Eric Bledsoe;;12:36;2;5;0;0;0;0;1;1;2;3;0;1;1;0;4;
Matt Barnes;;25:36;3;4;1;2;0;0;0;4;4;1;1;1;1;2;7;
Ronny Turiaf;;15:04;1;4;0;0;1;2;2;3;5;0;0;1;0;2;3;
Lamar Odom;;25:03;0;5;0;1;0;0;3;5;8;1;0;3;2;3;0;
