03-17;NYK-LAC;80-93;
18-21;19-23;23-28;20-21;
NYK
Chris Copeland;F;25:38;5;11;3;4;0;0;0;4;4;2;0;0;2;3;13;
Kenyon Martin;F;28:08;2;6;0;0;0;1;3;6;9;3;0;1;0;5;4;
Kurt Thomas;C;16:34;1;5;0;0;0;0;0;5;5;2;1;0;0;4;2;
Iman Shumpert;G;17:28;2;6;0;3;1;2;0;1;1;1;1;0;2;3;5;
Raymond Felton;G;41:16;7;15;2;4;0;0;0;3;3;9;0;0;2;2;16;
J.R. Smith;;36:11;4;20;1;7;8;9;0;6;6;1;1;0;3;2;17;
Marcus Camby;;22:09;0;6;0;0;1;2;3;1;4;1;1;0;0;2;1;
Jason Kidd;;24:40;4;7;3;5;0;0;0;4;4;1;2;0;0;1;11;
Steve Novak;;15:56;3;3;3;3;0;0;1;1;2;0;1;0;0;2;9;
Pablo Prigioni;;12:00;1;2;0;0;0;0;0;1;1;1;0;0;0;3;2;
LAC
Caron Butler;F;28:48;5;9;4;6;0;0;0;5;5;1;0;0;2;4;14;
Blake Griffin;F;38:14;6;14;0;0;0;5;4;8;12;3;1;2;1;2;12;
DeAndre Jordan;C;23:53;4;5;0;0;0;4;4;6;10;0;0;2;3;1;8;
Chauncey Billups;G;25:00;2;9;0;4;8;9;0;4;4;5;1;0;1;3;12;
Chris Paul;G;36:30;6;12;1;3;7;8;1;3;4;8;1;0;1;1;20;
Jamal Crawford;;35:59;5;15;2;9;0;0;0;2;2;1;1;0;2;0;12;
Matt Barnes;;21:12;2;6;1;5;0;0;0;5;5;0;0;3;1;3;5;
Lamar Odom;;20:38;3;4;0;1;1;2;2;3;5;2;1;0;1;2;7;
Ryan Hollins;;9:46;1;1;0;0;1;3;1;3;4;0;0;1;0;2;3;
