12-03;MIL-NOH;81-102;
28-30;22-23;17-24;14-25;
MIL
Marquis Daniels;F;15:56;1;3;0;1;0;0;1;2;3;2;0;1;0;3;2;
John Henson;F;16:05;1;5;0;0;0;2;1;1;2;1;0;0;0;0;2;
Ekpe Udoh;C;26:54;2;7;0;0;3;3;3;3;6;2;0;1;3;2;7;
Monta Ellis;G;35:12;5;12;2;3;5;6;1;2;3;6;1;0;4;1;17;
Brandon Jennings;G;43:00;10;23;5;10;0;2;1;1;2;3;1;0;2;1;25;
Ersan Ilyasova;;18:43;0;2;0;1;2;2;0;3;3;1;0;0;0;2;2;
Luc Mbah a Moute;;20:00;3;9;0;1;1;2;7;1;8;2;0;0;3;1;7;
Larry Sanders;;25:49;3;8;0;1;2;2;4;3;7;1;2;7;1;2;8;
Doron Lamb;;13:03;2;3;0;0;0;0;0;1;1;0;0;0;1;3;4;
Mike Dunleavy;;20:14;2;4;1;2;1;2;0;4;4;2;1;0;1;1;6;
Tobias Harris;;2:32;0;0;0;0;1;2;0;0;0;0;0;0;0;0;1;
Joel Przybilla;;2:32;0;0;0;0;0;0;1;0;1;0;0;0;1;0;0;
NOH
Al-Farouq Aminu;F;27:38;4;7;1;1;0;0;2;4;6;2;1;0;1;3;9;
Ryan Anderson;F;33:04;9;14;2;6;2;2;2;5;7;1;0;0;1;3;22;
Robin Lopez;C;23:06;8;10;0;0;5;5;4;0;4;2;2;1;0;2;21;
Roger Mason Jr.;G;26:18;2;6;1;3;0;0;0;4;4;4;1;0;1;2;5;
Greivis Vasquez;G;27:03;5;9;1;1;0;0;0;2;2;9;1;0;4;2;11;
Jason Smith;;23:07;5;12;0;0;2;2;1;2;3;3;3;0;1;3;12;
Xavier Henry;;20:22;1;6;0;0;0;0;2;0;2;1;0;0;0;3;2;
Austin Rivers;;21:42;0;5;0;0;0;0;0;4;4;2;1;0;0;3;0;
Lance Thomas;;14:56;4;5;0;0;2;2;2;1;3;0;1;0;0;0;10;
Brian Roberts;;20:57;5;7;0;0;0;0;0;2;2;5;1;1;0;2;10;
Darius Miller;;1:47;0;1;0;1;0;0;0;0;0;0;0;0;0;0;0;
