11-29;DEN-GSW;105-106;
25-30;35-21;26-27;19-28;
DEN
Danilo Gallinari;F;35:08;6;12;3;5;5;6;1;8;9;1;1;0;3;2;20;
Kenneth Faried;F;32:26;3;6;0;0;4;4;3;4;7;1;0;5;1;5;10;
Kosta Koufos;C;13:49;3;3;0;0;0;0;1;4;5;1;0;1;0;2;6;
Andre Iguodala;G;39:36;8;17;2;5;4;5;1;3;4;4;3;0;3;0;22;
Ty Lawson;G;38:05;7;18;2;4;1;1;0;4;4;9;4;0;3;2;17;
Corey Brewer;;27:34;4;12;2;6;2;4;0;1;1;1;1;0;2;1;12;
Andre Miller;;18:58;1;3;0;0;0;0;0;2;2;4;0;0;2;2;2;
JaVale McGee;;17:45;4;8;0;0;3;4;3;4;7;1;0;0;1;2;11;
Anthony Randolph;;6:49;0;1;0;0;0;0;1;0;1;2;0;0;0;0;0;
Jordan Hamilton;;9:50;2;4;1;1;0;0;0;0;0;1;0;1;0;0;5;
GSW
Harrison Barnes;F;17:24;1;7;0;0;0;0;0;2;2;2;1;0;0;0;2;
David Lee;F;35:11;13;15;0;0;5;7;4;5;9;6;1;1;4;3;31;
Festus Ezeli;C;14:32;1;1;0;0;0;0;0;3;3;0;2;2;1;2;2;
Klay Thompson;G;42:47;10;19;1;6;0;0;0;9;9;3;0;1;3;2;21;
Stephen Curry;G;45:07;7;17;4;7;2;2;1;3;4;10;4;0;3;4;20;
Andris Biedrins;;6:18;1;1;0;0;0;0;1;2;3;0;1;1;0;2;2;
Draymond Green;;16:03;1;3;0;1;0;0;1;2;3;1;0;0;0;2;2;
Jarrett Jack;;29:07;7;14;3;4;1;1;0;2;2;5;0;0;3;3;18;
Carl Landry;;30:14;2;7;0;0;2;3;2;6;8;2;1;0;1;4;6;
Charles Jenkins;;3:17;1;2;0;0;0;0;0;0;0;0;0;0;1;0;2;
