03-13;LAL-ATL;92-96;
19-26;24-29;31-21;18-20;
LAL
Metta World Peace;F;41:44;9;19;2;9;0;0;3;5;8;2;2;0;2;2;20;
Earl Clark;F;12:56;1;2;0;1;2;2;0;3;3;0;0;0;0;2;4;
Dwight Howard;C;38:02;5;9;0;0;0;3;3;13;16;0;2;1;1;5;10;
Kobe Bryant;G;38:12;11;33;2;8;7;8;1;6;7;5;2;0;5;1;31;
Steve Nash;G;38:27;4;14;0;2;3;3;0;1;1;7;0;0;0;3;11;
Antawn Jamison;;15:50;3;6;1;2;0;0;2;2;4;0;0;0;0;2;7;
Steve Blake;;33:33;2;5;2;4;0;0;2;2;4;2;0;0;0;3;6;
Jodie Meeks;;21:16;1;4;1;3;0;0;1;1;2;1;0;0;0;3;3;
ATL
Anthony Tolliver;F;24:01;3;7;1;4;2;2;1;5;6;2;0;0;1;0;9;
Al Horford;F;40:43;7;12;0;0;0;1;4;10;14;4;1;0;5;3;14;
Johan Petro;C;25:35;5;10;0;0;0;0;3;8;11;2;0;0;2;3;10;
Dahntay Jones;G;19:19;0;5;0;0;0;0;0;0;0;0;0;0;1;3;0;
Devin Harris;G;34:26;6;15;1;6;4;8;0;3;3;7;0;0;2;1;17;
Ivan Johnson;;28:37;4;7;0;0;4;4;1;7;8;1;0;0;0;3;12;
Kyle Korver;;33:47;5;10;2;4;3;4;0;6;6;2;0;2;0;1;15;
Shelvin Mack;;13:34;3;5;1;2;0;0;0;0;0;2;0;0;0;2;7;
John Jenkins;;19:57;4;8;3;6;1;2;0;4;4;2;0;0;1;1;12;
