01-02;BKN-OKC;110-93;
33-19;28-26;15-27;34-21;
BKN
Reggie Evans;F;19:44;0;2;0;0;1;4;2;4;6;1;0;0;3;2;1;
Gerald Wallace;F;36:50;2;5;0;1;2;2;1;3;4;2;2;0;0;1;6;
Brook Lopez;C;29:27;11;17;0;0;3;3;2;3;5;0;2;1;1;1;25;
Joe Johnson;G;40:12;11;19;5;10;6;6;1;4;5;3;1;0;1;1;33;
Deron Williams;G;38:35;5;12;3;4;6;6;0;3;3;13;5;0;2;3;19;
Kris Humphries;;25:15;4;10;0;0;3;4;3;4;7;1;1;1;2;1;11;
Keith Bogans;;17:50;1;2;1;2;2;2;0;3;3;1;0;0;2;2;5;
Andray Blatche;;17:57;4;7;0;0;2;2;1;4;5;1;0;1;1;0;10;
Tyshawn Taylor;;9:22;0;2;0;0;0;0;0;0;0;0;0;0;0;1;0;
MarShon Brooks;;1:36;0;0;0;0;0;0;0;0;0;0;0;0;0;0;0;
Mirza Teletovic;;1:36;0;0;0;0;0;0;0;0;0;0;0;0;0;1;0;
Tornike Shengelia;;1:36;0;0;0;0;0;0;0;0;0;0;0;0;0;0;0;
OKC
Kevin Durant;F;41:21;11;17;2;5;3;4;0;5;5;5;2;0;5;3;27;
Serge Ibaka;F;37:11;6;13;1;1;1;1;3;5;8;0;0;5;0;2;14;
Kendrick Perkins;C;26:39;1;3;0;0;1;2;1;10;11;2;0;1;3;3;3;
Thabo Sefolosha;G;33:38;2;5;1;3;0;0;0;4;4;4;0;1;0;5;5;
Russell Westbrook;G;41:45;11;19;1;2;3;4;0;2;2;10;3;0;6;4;26;
Kevin Martin;;27:23;3;10;3;8;2;2;0;1;1;0;0;0;1;1;11;
Nick Collison;;14:21;1;3;0;0;2;2;1;0;1;1;0;1;2;4;4;
Hasheem Thabeet;;7:33;0;1;0;0;0;0;0;1;1;0;0;0;1;1;0;
Reggie Jackson;;6:15;0;1;0;0;0;0;0;0;0;0;0;0;1;0;0;
Jeremy Lamb;;1:57;0;0;0;0;0;0;0;0;0;0;0;0;0;0;0;
Perry Jones;;1:57;1;1;0;0;1;2;1;0;1;0;0;0;0;0;3;
