01-21;LAC-GSW;99-106;
33-33;19-20;28-20;19-33;
LAC
Caron Butler;F;25:38;7;12;3;7;2;2;1;4;5;3;2;1;0;0;19;
Blake Griffin;F;40:31;11;18;0;2;4;6;4;9;13;8;3;2;5;0;26;
DeAndre Jordan;C;21:06;0;0;0;0;1;2;0;3;3;0;0;1;1;2;1;
Willie Green;G;13:47;2;5;0;2;1;1;0;1;1;1;1;0;1;1;5;
Chris Paul;G;33:28;1;7;0;3;2;3;0;2;2;9;2;0;2;4;4;
Jamal Crawford;;33:14;9;18;6;11;0;0;0;0;0;1;0;0;1;0;24;
Matt Barnes;;22:27;3;8;1;4;2;4;2;1;3;2;1;1;0;2;9;
Eric Bledsoe;;20:27;3;5;1;1;0;0;0;1;1;4;1;0;3;3;7;
Lamar Odom;;22:12;2;9;0;0;0;2;2;6;8;4;0;0;1;3;4;
Ronny Turiaf;;7:09;0;1;0;0;0;2;1;2;3;0;0;0;0;1;0;
GSW
Harrison Barnes;F;15:59;4;4;1;1;0;0;0;2;2;1;0;0;1;1;9;
David Lee;F;38:53;5;16;0;0;2;2;2;9;11;6;0;0;5;5;12;
Festus Ezeli;C;13:37;0;1;0;0;1;2;1;1;2;0;0;0;0;4;1;
Klay Thompson;G;38:43;6;13;3;8;3;3;0;2;2;1;1;0;2;0;18;
Stephen Curry;G;36:38;9;14;6;8;4;4;0;3;3;6;0;0;2;4;28;
Andris Biedrins;;14:50;0;0;0;0;0;0;0;2;2;0;1;1;0;2;0;
Jarrett Jack;;33:02;7;15;0;2;4;4;0;6;6;10;1;0;2;1;18;
Carl Landry;;24:32;3;5;0;0;0;0;2;3;5;0;1;0;3;0;6;
Richard Jefferson;;11:36;2;3;1;1;2;3;0;3;3;1;0;1;1;3;7;
Draymond Green;;11:44;3;4;1;2;0;0;1;2;3;0;0;0;1;1;7;
Kent Bazemore;;0:20;0;0;0;0;0;0;0;0;0;0;0;0;0;0;0;
Jeremy Tyler;;0:07;0;0;0;0;0;0;0;0;0;0;0;0;0;0;0;
