01-28;MEM-PHI;103-100;
20-33;37-21;22-25;24-21;
MEM
Rudy Gay;F;40:01;10;17;3;6;3;4;1;6;7;5;0;1;3;1;26;
Zach Randolph;F;32:28;2;7;0;0;0;0;3;9;12;2;1;0;2;2;4;
Marc Gasol;C;43:05;10;15;1;1;6;6;0;7;7;7;2;2;3;3;27;
Tony Allen;G;23:51;2;6;1;2;0;0;2;1;3;0;1;0;4;3;5;
Jerryd Bayless;G;41:21;8;15;1;2;4;4;1;4;5;9;0;1;2;1;21;
Darrell Arthur;;20:27;3;7;0;0;0;2;2;0;2;1;0;0;1;2;6;
Tony Wroten;;12:54;2;2;0;0;2;3;0;2;2;1;1;0;2;2;6;
Chris Johnson;;25:53;3;4;2;2;0;0;0;0;0;1;1;0;0;1;8;
PHI
Evan Turner;F;39:46;12;18;0;0;3;4;0;3;3;7;1;0;1;2;27;
Thaddeus Young;F;40:03;11;19;0;1;1;2;3;4;7;2;4;1;0;3;23;
Spencer Hawes;C;36:13;4;7;0;1;0;0;0;4;4;1;0;1;2;3;8;
Nick Young;G;33:04;5;13;2;4;1;1;0;2;2;1;1;1;1;0;13;
Jrue Holiday;G;40:08;9;19;0;1;0;0;1;2;3;10;1;0;4;1;18;
Lavoy Allen;;7:55;1;2;0;0;0;0;1;1;2;0;0;0;0;3;2;
Royal Ivey;;17:05;2;2;2;2;0;0;0;2;2;3;1;0;1;2;6;
Damien Wilkins;;14:31;0;2;0;0;0;0;0;2;2;1;0;0;0;0;0;
Shelvin Mack;;0:18;0;0;0;0;0;0;0;0;0;0;0;0;0;0;0;
Kwame Brown;;10:57;1;1;0;0;1;2;1;1;2;0;0;1;0;0;3;
