01-12;MIA-SAC;128-99;
28-17;38-27;37-28;25-27;
MIA
LeBron James;F;29:08;7;10;0;1;6;7;1;4;5;7;5;2;1;0;20;
Udonis Haslem;F;18:00;1;3;0;0;3;4;2;6;8;1;0;0;1;4;5;
Chris Bosh;C;28:15;6;11;0;0;4;4;1;3;4;5;0;1;1;0;16;
Dwyane Wade;G;25:04;3;5;0;1;5;6;1;4;5;7;2;4;2;2;11;
Mario Chalmers;G;30:04;12;16;10;13;0;0;0;2;2;3;2;0;2;1;34;
Ray Allen;;17:05;4;9;1;5;1;1;0;1;1;0;1;0;1;3;10;
Joel Anthony;;24:01;1;3;0;0;2;2;4;3;7;2;1;3;1;3;4;
Mike Miller;;20:54;4;8;4;8;0;0;0;1;1;3;0;0;0;0;12;
Norris Cole;;20:55;3;6;0;2;0;0;0;1;1;5;0;0;0;2;6;
Rashard Lewis;;12:00;3;5;2;4;0;0;1;1;2;1;0;0;0;2;8;
James Jones;;5:51;0;2;0;2;0;0;0;0;0;1;0;0;0;1;0;
Jarvis Varnado;;5:51;1;1;0;0;0;0;0;0;0;0;0;1;0;1;2;
Josh Harrellson;;2:52;0;1;0;1;0;0;0;0;0;0;0;0;1;0;0;
SAC
John Salmons;F;18:31;0;3;0;0;0;0;0;2;2;3;0;0;2;2;0;
Jason Thompson;F;22:03;1;3;0;0;0;0;0;4;4;2;0;1;1;0;2;
DeMarcus Cousins;C;32:41;4;11;0;0;3;3;3;5;8;4;1;0;3;2;11;
Francisco Garcia;G;14:08;1;4;1;4;0;0;0;3;3;0;0;1;1;2;3;
Isaiah Thomas;G;33:09;13;22;6;8;2;3;0;2;2;5;1;0;3;3;34;
Tyreke Evans;;25:06;2;9;0;0;4;6;2;5;7;2;1;0;3;1;8;
Marcus Thornton;;21:22;2;8;1;4;0;0;1;0;1;1;0;0;1;2;5;
James Johnson;;16:01;5;8;0;0;1;3;2;0;2;1;0;0;1;4;11;
Jimmer Fredette;;14:51;3;6;1;1;2;2;0;0;0;1;0;0;1;0;9;
Charles Hayes;;13:42;1;1;0;0;0;0;1;0;1;2;1;0;0;0;2;
Thomas Robinson;;24:03;4;9;0;0;2;2;7;3;10;2;0;0;1;3;10;
Tyler Honeycutt;;4:23;2;3;0;1;0;0;0;0;0;0;0;0;0;0;4;
