11-21;POR-PHX;87-114;
25-29;19-28;27-32;16-25;
POR
Nicolas Batum;F;32:38;5;10;1;5;2;2;3;2;5;4;1;0;3;2;13;
LaMarcus Aldridge;F;36:13;5;15;0;0;2;2;2;5;7;1;0;0;5;2;12;
Meyers Leonard;C;35:43;6;9;0;0;0;0;2;3;5;1;2;2;0;3;12;
Wesley Matthews;G;26:21;4;11;1;4;4;5;1;2;3;2;2;0;1;3;13;
Damian Lillard;G;35:13;7;13;2;4;8;9;0;0;0;3;1;0;6;1;24;
Jared Jeffries;;7:11;1;2;0;0;0;0;2;1;3;0;0;0;1;2;2;
Joel Freeland;;16:07;0;4;0;0;0;2;2;1;3;0;0;0;0;4;0;
Victor Claver;;8:32;0;1;0;1;1;2;1;1;2;0;0;0;1;2;1;
Ronnie Price;;17:20;1;4;1;2;0;0;0;0;0;2;1;0;3;2;3;
Sasha Pavlovic;;5:39;0;0;0;0;0;0;0;2;2;0;0;0;0;0;0;
Will Barton;;6:21;0;3;0;1;2;2;0;2;2;0;0;0;0;0;2;
Luke Babbitt;;6:21;1;1;0;0;0;0;0;0;0;0;0;0;0;0;2;
Nolan Smith;;6:21;1;4;0;2;1;2;0;0;0;1;0;0;0;0;3;
PHX
Michael Beasley;F;18:56;2;5;1;1;0;0;0;3;3;1;0;0;4;3;5;
Markieff Morris;F;24:59;9;13;1;2;0;0;3;4;7;1;0;0;1;1;19;
Marcin Gortat;C;29:30;11;14;0;0;0;0;2;5;7;1;1;0;2;3;22;
Shannon Brown;G;26:06;2;4;2;4;4;4;0;1;1;2;1;0;0;1;10;
Goran Dragic;G;26:57;3;7;2;5;7;8;0;2;2;8;3;1;1;3;15;
Luis Scola;;18:37;2;4;0;0;0;0;1;3;4;1;1;0;1;2;4;
Jared Dudley;;20:27;2;5;0;0;0;0;1;2;3;1;3;0;1;0;4;
Sebastian Telfair;;17:31;2;6;0;2;1;2;0;0;0;4;1;0;2;1;5;
Jermaine O'Neal;;18:30;7;9;0;0;3;3;0;5;5;0;1;2;1;2;17;
PJ Tucker;;26:33;5;7;1;1;0;1;0;2;2;0;1;0;0;1;11;
Wesley Johnson;;3:58;1;1;0;0;0;0;0;1;1;0;0;0;0;0;2;
Kendall Marshall;;3:58;0;1;0;1;0;0;0;0;0;3;0;0;0;1;0;
Luke Zeller;;3:58;0;1;0;1;0;0;0;0;0;0;0;0;0;0;0;
