12-29;PHI-POR;85-89;
23-30;21-19;23-21;18-19;
PHI
Evan Turner;F;34:37;2;7;0;2;0;0;0;4;4;3;2;0;2;2;4;
Thaddeus Young;F;33:37;8;15;0;0;1;2;2;2;4;2;1;0;2;3;17;
Lavoy Allen;C;30:53;4;9;0;0;0;1;3;5;8;1;1;1;0;2;8;
Jason Richardson;G;21:58;2;5;1;3;0;0;1;2;3;1;0;0;1;0;5;
Jrue Holiday;G;41:23;13;23;1;2;2;2;4;5;9;9;0;1;7;1;29;
Nick Young;;23:40;4;9;2;4;0;0;0;1;1;0;1;1;0;0;10;
Spencer Hawes;;25:26;2;10;0;2;6;6;4;7;11;1;0;0;1;2;10;
Royal Ivey;;7:35;0;0;0;0;0;0;0;0;0;0;0;0;0;2;0;
Dorell Wright;;20:52;1;7;0;4;0;0;0;5;5;2;0;0;0;2;2;
POR
Nicolas Batum;F;43:09;6;17;3;7;7;8;1;6;7;8;1;2;1;1;22;
LaMarcus Aldridge;F;37:29;7;13;0;0;2;2;0;5;5;4;0;2;2;2;16;
JJ Hickson;C;33:48;7;11;0;0;2;2;3;10;13;1;2;0;2;1;16;
Victor Claver;G;25:42;3;4;1;2;1;2;0;3;3;1;1;0;2;1;8;
Damian Lillard;G;38:40;8;18;4;11;0;0;0;0;0;0;0;1;1;3;20;
Will Barton;;16:54;0;4;0;1;0;0;0;2;2;1;0;0;1;1;0;
Meyers Leonard;;13:52;2;3;0;0;0;0;2;2;4;0;0;1;1;2;4;
Ronnie Price;;19:52;0;2;0;0;1;2;0;1;1;4;3;0;1;2;1;
Luke Babbitt;;10:34;1;4;0;2;0;0;0;4;4;0;1;0;0;1;2;
