02-10;LAC-NYK;102-88;
22-17;30-27;19-26;31-18;
LAC
Caron Butler;F;11:34;1;2;1;1;0;0;0;1;1;0;0;0;0;2;3;
Blake Griffin;F;37:35;7;12;0;0;3;5;6;6;12;4;2;1;4;3;17;
DeAndre Jordan;C;17:09;0;0;0;0;1;2;1;2;3;1;1;1;2;3;1;
Chauncey Billups;G;21:31;3;8;2;7;0;0;0;0;0;0;0;0;1;0;8;
Chris Paul;G;29:19;10;17;3;5;2;4;1;5;6;7;4;0;1;3;25;
Jamal Crawford;;36:50;12;22;3;8;0;1;0;1;1;0;2;0;4;1;27;
Eric Bledsoe;;18:41;6;6;1;1;0;0;0;4;4;3;1;3;0;2;13;
Matt Barnes;;19:20;1;8;0;4;2;2;2;1;3;1;0;1;1;3;4;
Lamar Odom;;22:15;1;4;0;2;0;0;1;6;7;5;0;0;0;0;2;
Ryan Hollins;;10:25;0;1;0;0;0;0;2;2;4;0;0;0;0;1;0;
Grant Hill;;15:21;0;0;0;0;2;2;0;2;2;0;0;0;1;1;2;
NYK
Carmelo Anthony;F;43:22;14;26;5;11;9;9;2;6;8;1;1;1;4;3;42;
Iman Shumpert;F;20:54;1;4;0;1;0;0;0;1;1;0;1;0;2;1;2;
Tyson Chandler;C;30:46;3;3;0;0;0;0;5;6;11;0;0;1;1;2;6;
Raymond Felton;G;40:04;9;18;0;2;2;4;0;2;2;5;2;0;4;2;20;
Jason Kidd;G;33:43;1;4;1;4;0;0;0;4;4;1;3;0;0;1;3;
J.R. Smith;;34:28;1;9;1;5;3;4;1;2;3;3;1;0;2;4;6;
Amar'e Stoudemire;;25:20;4;9;0;0;1;1;2;4;6;1;1;1;3;4;9;
Steve Novak;;6:45;0;1;0;0;0;0;0;0;0;0;0;0;0;1;0;
Pablo Prigioni;;4:30;0;0;0;0;0;0;0;0;0;0;1;0;0;0;0;
Kurt Thomas;;0:08;0;0;0;0;0;0;0;0;0;0;0;0;0;0;0;
