02-04;DAL-OKC;91-112;
22-29;22-39;23-24;24-20;
DAL
Shawn Marion;F;26:18;10;14;1;2;2;2;0;1;1;0;3;2;1;0;23;
Dirk Nowitzki;F;26:42;3;11;0;3;4;4;0;3;3;3;0;1;1;1;10;
Bernard James;C;27:29;1;3;0;0;0;0;4;2;6;0;1;4;0;3;2;
O.J. Mayo;G;33:06;4;10;0;4;0;0;0;4;4;6;0;0;5;2;8;
Darren Collison;G;23:57;3;7;0;0;2;2;0;2;2;4;0;0;2;2;8;
Elton Brand;;13:50;2;7;0;0;0;2;1;6;7;1;1;1;2;3;4;
Jae Crowder;;28:02;3;11;1;4;3;3;0;2;2;1;2;0;0;2;10;
Mike James;;12:04;0;2;0;0;0;0;0;2;2;1;0;0;2;1;0;
Dahntay Jones;;8:14;0;3;0;0;0;0;0;3;3;1;0;0;1;0;0;
Brandan Wright;;16:19;2;4;0;0;0;0;0;7;7;0;0;0;0;2;4;
Dominique Jones;;14:25;5;8;0;0;5;7;1;1;2;2;0;1;0;0;15;
Rodrigue Beaubois;;9:34;3;7;1;3;0;0;0;1;1;2;0;0;0;2;7;
OKC
Kevin Durant;F;28:28;6;11;2;2;5;6;0;10;10;4;2;1;3;1;19;
Serge Ibaka;F;27:19;4;7;1;1;3;4;1;4;5;1;0;1;2;2;12;
Kendrick Perkins;C;22:27;2;3;0;0;3;4;2;5;7;2;1;0;0;3;7;
Thabo Sefolosha;G;24:51;3;9;1;6;0;0;1;2;3;0;2;2;1;2;7;
Russell Westbrook;G;29:29;8;16;0;1;8;9;0;3;3;7;3;0;3;2;24;
Kevin Martin;;22:00;7;12;3;5;0;0;0;0;0;1;2;0;0;2;17;
Nick Collison;;14:39;2;3;0;0;0;0;1;3;4;2;0;1;0;1;4;
Hasheem Thabeet;;10:55;3;5;0;0;0;0;0;4;4;0;0;3;0;1;6;
Reggie Jackson;;20:41;3;7;2;5;0;2;0;3;3;6;1;0;2;1;8;
DeAndre Liggins;;12:00;2;4;0;1;1;2;0;4;4;1;0;0;0;1;5;
Perry Jones;;10:23;0;4;0;1;0;0;0;1;1;0;0;0;0;2;0;
Eric Maynor;;9:12;1;5;1;3;0;0;1;0;1;0;0;0;0;0;3;
Daniel Orton;;7:36;0;1;0;0;0;0;2;1;3;1;0;0;0;1;0;
