02-09;DET-MIL;105-100;
33-22;24-34;24-26;24-18;
DET
Kyle Singler;F;28:46;5;11;0;1;1;2;2;3;5;0;0;0;1;1;11;
Jason Maxiell;F;31:31;2;4;0;0;0;0;0;1;1;1;0;1;1;4;4;
Greg Monroe;C;34:55;6;12;0;0;2;3;3;10;13;4;4;0;4;3;14;
Brandon Knight;G;25:26;2;13;0;3;0;0;0;3;3;4;2;0;1;1;4;
Jose Calderon;G;35:24;10;13;3;4;0;0;1;4;5;10;3;0;3;4;23;
Rodney Stuckey;;26:28;5;9;1;2;8;8;2;1;3;2;1;0;3;1;19;
Charlie Villanueva;;25:25;7;13;4;7;0;0;1;12;13;1;0;1;3;3;18;
Will Bynum;;27:56;4;8;0;0;4;4;1;1;2;3;1;0;2;2;12;
Viacheslav Kravtsov;;4:09;0;0;0;0;0;2;1;0;1;0;0;0;2;1;0;
MIL
Luc Mbah a Moute;F;28:12;5;9;0;0;1;2;3;3;6;2;1;0;2;2;11;
Ersan Ilyasova;F;35:27;5;8;2;3;3;3;0;10;10;1;3;0;0;1;15;
Samuel Dalembert;C;33:22;5;10;0;0;4;4;5;7;12;0;2;5;3;2;14;
Monta Ellis;G;37:47;3;9;0;0;2;2;0;2;2;2;1;1;3;2;8;
Brandon Jennings;G;37:48;8;27;4;10;6;6;0;2;2;7;3;0;3;1;26;
Beno Udrih;;20:25;1;7;0;1;0;0;0;2;2;3;1;0;1;0;2;
Mike Dunleavy;;25:60;3;7;1;3;3;3;1;1;2;2;1;0;0;3;10;
Ekpe Udoh;;14:38;1;4;0;0;5;6;1;2;3;2;0;1;1;3;7;
John Henson;;6:22;3;5;0;0;1;2;2;1;3;0;0;0;0;0;7;
