11-26;SAS-WAS;118-92;
29-25;31-23;32-22;26-22;
SAS
Danny Green;F;16:55;1;3;0;2;0;0;0;1;1;2;0;0;2;1;2;
Tim Duncan;F;23:19;7;11;0;0;0;0;1;4;5;4;0;2;0;1;14;
DeJuan Blair;C;16:00;2;6;0;0;1;2;4;3;7;0;1;0;3;2;5;
Gary Neal;G;26:06;5;11;3;4;0;0;0;3;3;2;0;0;2;1;13;
Tony Parker;G;22:06;6;10;0;0;3;4;0;2;2;2;0;0;1;0;15;
Manu Ginobili;;20:25;5;8;2;3;0;0;0;5;5;5;1;0;1;1;12;
Patty Mills;;20:33;3;6;2;5;0;0;1;4;5;2;0;0;0;2;8;
Boris Diaw;;22:40;6;7;1;1;3;4;0;1;1;2;0;0;1;4;16;
Tiago Splitter;;23:17;4;5;0;0;7;8;3;9;12;7;2;2;1;0;15;
Matt Bonner;;16:18;4;6;3;4;0;0;0;1;1;0;0;1;1;1;11;
Nando De Colo;;15:34;1;3;1;2;1;2;0;0;0;3;0;0;1;0;4;
Cory Joseph;;9:26;0;1;0;0;0;0;0;0;0;3;0;0;1;0;0;
James Anderson;;7:21;1;3;1;2;0;0;1;0;1;0;0;0;1;2;3;
WAS
Trevor Ariza;F;16:35;2;5;0;1;1;1;3;1;4;1;1;0;2;0;5;
Kevin Seraphin;F;31:36;9;19;0;0;0;0;4;3;7;0;4;2;3;4;18;
Emeka Okafor;C;23:02;2;4;0;0;0;0;2;1;3;2;0;0;0;1;4;
Bradley Beal;G;30:24;4;13;0;1;3;4;0;3;3;1;2;0;0;0;11;
A.J. Price;G;33:10;4;8;1;2;2;3;1;4;5;7;1;0;2;0;11;
Chris Singleton;;17:36;1;6;0;1;0;0;2;2;4;0;1;0;0;5;2;
Jordan Crawford;;20:44;9;16;1;2;0;0;2;2;4;2;0;0;0;1;19;
Martell Webster;;24:46;5;7;2;3;4;5;0;4;4;0;0;0;3;2;16;
Earl Barron;;15:56;0;3;0;0;0;0;0;3;3;0;0;0;0;1;0;
Cartier Martin;;18:21;1;8;0;4;4;4;1;1;2;1;0;0;0;0;6;
Jan Vesely;;7:49;0;1;0;0;0;0;0;1;1;0;1;0;0;4;0;
