01-23;DET-CHI;82-85;
23-14;24-24;21-19;14-28;
DET
Tayshaun Prince;F;34:10;5;12;1;2;0;0;0;3;3;1;1;0;0;1;11;
Jason Maxiell;F;31:30;3;6;0;0;0;0;3;8;11;1;1;2;2;3;6;
Greg Monroe;C;37:15;4;13;0;0;1;3;3;5;8;6;1;0;2;2;9;
Kyle Singler;G;24:46;5;7;2;2;0;1;1;1;2;0;1;0;0;3;12;
Brandon Knight;G;34:03;4;9;0;3;5;5;1;1;2;7;0;1;2;1;13;
Andre Drummond;;22:09;4;6;0;0;0;0;4;3;7;0;1;1;1;3;8;
Rodney Stuckey;;25:56;5;16;0;4;1;2;0;0;0;4;0;0;3;3;11;
Austin Daye;;8:57;1;3;1;1;0;0;0;0;0;0;0;0;1;1;3;
Will Bynum;;16:10;3;9;0;1;3;3;1;2;3;1;0;0;1;2;9;
Charlie Villanueva;;5:04;0;1;0;0;0;0;0;1;1;0;1;0;0;3;0;
CHI
Jimmy Butler;F;46:29;6;14;1;4;5;6;5;4;9;4;1;1;1;0;18;
Carlos Boozer;F;26:31;7;14;0;0;2;2;1;5;6;2;0;0;1;3;16;
Joakim Noah;C;45:07;3;8;0;1;4;8;5;13;18;2;2;1;5;3;10;
Richard Hamilton;G;21:22;4;8;1;2;2;2;0;1;1;2;0;0;3;3;11;
Kirk Hinrich;G;33:56;0;5;0;2;0;0;0;3;3;3;1;1;2;4;0;
Marco Belinelli;;20:57;2;5;0;1;1;1;0;1;1;0;1;0;1;2;5;
Taj Gibson;;24:15;5;7;0;0;4;5;3;1;4;1;0;2;1;2;14;
Nate Robinson;;21:16;4;9;1;3;2;2;0;1;1;7;0;0;0;1;11;
Nazr Mohammed;;0:08;0;1;0;1;0;0;0;0;0;0;0;0;0;0;0;
