01-09;PHX-BOS;79-87;
24-23;17-30;23-14;15-20;
PHX
PJ Tucker;F;40:07;4;12;1;3;0;0;3;1;4;2;1;0;0;3;9;
Luis Scola;F;32:38;6;14;0;0;4;7;4;4;8;4;0;0;3;4;16;
Marcin Gortat;C;37:08;6;12;0;0;0;0;4;10;14;2;2;5;4;2;12;
Jared Dudley;G;37:23;6;17;1;5;1;2;4;6;10;5;1;0;3;3;14;
Goran Dragic;G;41:16;4;11;0;2;4;4;1;4;5;4;1;0;2;2;12;
Markieff Morris;;19:37;3;6;0;2;2;4;2;1;3;1;0;0;2;1;8;
Shannon Brown;;13:16;2;6;0;0;0;1;0;1;1;1;0;0;0;0;4;
Sebastian Telfair;;6:45;0;0;0;0;0;0;0;0;0;0;0;0;1;1;0;
Jermaine O'Neal;;6:37;1;4;0;0;0;0;1;1;2;2;0;0;0;1;2;
Michael Beasley;;5:15;1;2;0;0;0;0;0;0;0;0;0;0;1;1;2;
BOS
Paul Pierce;F;23:47;3;10;1;3;0;0;3;4;7;1;1;1;2;2;7;
Brandon Bass;F;26:44;2;8;0;0;2;2;2;3;5;1;0;0;1;3;6;
Kevin Garnett;C;29:06;5;11;0;0;0;0;0;5;5;2;3;2;1;0;10;
Avery Bradley;G;18:21;4;9;1;4;0;0;1;0;1;1;2;0;1;1;9;
Rajon Rondo;G;30:51;4;11;0;0;0;0;0;0;0;8;0;0;4;0;8;
Jared Sullinger;;34:23;6;10;0;0;0;0;5;11;16;3;1;1;0;4;12;
Jason Terry;;27:17;6;8;1;3;0;0;1;4;5;5;1;0;2;1;13;
Jeff Green;;25:30;5;9;0;3;4;4;0;3;3;0;1;1;0;2;14;
Courtney Lee;;18:58;2;5;0;1;2;4;0;0;0;2;3;0;1;1;6;
Leandro Barbosa;;0:13;0;0;0;0;0;0;0;0;0;0;0;0;0;0;0;
Jason Collins;;4:50;0;0;0;0;2;2;0;0;0;0;0;0;1;1;2;
