01-11;HOU-BOS;91-103;
21-24;24-29;21-25;25-25;
HOU
Chandler Parsons;F;32:17;7;12;2;4;2;2;1;1;2;2;0;0;1;4;18;
Marcus Morris;F;18:23;2;6;1;3;0;0;2;2;4;1;1;0;1;2;5;
Omer Asik;C;27:33;3;5;0;0;1;8;4;7;11;2;0;0;2;3;7;
James Harden;G;39:51;9;19;2;8;4;7;0;1;1;5;2;1;6;1;24;
Jeremy Lin;G;36:22;4;9;1;3;3;5;1;4;5;6;3;0;0;3;12;
Patrick Patterson;;20:09;2;8;1;5;0;0;1;3;4;1;1;0;0;2;5;
Toney Douglas;;18:31;3;7;1;1;0;0;0;1;1;2;1;0;2;2;7;
Greg Smith;;20:27;3;4;0;0;0;4;3;5;8;0;1;0;1;2;6;
Carlos Delfino;;23:55;1;7;1;7;2;2;0;2;2;4;0;0;1;2;5;
James Anderson;;1:16;0;2;0;2;0;0;0;0;0;0;0;0;0;0;0;
Donatas Motiejunas;;1:16;1;1;0;0;0;1;0;0;0;0;0;0;0;0;2;
BOS
Paul Pierce;F;29:14;8;14;3;7;4;5;0;6;6;3;1;0;2;3;23;
Brandon Bass;F;26:57;1;3;0;0;2;2;1;2;3;1;0;1;2;3;4;
Kevin Garnett;C;32:13;8;12;0;0;1;1;0;8;8;0;0;4;2;4;17;
Avery Bradley;G;25:34;2;9;2;6;1;2;0;2;2;0;1;0;1;4;7;
Rajon Rondo;G;33:01;5;13;0;1;2;2;1;4;5;8;2;0;4;3;12;
Jared Sullinger;;26:32;7;8;0;0;0;0;5;6;11;1;0;0;1;6;14;
Jason Collins;;10:18;0;0;0;0;0;2;1;1;2;0;1;0;0;2;0;
Courtney Lee;;20:57;5;7;2;3;2;2;0;0;0;3;1;1;3;1;14;
Jeff Green;;18:46;4;9;1;3;0;0;0;3;3;2;0;0;0;1;9;
Jason Terry;;16:28;1;4;1;3;0;0;0;3;3;4;2;0;1;2;3;
