01-04;BKN-WAS;115-113;
20-30;32-25;26-24;15-14;11-11;11-9;
BKN
Gerald Wallace;F;33:55;1;4;0;1;3;4;0;2;2;4;1;2;2;3;5;
Reggie Evans;F;24:05;1;2;0;0;1;2;0;8;8;0;1;0;0;5;3;
Brook Lopez;C;39:10;8;14;0;0;9;12;5;7;12;1;1;2;6;4;25;
Joe Johnson;G;42:08;6;12;2;5;2;4;0;1;1;3;0;0;2;3;16;
Deron Williams;G;41:36;9;22;3;7;3;3;0;7;7;9;0;0;4;3;24;
Andray Blatche;;19:20;6;11;0;0;1;1;6;6;12;1;4;0;2;3;13;
Keith Bogans;;31:33;1;7;1;6;0;0;1;4;5;0;0;0;0;1;3;
Jerry Stackhouse;;13:60;0;2;0;2;3;3;0;1;1;0;0;0;0;0;3;
Tyshawn Taylor;;3:26;0;0;0;0;0;2;0;0;0;0;0;0;2;0;0;
Mirza Teletovic;;7:50;2;4;2;3;0;0;0;2;2;0;0;1;0;0;6;
MarShon Brooks;;7:57;3;4;0;0;0;2;0;1;1;2;0;0;1;1;6;
WAS
Martell Webster;F;38:33;3;10;2;4;4;4;1;4;5;4;1;0;2;1;12;
Nene;F;36:02;8;12;0;0;4;5;0;6;6;4;3;0;3;6;20;
Emeka Okafor;C;28:05;6;10;0;0;0;3;0;7;7;2;2;0;0;3;12;
Bradley Beal;G;42:36;10;18;2;4;0;0;1;4;5;4;2;1;1;3;22;
Garrett Temple;G;42:21;3;9;1;3;1;2;2;4;6;10;1;0;1;3;8;
Kevin Seraphin;;15:44;0;6;0;0;2;2;1;2;3;0;1;1;2;2;2;
Shelvin Mack;;10:39;1;4;0;2;0;0;0;0;0;0;2;0;1;2;2;
Jordan Crawford;;37:45;9;12;4;4;1;3;0;6;6;2;0;0;5;1;23;
Jan Vesely;;13:15;1;2;0;0;1;4;0;0;0;0;0;2;0;3;3;
