12-26;TOR-SAS;80-100;
18-22;19-22;20-26;23-30;
TOR
Mickael Pietrus;F;11:35;0;2;0;1;1;2;0;2;2;0;1;0;0;0;1;
Ed Davis;F;25:25;3;7;0;0;0;0;3;4;7;1;2;1;2;3;6;
Aaron Gray;C;20:36;2;3;0;0;1;4;2;2;4;2;1;0;2;4;5;
DeMar DeRozan;G;27:20;3;9;0;0;2;2;1;1;2;1;0;0;2;0;8;
Jose Calderon;G;27:05;3;9;1;3;0;0;1;3;4;10;1;0;3;0;7;
Alan Anderson;;19:49;5;10;2;4;0;0;0;1;1;1;1;0;1;3;12;
Amir Johnson;;23:56;6;8;0;0;0;0;2;4;6;1;1;1;0;4;12;
Linas Kleiza;;15:42;1;8;1;3;2;2;0;2;2;0;0;0;1;3;5;
Terrence Ross;;26:01;5;10;1;3;0;0;0;1;1;1;1;0;2;1;11;
Landry Fields;;18:39;1;2;0;0;0;0;0;2;2;1;0;0;2;1;2;
John Lucas III;;20:55;4;10;2;4;1;2;0;2;2;6;2;0;0;0;11;
Quincy Acy;;2:57;0;0;0;0;0;0;1;1;2;0;0;0;0;0;0;
SAS
Kawhi Leonard;F;24:10;4;8;0;3;1;1;1;9;10;2;3;0;3;2;9;
Tim Duncan;F;27:00;6;11;0;0;3;4;1;5;6;2;0;2;3;0;15;
Tiago Splitter;C;20:23;1;4;0;0;8;10;1;1;2;3;0;1;1;1;10;
Danny Green;G;20:58;2;4;2;4;2;2;2;2;4;0;3;0;0;1;8;
Tony Parker;G;29:17;5;10;1;2;2;3;0;3;3;7;1;0;2;1;13;
Manu Ginobili;;26:57;4;6;2;2;4;5;2;3;5;3;0;0;2;3;14;
Stephen Jackson;;24:19;2;8;0;3;0;0;0;4;4;3;1;2;2;3;4;
Boris Diaw;;22:13;4;7;0;0;2;2;2;1;3;2;0;0;1;1;10;
Nando De Colo;;18:43;2;2;0;0;0;0;0;3;3;2;1;0;2;3;4;
Matt Bonner;;11:36;2;8;2;4;2;2;1;1;2;1;1;0;0;0;8;
DeJuan Blair;;9:03;1;2;0;0;0;0;0;2;2;0;1;0;1;1;2;
Patty Mills;;5:21;1;1;1;1;0;0;0;0;0;0;0;0;0;0;3;
