12-05;LAL-NOH;103-87;
20-23;27-25;30-16;26-23;
LAL
Metta World Peace;F;35:00;4;12;3;7;0;0;3;6;9;1;2;0;2;4;11;
Antawn Jamison;F;26:29;6;12;3;6;0;0;1;3;4;0;1;0;0;3;15;
Dwight Howard;C;32:49;7;11;0;0;4;8;0;8;8;3;0;5;3;1;18;
Kobe Bryant;G;33:53;10;17;1;4;8;9;1;5;6;4;3;0;1;1;29;
Chris Duhon;G;32:59;1;3;1;2;0;0;1;4;5;10;0;0;0;2;3;
Earl Clark;;8:58;0;1;0;0;0;0;1;0;1;0;0;1;0;0;0;
Jodie Meeks;;24:54;3;11;3;6;0;0;0;2;2;1;3;0;1;0;9;
Darius Morris;;15:01;2;5;2;2;0;0;0;0;0;4;1;0;1;0;6;
Jordan Hill;;16:43;4;6;0;0;1;1;2;6;8;1;0;1;1;3;9;
Devin Ebanks;;11:01;0;2;0;1;3;4;0;3;3;0;1;0;0;2;3;
Robert Sacre;;2:13;0;0;0;0;0;0;0;0;0;0;0;1;0;0;0;
NOH
Al-Farouq Aminu;F;34:10;3;6;0;0;0;3;3;7;10;2;0;0;1;2;6;
Ryan Anderson;F;35:07;12;21;5;8;2;2;5;4;9;1;0;1;0;3;31;
Robin Lopez;C;26:17;7;9;0;0;1;2;2;2;4;1;0;5;1;5;15;
Roger Mason Jr.;G;23:32;1;6;0;3;1;1;0;3;3;1;0;1;2;3;3;
Greivis Vasquez;G;36:54;7;19;1;5;1;2;0;5;5;9;0;0;4;0;16;
Austin Rivers;;21:29;0;5;0;0;1;2;0;1;1;3;1;0;1;1;1;
Jason Smith;;16:59;1;6;0;1;0;0;0;4;4;0;0;0;1;4;2;
Brian Roberts;;11:06;0;6;0;1;0;0;0;1;1;2;0;0;0;0;0;
Xavier Henry;;19:15;2;5;1;1;3;5;1;5;6;3;1;0;1;2;8;
Lance Thomas;;12:58;2;2;0;0;1;1;1;1;2;0;0;0;1;0;5;
Darius Miller;;2:13;0;0;0;0;0;0;0;1;1;0;0;0;0;0;0;
