11-18;CHI-POR;94-102;
30-23;13-28;25-22;26-29;
CHI
Luol Deng;F;40:39;6;12;0;2;2;2;0;7;7;4;2;0;3;3;14;
Carlos Boozer;F;22:25;2;8;0;0;0;0;0;3;3;0;0;0;1;2;4;
Joakim Noah;C;40:58;8;12;0;0;0;0;3;12;15;8;1;1;3;3;16;
Richard Hamilton;G;22:10;7;10;1;3;0;0;0;0;0;2;0;0;2;1;15;
Kirk Hinrich;G;28:54;2;6;0;3;2;2;0;2;2;6;2;0;4;4;6;
Taj Gibson;;22:17;3;7;0;0;5;5;0;2;2;0;2;2;4;4;11;
Marco Belinelli;;19:06;0;3;0;1;2;3;0;1;1;1;0;0;0;1;2;
Nate Robinson;;19:06;5;10;3;6;5;6;0;1;1;4;1;0;1;1;18;
Nazr Mohammed;;4:51;0;1;0;0;0;0;0;1;1;0;0;0;0;0;0;
Jimmy Butler;;19:34;4;6;0;1;0;0;3;0;3;0;1;0;1;1;8;
POR
Nicolas Batum;F;38:20;6;13;5;10;4;4;0;4;4;2;0;0;4;0;21;
LaMarcus Aldridge;F;40:16;6;14;0;0;6;8;3;10;13;1;0;0;2;3;18;
JJ Hickson;C;24:38;5;8;0;0;0;0;1;3;4;1;0;0;3;1;10;
Wesley Matthews;G;38:04;9;15;2;5;1;1;1;2;3;2;2;1;2;0;21;
Damian Lillard;G;32:15;7;13;1;4;1;2;0;2;2;3;3;0;2;2;16;
Meyers Leonard;;8:47;0;0;0;0;0;0;0;0;0;0;0;0;1;4;0;
Jared Jeffries;;22:19;1;4;0;0;2;4;3;1;4;0;0;0;2;4;4;
Will Barton;;9:11;1;4;0;0;0;0;2;1;3;0;0;0;0;1;2;
Ronnie Price;;19:53;4;8;1;3;1;1;0;1;1;5;1;0;0;2;10;
Sasha Pavlovic;;6:17;0;0;0;0;0;0;0;0;0;1;2;0;0;0;0;
