02-11;MIN-CLE;100-92;
25-27;24-19;23-19;28-27;
MIN
Mickael Gelabale;F;28:24;3;4;3;3;2;2;2;4;6;2;0;0;1;2;11;
Derrick Williams;F;16:13;4;9;1;2;4;5;0;5;5;1;0;1;1;4;13;
Nikola Pekovic;C;40:28;6;14;0;0;4;6;5;5;10;2;2;0;2;0;16;
Luke Ridnour;G;37:25;9;14;1;2;2;2;1;3;4;3;1;0;3;2;21;
Ricky Rubio;G;33:14;5;9;1;1;2;2;0;3;3;10;5;0;7;5;13;
Dante Cunningham;;31:47;4;9;0;0;0;0;1;3;4;1;1;2;1;2;8;
Alexey Shved;;30:13;5;9;1;3;0;0;0;0;0;3;0;2;2;2;11;
Jose Juan Barea;;14:53;2;4;1;3;0;0;0;0;0;3;1;0;3;0;5;
Greg Stiemsma;;7:23;1;3;0;0;0;0;1;3;4;0;0;1;0;0;2;
CLE
Alonzo Gee;F;27:26;5;10;1;5;0;2;0;4;4;2;2;0;2;1;11;
Tristan Thompson;F;33:51;5;12;0;0;6;7;5;4;9;1;4;2;1;2;16;
Tyler Zeller;C;25:00;0;2;0;1;0;0;0;8;8;0;0;1;2;2;0;
Dion Waiters;G;21:09;6;6;0;0;0;0;0;1;1;1;1;0;6;2;12;
Kyrie Irving;G;35:49;9;20;1;3;1;2;2;2;4;7;1;0;3;3;20;
Marreese Speights;;20:12;5;9;0;0;0;0;2;1;3;1;0;1;3;0;10;
Shaun Livingston;;16:25;2;2;0;0;0;0;0;0;0;4;1;2;1;1;4;
Wayne Ellington;;24:49;4;7;2;3;0;0;0;2;2;2;0;0;0;1;10;
Luke Walton;;14:09;0;2;0;1;0;0;0;0;0;4;1;0;1;0;0;
CJ Miles;;21:10;4;9;1;5;0;0;0;0;0;2;2;1;1;3;9;
