12-26;NYK-PHX;99-97;
27-29;27-15;22-32;23-21;
NYK
Ronnie Brewer;F;13:13;1;3;0;1;0;0;0;1;1;1;0;0;1;0;2;
Kurt Thomas;F;16:12;2;4;0;0;1;2;1;3;4;1;0;0;0;1;5;
Tyson Chandler;C;37:07;6;9;0;0;2;2;3;9;12;1;0;2;0;2;14;
James White;G;18:11;1;3;0;1;0;0;0;0;0;1;0;0;0;3;2;
Jason Kidd;G;30:45;8;16;5;8;2;2;0;6;6;8;1;0;1;1;23;
J.R. Smith;;37:05;11;27;0;4;5;6;1;5;6;5;5;1;4;3;27;
Pablo Prigioni;;17:15;2;4;1;2;0;0;0;0;0;3;2;0;4;2;5;
Steve Novak;;27:32;1;3;1;1;0;0;0;1;1;1;0;0;0;1;3;
Marcus Camby;;13:00;2;7;0;0;0;2;4;5;9;0;0;1;0;0;4;
Chris Copeland;;29:40;6;12;2;5;0;0;0;2;2;0;0;2;1;4;14;
PHX
Jared Dudley;F;42:07;11;17;5;8;9;9;0;5;5;3;1;0;3;2;36;
Luis Scola;F;21:39;2;5;0;0;2;2;2;2;4;2;1;0;0;2;6;
Marcin Gortat;C;30:50;6;11;0;1;1;2;1;8;9;1;0;2;1;3;13;
Shannon Brown;G;40:00;5;13;0;4;1;1;0;4;4;4;1;1;0;0;11;
Goran Dragic;G;17:46;2;6;0;2;0;2;0;1;1;3;0;0;1;0;4;
PJ Tucker;;10:30;0;2;0;1;0;0;0;1;1;1;0;0;0;1;0;
Michael Beasley;;22:22;5;11;0;1;0;0;0;7;7;2;1;1;2;1;10;
Markieff Morris;;7:21;0;3;0;0;0;0;1;1;2;0;0;1;0;0;0;
Jermaine O'Neal;;17:11;3;6;0;0;0;0;1;2;3;1;0;0;3;2;6;
Sebastian Telfair;;30:14;4;9;3;4;0;0;0;2;2;4;3;0;3;1;11;
