12-15;IND-DET;88-77;
26-22;16-16;21-22;25-17;
IND
Paul George;F;43:36;6;16;1;7;2;4;1;7;8;8;4;1;2;5;15;
David West;F;30:24;11;16;0;0;1;2;0;5;5;4;1;0;3;4;23;
Roy Hibbert;C;15:01;2;4;0;0;0;0;0;3;3;1;1;4;0;1;4;
Gerald Green;G;26:39;3;9;3;8;0;0;0;3;3;0;0;0;2;1;9;
George Hill;G;38:55;5;7;2;3;6;6;1;3;4;7;1;1;1;1;18;
Tyler Hansbrough;;24:44;5;8;0;0;1;2;0;6;6;0;1;0;3;2;11;
Sam Young;;25:05;1;4;1;3;0;0;0;4;4;2;0;1;0;4;3;
Ian Mahinmi;;17:55;1;2;0;0;1;2;3;2;5;1;0;1;0;0;3;
Ben Hansbrough;;9:45;0;3;0;3;0;0;0;1;1;1;0;0;1;2;0;
Jeff Ayres;;7:57;1;3;0;0;0;0;0;3;3;1;0;1;1;1;2;
DET
Tayshaun Prince;F;31:37;2;7;0;0;0;1;0;1;1;0;0;0;3;1;4;
Jason Maxiell;F;25:10;0;3;0;0;0;0;1;2;3;1;2;0;0;2;0;
Greg Monroe;C;33:07;8;15;0;0;2;3;4;4;8;4;0;1;2;1;18;
Kyle Singler;G;30:29;3;9;1;3;0;0;2;3;5;1;1;0;2;2;7;
Brandon Knight;G;33:24;6;17;2;5;0;0;2;2;4;3;0;0;2;4;14;
Rodney Stuckey;;32:07;6;14;0;1;3;4;0;5;5;7;0;0;1;3;15;
Andre Drummond;;29:01;5;7;0;0;1;2;2;7;9;1;1;3;0;2;11;
Corey Maggette;;16:23;1;7;0;2;4;5;0;2;2;1;1;0;0;1;6;
Charlie Villanueva;;8:42;1;4;0;2;0;0;0;4;4;0;0;0;0;0;2;
