11-10;PHX-UTA;81-94;
19-29;24-21;18-27;20-17;
PHX
Michael Beasley;F;23:03;3;9;0;2;1;2;1;2;3;1;0;0;1;3;7;
Luis Scola;F;34:44;7;19;0;0;7;7;4;7;11;1;2;0;1;4;21;
Marcin Gortat;C;29:31;0;6;0;0;1;2;1;7;8;0;1;1;2;4;1;
Jared Dudley;G;31:21;7;10;2;3;0;0;1;1;2;1;2;2;3;1;16;
Goran Dragic;G;39:34;6;13;1;5;0;0;1;2;3;6;2;1;2;3;13;
Shannon Brown;;16:39;1;9;1;3;1;2;0;1;1;1;1;0;1;1;4;
Markieff Morris;;12:31;2;5;0;0;2;2;1;2;3;0;0;0;0;4;6;
PJ Tucker;;24:03;2;3;0;0;0;0;1;3;4;1;0;0;0;2;4;
Sebastian Telfair;;24:49;4;13;0;3;1;2;0;2;2;4;4;0;0;3;9;
Wesley Johnson;;3:45;0;0;0;0;0;0;0;0;0;0;0;0;0;0;0;
UTA
Marvin Williams;F;37:35;5;10;1;2;2;2;0;7;7;2;0;1;1;2;13;
Paul Millsap;F;30:22;7;11;0;1;4;7;2;11;13;1;1;1;3;2;18;
Al Jefferson;C;36:41;12;20;0;0;3;4;4;10;14;2;1;2;0;4;27;
Gordon Hayward;G;43:00;6;17;1;4;5;7;1;4;5;2;0;0;4;1;18;
Jamaal Tinsley;G;40:51;0;3;0;2;0;0;0;2;2;14;0;0;2;0;0;
Derrick Favors;;15:31;4;5;0;0;2;2;3;3;6;0;0;3;3;4;10;
Enes Kanter;;11:19;3;3;0;0;0;1;0;2;2;0;0;0;2;1;6;
Randy Foye;;15:11;0;7;0;4;0;0;0;1;1;1;1;0;2;3;0;
Alec Burks;;9:30;1;2;0;1;0;1;0;2;2;0;0;0;1;1;2;
