01-24;TOR-ORL;97-95;
22-20;26-27;27-19;22-29;
TOR
Landry Fields;F;22:36;1;4;0;1;2;2;2;3;5;2;1;0;1;2;4;
Ed Davis;F;30:46;5;11;0;0;2;4;2;6;8;1;0;3;1;4;12;
Amir Johnson;C;36:46;9;18;0;0;3;5;3;7;10;0;1;3;2;3;21;
DeMar DeRozan;G;43:27;10;17;0;0;2;2;0;4;4;7;0;1;1;3;22;
Jose Calderon;G;26:36;4;7;1;4;1;1;0;1;1;6;0;0;1;2;10;
Kyle Lowry;;21:24;1;3;1;3;0;0;0;4;4;6;0;0;4;1;3;
Alan Anderson;;28:09;4;9;0;4;5;5;0;4;4;3;0;0;0;1;13;
Aaron Gray;;6:44;1;1;0;0;0;0;0;0;0;0;0;0;0;0;2;
Terrence Ross;;23:32;4;8;2;4;0;0;0;2;2;0;1;0;0;4;10;
ORL
Arron Afflalo;F;41:32;6;16;2;4;2;2;0;4;4;2;0;0;4;0;16;
Glen Davis;F;34:23;7;12;0;0;1;2;2;5;7;2;1;1;1;5;15;
Nikola Vucevic;C;29:38;8;14;0;0;3;4;4;10;14;1;0;3;0;0;19;
JJ Redick;G;39:53;4;11;2;3;4;4;0;2;2;3;0;0;2;2;14;
Jameer Nelson;G;42:35;5;13;3;7;1;2;1;6;7;11;3;0;3;1;14;
Andrew Nicholson;;4:13;0;2;0;0;0;0;0;0;0;0;0;0;1;1;0;
E'Twaun Moore;;22:57;2;7;1;3;6;6;2;1;3;1;0;0;1;1;11;
Maurice Harkless;;15:33;1;2;0;1;0;0;1;2;3;0;1;0;0;2;2;
Gustavo Ayon;;7:28;2;3;0;0;0;0;0;1;1;1;1;0;1;0;4;
Ish Smith;;1:47;0;1;0;0;0;0;0;0;0;1;0;0;0;0;0;
