02-27;DEN-POR;111-109;
31-25;27-25;21-32;32-27;
DEN
Wilson Chandler;F;27:48;3;10;1;4;0;0;0;2;2;0;2;0;1;4;7;
Kenneth Faried;F;26:28;5;12;0;0;0;0;3;5;8;4;4;0;1;3;10;
Kosta Koufos;C;23:27;5;7;0;0;1;2;5;3;8;0;0;1;0;4;11;
Andre Iguodala;G;42:43;11;20;2;7;5;10;1;6;7;8;5;1;5;2;29;
Ty Lawson;G;37:24;12;22;0;2;6;9;0;2;2;6;2;1;2;3;30;
Anthony Randolph;;15:47;2;5;0;0;3;6;1;3;4;0;0;0;0;2;7;
JaVale McGee;;17:15;2;3;0;0;0;0;2;1;3;0;0;3;1;3;4;
Corey Brewer;;27:24;3;5;0;1;2;2;1;3;4;1;2;0;1;2;8;
Andre Miller;;21:44;2;3;0;0;1;2;0;4;4;10;1;0;4;1;5;
POR
Nicolas Batum;F;40:20;4;9;2;4;0;0;0;6;6;9;5;3;4;3;10;
LaMarcus Aldridge;F;40:56;11;24;0;0;0;1;1;4;5;3;1;1;2;1;22;
JJ Hickson;C;31:38;5;9;0;0;8;9;6;8;14;2;1;0;3;3;18;
Wesley Matthews;G;32:19;4;12;4;11;4;4;1;0;1;2;0;0;1;5;16;
Damian Lillard;G;37:12;8;14;4;6;6;8;1;2;3;4;1;0;5;4;26;
Eric Maynor;;14:13;0;4;0;1;0;0;0;0;0;3;1;0;1;2;0;
Victor Claver;;23:07;2;6;0;3;0;0;1;3;4;1;0;0;3;2;4;
Meyers Leonard;;16:12;4;7;0;0;5;5;2;3;5;1;0;0;0;4;13;
Will Barton;;3:55;0;0;0;0;0;0;0;0;0;0;0;0;0;0;0;
Luke Babbitt;;0:09;0;0;0;0;0;0;1;0;1;1;0;0;0;0;0;
