12-28;ATL-CLE;102-94;
25-26;30-28;20-26;27-14;
ATL
Kyle Korver;F;32:07;4;7;3;6;0;0;0;5;5;2;3;3;1;4;11;
Josh Smith;F;27:04;2;12;0;1;3;4;2;4;6;6;0;5;5;1;7;
Al Horford;C;34:05;6;11;0;0;2;2;1;10;11;3;0;2;1;1;14;
Lou Williams;G;40:31;6;12;4;6;0;0;0;5;5;4;1;0;5;1;16;
Jeff Teague;G;35:55;11;19;3;6;2;2;0;2;2;8;2;0;2;2;27;
Zaza Pachulia;;25:56;2;4;0;0;5;6;3;4;7;2;1;0;0;3;9;
Anthony Morrow;;6:58;0;1;0;0;0;0;0;0;0;1;0;0;0;2;0;
Anthony Tolliver;;20:28;5;7;2;3;1;2;2;2;4;1;0;1;0;1;13;
Mike Scott;;8:56;0;2;0;0;0;0;0;1;1;0;1;0;0;0;0;
John Jenkins;;8:03;2;3;1;2;0;0;0;2;2;0;0;0;0;0;5;
CLE
Alonzo Gee;F;31:57;2;9;0;3;6;6;0;6;6;3;1;1;1;0;10;
Tristan Thompson;F;35:37;4;8;0;0;0;0;3;5;8;1;0;1;0;4;8;
Tyler Zeller;C;37:21;5;11;0;0;2;2;3;4;7;1;1;1;4;5;12;
Dion Waiters;G;35:56;7;21;2;3;2;2;2;4;6;4;3;0;1;1;18;
Kyrie Irving;G;38:01;12;20;4;7;0;0;1;5;6;5;4;1;1;1;28;
Daniel Gibson;;6:03;0;1;0;0;2;2;0;1;1;0;0;0;0;0;2;
Luke Walton;;18:58;1;4;0;2;0;0;0;3;3;3;2;0;1;4;2;
Jeremy Pargo;;9:59;1;4;0;2;0;0;0;0;0;2;0;0;2;0;2;
CJ Miles;;22:05;3;7;2;4;2;2;1;2;3;0;0;0;1;1;10;
Kevin Jones;;4:05;1;1;0;0;0;0;0;0;0;0;0;0;0;0;2;
