12-02;PHX-NYK;99-106;
20-24;22-35;30-30;27-17;
PHX
Michael Beasley;F;21:10;4;10;1;1;0;0;1;3;4;2;2;0;2;0;9;
Markieff Morris;F;18:21;2;6;1;4;1;1;1;2;3;3;0;0;3;4;6;
Marcin Gortat;C;41:23;8;11;0;0;2;4;1;9;10;1;0;0;4;3;18;
Shannon Brown;G;35:28;6;16;1;6;4;5;3;4;7;3;1;0;1;3;17;
Goran Dragic;G;26:28;4;9;1;4;0;1;1;3;4;5;0;0;2;2;9;
Jared Dudley;;24:32;3;7;2;4;2;3;0;1;1;2;1;0;0;2;10;
PJ Tucker;;25:42;5;6;0;1;0;0;1;4;5;2;1;0;0;2;10;
Luis Scola;;21:48;3;8;0;0;3;3;2;6;8;0;0;0;3;2;9;
Sebastian Telfair;;25:08;4;7;2;3;1;2;1;2;3;3;0;0;2;5;11;
NYK
Carmelo Anthony;F;37:42;11;27;4;10;8;8;3;3;6;2;1;2;4;2;34;
Kurt Thomas;F;18:44;1;3;0;0;0;0;3;3;6;2;0;0;0;3;2;
Tyson Chandler;C;31:06;6;8;0;0;3;4;6;7;13;1;0;2;0;5;15;
Ronnie Brewer;G;24:43;3;8;1;2;1;3;2;2;4;2;2;0;0;0;8;
Raymond Felton;G;39:14;10;17;3;6;0;0;0;3;3;7;0;0;0;1;23;
J.R. Smith;;37:09;1;11;0;2;2;2;0;5;5;4;0;0;0;1;4;
Steve Novak;;31:33;4;10;4;9;0;0;0;2;2;1;2;0;0;0;12;
Rasheed Wallace;;1:25;0;0;0;0;0;0;0;0;0;0;0;0;0;1;0;
Chris Copeland;;9:38;4;5;0;0;0;0;2;1;3;2;1;1;0;0;8;
Pablo Prigioni;;8:46;0;1;0;0;0;0;0;1;1;0;1;0;3;0;0;
