02-08;NOH-ATL;111-100;
25-26;25-29;29-16;32-29;
NOH
Al-Farouq Aminu;F;19:26;0;1;0;0;0;0;1;7;8;0;1;1;1;0;0;
Anthony Davis;F;25:41;4;11;0;0;0;0;1;6;7;1;2;1;1;0;8;
Robin Lopez;C;38:26;8;12;0;0;1;5;4;4;8;3;0;3;0;2;17;
Eric Gordon;G;30:29;10;19;1;2;6;6;0;0;0;1;0;0;1;0;27;
Greivis Vasquez;G;35:57;7;15;3;5;4;5;2;9;11;12;1;0;4;1;21;
Ryan Anderson;;29:10;7;11;4;7;1;2;3;5;8;1;0;0;3;3;19;
Austin Rivers;;17:31;1;5;0;1;0;0;0;1;1;2;0;0;2;2;2;
Brian Roberts;;12:03;2;3;1;1;0;0;0;0;0;3;0;0;0;3;5;
Jason Smith;;7:42;4;5;0;0;0;0;0;0;0;1;0;0;1;5;8;
Xavier Henry;;3:04;0;0;0;0;0;0;0;0;0;0;0;0;0;0;0;
Roger Mason Jr.;;20:31;2;4;0;0;0;0;0;1;1;0;0;0;0;3;4;
ATL
Anthony Tolliver;F;17:20;2;4;1;3;0;0;1;4;5;1;0;0;0;0;5;
Josh Smith;F;38:11;9;19;3;5;2;2;0;6;6;8;2;2;4;4;23;
Al Horford;C;36:28;4;11;0;0;4;6;2;4;6;3;2;1;0;1;12;
Kyle Korver;G;42:10;6;14;3;6;2;2;0;5;5;5;1;0;1;1;17;
Jeff Teague;G;40:05;7;11;4;6;3;4;0;0;0;9;0;0;6;2;21;
Devin Harris;;17:37;1;2;0;0;0;0;0;2;2;2;1;0;2;2;2;
John Jenkins;;19:39;2;4;2;3;2;3;1;1;2;0;0;1;1;0;8;
Zaza Pachulia;;17:20;2;4;0;0;2;2;1;2;3;1;1;1;2;3;6;
Ivan Johnson;;11:09;2;5;0;1;2;4;0;4;4;1;1;1;1;2;6;
