02-26;GSW-IND;97-108;
25-31;28-23;20-31;24-23;
GSW
Harrison Barnes;F;21:41;3;4;1;1;2;2;0;2;2;1;0;0;2;0;9;
David Lee;F;35:57;5;12;0;0;2;4;2;10;12;1;4;2;5;3;12;
Andris Biedrins;C;17:36;0;1;0;0;0;0;1;4;5;0;0;3;0;5;0;
Klay Thompson;G;35:19;5;14;3;6;0;0;2;2;4;2;2;0;0;0;13;
Stephen Curry;G;36:43;14;20;7;10;3;4;0;2;2;4;3;1;6;3;38;
Festus Ezeli;;16:06;0;0;0;0;0;0;2;3;5;2;0;0;0;3;0;
Draymond Green;;11:19;1;4;0;1;0;0;3;1;4;0;0;0;1;1;2;
Jarrett Jack;;26:17;2;10;1;3;6;7;0;1;1;4;0;0;5;4;11;
Richard Jefferson;;11:07;0;1;0;0;1;2;0;1;1;1;1;0;0;1;1;
Carl Landry;;26:22;3;10;0;0;5;5;5;4;9;1;1;0;1;3;11;
Kent Bazemore;;1:34;0;0;0;0;0;0;0;1;1;0;0;0;0;0;0;
IND
Paul George;F;41:33;9;17;2;9;1;3;2;9;11;4;3;1;2;3;21;
David West;F;35:59;12;16;0;0;4;4;3;4;7;2;3;0;3;0;28;
Roy Hibbert;C;27:51;4;8;0;0;5;6;5;4;9;1;1;5;3;2;13;
Lance Stephenson;G;29:30;4;15;1;4;0;0;0;2;2;5;1;0;0;1;9;
George Hill;G;37:41;9;14;3;7;2;2;1;2;3;7;3;0;1;2;23;
Danny Granger;;18:30;1;7;0;1;3;4;0;2;2;1;1;0;0;0;5;
Tyler Hansbrough;;12:01;0;3;0;0;2;2;0;1;1;0;0;0;0;1;2;
D.J. Augustin;;10:19;0;0;0;0;0;0;0;0;0;2;1;1;1;2;0;
Orlando Johnson;;6:27;0;0;0;0;0;0;0;1;1;0;0;1;0;1;0;
Ian Mahinmi;;20:09;2;4;0;0;3;6;3;3;6;0;1;1;2;5;7;
