03-01;CHA-UTA;68-98;
9-21;15-26;24-21;20-30;
CHA
Michael Kidd-Gilchrist;F;26:33;4;11;0;0;0;0;1;3;4;0;2;1;0;2;8;
Byron Mullens;F;22:39;5;14;2;5;0;0;3;4;7;0;0;0;1;3;12;
Bismack Biyombo;C;18:45;0;1;0;0;1;2;1;0;1;0;0;1;0;2;1;
Gerald Henderson;G;27:51;2;9;0;0;1;4;1;1;2;3;0;2;1;4;5;
Kemba Walker;G;32:46;4;13;0;3;0;0;1;1;2;7;2;0;2;1;8;
DeSagana Diop;;5:57;0;1;0;0;0;0;0;1;1;0;0;0;0;0;0;
Ramon Sessions;;17:53;4;8;0;2;3;4;0;0;0;1;1;0;5;1;11;
Ben Gordon;;16:31;2;8;1;3;0;0;0;3;3;1;1;0;1;2;5;
Jeff Taylor;;19:57;1;5;1;3;0;0;0;0;0;1;0;0;1;2;3;
Jeff Adrien;;24:23;3;7;0;0;2;2;0;2;2;0;2;1;0;2;8;
Brendan Haywood;;2:21;0;0;0;0;0;0;0;0;0;0;0;0;0;0;0;
Josh McRoberts;;20:43;3;4;1;2;0;0;1;1;2;2;2;1;1;1;7;
Reggie Williams;;3:41;0;0;0;0;0;0;0;0;0;1;0;0;0;0;0;
UTA
Marvin Williams;F;16:52;0;4;0;2;1;2;2;2;4;3;0;2;1;1;1;
Derrick Favors;F;21:23;3;10;0;0;2;3;3;4;7;1;0;1;2;6;8;
Enes Kanter;C;44:23;10;12;0;0;3;4;5;17;22;1;0;1;5;1;23;
Randy Foye;G;26:12;4;10;1;5;0;0;1;0;1;3;2;0;2;1;9;
Earl Watson;G;12:17;0;0;0;0;0;0;0;1;1;2;0;0;1;3;0;
Jamaal Tinsley;;14:21;0;1;0;1;0;0;1;1;2;5;1;0;4;2;0;
Gordon Hayward;;25:11;5;12;2;4;2;2;0;4;4;4;0;0;0;1;14;
Alec Burks;;29:18;3;9;1;2;3;6;3;4;7;2;2;1;1;2;10;
Jeremy Evans;;25:55;6;8;0;0;2;2;4;5;9;1;0;2;3;2;14;
DeMarre Carroll;;20:27;7;10;1;2;4;4;1;2;3;0;3;1;3;1;19;
Kevin Murphy;;3:41;0;2;0;0;0;0;0;2;2;1;0;0;0;0;0;
