11-23;LAC-BKN;76-86;
25-25;22-15;16-23;13-23;
LAC
Caron Butler;F;32:13;3;9;0;3;1;2;0;2;2;1;0;0;0;3;7;
Blake Griffin;F;36:58;5;10;0;0;4;8;2;6;8;3;0;2;2;0;14;
DeAndre Jordan;C;24:28;5;14;0;0;2;3;8;5;13;0;0;1;3;3;12;
Willie Green;G;15:14;2;3;1;2;0;0;1;0;1;0;0;0;1;1;5;
Chris Paul;G;36:09;5;11;2;4;2;3;3;2;5;9;2;0;2;6;14;
Jamal Crawford;;32:34;5;13;1;6;2;2;0;1;1;1;3;0;3;1;13;
Ryan Hollins;;22:13;1;3;0;0;2;2;1;2;3;0;1;2;0;1;4;
Matt Barnes;;16:01;0;3;0;1;1;2;1;4;5;0;1;1;2;2;1;
Lamar Odom;;5:30;0;1;0;0;0;0;1;1;2;0;1;0;1;2;0;
Eric Bledsoe;;12:04;3;5;0;1;0;0;0;3;3;0;0;1;3;2;6;
Ronny Turiaf;;6:37;0;0;0;0;0;0;0;2;2;1;0;0;1;1;0;
BKN
Gerald Wallace;F;37:44;3;6;1;2;1;4;1;3;4;3;2;0;2;2;8;
Kris Humphries;F;23:43;0;2;0;0;2;2;2;1;3;1;0;0;1;3;2;
Brook Lopez;C;33:26;13;24;0;0;0;1;1;4;5;1;0;3;0;4;26;
Joe Johnson;G;38:46;8;12;1;2;2;2;0;1;1;0;0;0;3;2;19;
Deron Williams;G;37:16;3;10;1;5;4;4;2;1;3;8;1;0;3;4;11;
Keith Bogans;;15:02;2;2;1;1;0;0;0;2;2;2;0;0;1;2;5;
Reggie Evans;;22:24;1;2;0;0;4;6;4;8;12;2;1;0;1;1;6;
Andray Blatche;;14:34;3;6;0;0;0;0;0;1;1;0;1;0;3;3;6;
Jerry Stackhouse;;6:21;1;5;1;2;0;0;0;1;1;0;1;0;1;1;3;
CJ Watson;;10:44;0;4;0;1;0;0;1;2;3;2;0;0;0;0;0;
