11-13;NYK-ORL;99-89;
27-23;22-30;28-23;22-13;
NYK
Ronnie Brewer;F;17:28;1;3;0;1;1;2;1;2;3;1;0;0;1;1;3;
Carmelo Anthony;F;42:31;11;22;1;4;2;3;1;7;8;2;1;0;3;2;25;
Tyson Chandler;C;33:27;4;6;0;0;4;4;1;5;6;1;2;0;1;3;12;
Raymond Felton;G;37:27;9;23;3;7;0;0;1;2;3;5;1;0;2;2;21;
Jason Kidd;G;31:53;2;4;1;2;0;0;0;1;1;2;2;0;1;1;5;
J.R. Smith;;32:02;9;14;2;2;1;2;1;3;4;3;2;0;1;2;21;
Pablo Prigioni;;6:59;2;3;1;1;0;0;0;0;0;1;1;0;0;1;5;
Steve Novak;;19:56;1;2;1;2;0;0;0;2;2;0;1;0;0;1;3;
Rasheed Wallace;;14:27;2;7;0;5;0;0;1;3;4;0;1;1;0;1;4;
Marcus Camby;;3:50;0;0;0;0;0;0;0;0;0;0;0;0;0;0;0;
ORL
Arron Afflalo;F;38:29;4;14;2;4;3;5;0;4;4;5;1;0;7;4;13;
Glen Davis;F;30:48;5;5;0;0;0;0;1;5;6;3;1;0;2;2;10;
Nikola Vucevic;C;36:25;6;10;0;0;0;0;1;9;10;2;2;0;4;1;12;
JJ Redick;G;38:10;7;13;1;3;3;4;1;3;4;7;1;0;4;0;18;
E'Twaun Moore;G;39:00;5;14;2;6;0;0;0;3;3;8;0;1;0;0;12;
Josh McRoberts;;16:41;1;2;0;0;1;2;1;5;6;2;0;0;0;1;3;
Maurice Harkless;;19:21;5;7;0;0;0;2;4;3;7;0;0;4;1;0;10;
Ish Smith;;8:60;0;2;0;1;0;0;0;0;0;0;1;0;0;1;0;
Gustavo Ayon;;2:19;0;1;0;0;0;0;0;0;0;1;0;0;1;0;0;
Andrew Nicholson;;9:47;4;7;0;0;3;4;1;1;2;0;1;0;1;0;11;
