02-22;CHI-CHA;105-75;
24-15;27-22;27-20;27-18;
CHI
Luol Deng;F;27:49;6;12;2;3;0;0;2;3;5;2;1;1;1;0;14;
Carlos Boozer;F;25:41;3;9;0;0;4;4;0;10;10;4;0;0;0;3;10;
Joakim Noah;C;38:57;4;7;0;0;2;2;3;5;8;8;1;3;2;3;10;
Richard Hamilton;G;24:08;5;14;0;1;0;0;1;0;1;4;0;1;1;3;10;
Nate Robinson;G;24:25;5;11;1;4;1;2;0;2;2;4;1;0;0;4;12;
Marquis Teague;;23:35;2;4;0;2;0;0;0;3;3;4;0;1;0;2;4;
Taj Gibson;;20:40;8;11;0;0;1;2;1;5;6;1;0;1;1;3;17;
Marco Belinelli;;20:47;4;6;2;3;2;2;0;5;5;5;1;0;0;4;12;
Jimmy Butler;;23:03;4;5;0;0;4;4;3;1;4;4;2;0;0;1;12;
Nazr Mohammed;;5:53;1;3;0;0;2;4;0;0;0;0;0;0;0;2;4;
Daequan Cook;;2:31;0;0;0;0;0;0;0;1;1;1;0;0;0;0;0;
Vladimir Radmanovic;;2:31;0;1;0;1;0;0;0;1;1;0;0;0;1;1;0;
CHA
Michael Kidd-Gilchrist;F;25:29;2;8;0;0;6;9;4;3;7;0;1;0;3;1;10;
Byron Mullens;F;27:10;1;12;0;4;0;0;1;5;6;3;0;0;3;1;2;
Bismack Biyombo;C;35:35;3;4;0;0;1;2;6;6;12;0;0;3;1;2;7;
Gerald Henderson;G;26:39;3;11;0;2;3;5;0;4;4;1;0;1;0;3;9;
Kemba Walker;G;36:05;9;17;4;6;5;5;0;5;5;1;1;0;2;1;27;
Ramon Sessions;;23:15;0;9;0;1;5;8;1;1;2;2;0;0;1;0;5;
Jeff Adrien;;21:18;3;5;0;0;1;2;1;0;1;2;0;1;0;5;7;
Jeff Taylor;;24:11;4;5;0;1;0;2;1;2;3;2;0;1;0;2;8;
Brendan Haywood;;9:06;0;2;0;0;0;0;1;4;5;1;0;0;1;1;0;
Reggie Williams;;11:12;0;2;0;2;0;2;0;0;0;1;0;0;1;1;0;
