01-09;ATL-CLE;83-99;
28-29;12-20;23-28;20-22;
ATL
Josh Smith;F;35:53;8;16;1;5;0;2;3;5;8;4;0;6;2;2;17;
Al Horford;F;36:11;7;18;0;0;0;0;1;4;5;3;0;0;1;1;14;
Zaza Pachulia;C;25:40;4;7;0;0;0;0;3;7;10;1;0;1;3;5;8;
Kyle Korver;G;38:12;4;8;4;8;0;0;0;7;7;1;0;0;0;0;12;
Jeff Teague;G;32:01;7;11;0;1;1;1;1;1;2;8;1;0;3;3;15;
Lou Williams;;20:52;2;8;1;4;0;0;0;1;1;0;1;0;1;2;5;
John Jenkins;;16:10;2;7;1;3;0;0;2;1;3;0;0;0;1;1;5;
Mike Scott;;8:30;1;2;0;0;0;0;1;2;3;0;0;0;1;0;2;
Devin Harris;;12:08;0;2;0;1;0;0;0;1;1;0;1;0;0;2;0;
Ivan Johnson;;7:29;1;3;0;0;1;2;0;2;2;0;1;0;0;1;3;
Johan Petro;;3:27;1;2;0;0;0;0;0;1;1;0;0;0;0;0;2;
Anthony Tolliver;;3:27;0;0;0;0;0;0;0;3;3;2;0;0;1;0;0;
CLE
Alonzo Gee;F;34:25;5;12;5;9;0;2;0;6;6;3;1;1;2;2;15;
Tristan Thompson;F;33:54;5;11;0;0;1;3;6;8;14;2;2;1;1;1;11;
Tyler Zeller;C;37:25;3;8;0;0;5;6;2;10;12;3;0;0;2;3;11;
Dion Waiters;G;28:30;4;11;1;2;0;0;1;0;1;4;1;0;2;2;9;
Kyrie Irving;G;33:12;11;15;5;6;6;6;0;1;1;4;3;0;2;1;33;
Kevin Jones;;22:05;1;4;0;0;0;0;2;2;4;0;1;0;0;2;2;
Shaun Livingston;;20:43;4;6;0;0;0;1;1;3;4;5;1;1;1;2;8;
Jeremy Pargo;;13:35;2;5;0;1;1;2;0;0;0;3;1;0;0;0;5;
Omri Casspi;;13:35;2;8;1;5;0;0;0;2;2;1;0;0;0;0;5;
Jon Leuer;;2:37;0;1;0;0;0;0;0;1;1;0;0;0;0;0;0;
