02-14;MIA-OKC;110-100;
32-17;31-29;25-23;22-31;
MIA
LeBron James;F;40:02;14;24;4;8;7;9;3;9;12;7;2;0;4;3;39;
Shane Battier;F;26:51;2;6;2;5;0;0;1;1;2;1;1;0;0;3;6;
Chris Bosh;C;38:46;10;14;0;0;0;0;5;7;12;2;2;3;1;2;20;
Dwyane Wade;G;30:58;5;13;0;0;3;3;0;5;5;8;3;1;4;6;13;
Mario Chalmers;G;27:45;2;7;2;5;0;2;0;2;2;1;1;0;2;3;6;
Ray Allen;;30:16;3;9;1;5;6;6;1;2;3;1;0;0;1;1;13;
Rashard Lewis;;19:22;1;5;1;4;0;0;0;3;3;1;0;0;0;3;3;
Chris Andersen;;6:41;0;3;0;0;1;2;2;2;4;0;0;0;0;4;1;
Norris Cole;;16:46;4;7;1;2;0;0;0;2;2;2;1;0;1;2;9;
Joel Anthony;;2:33;0;0;0;0;0;0;1;0;1;0;0;0;1;2;0;
OKC
Kevin Durant;F;47:32;12;24;1;5;15;15;0;8;8;4;1;3;5;6;40;
Serge Ibaka;F;35:16;3;6;0;0;0;0;2;4;6;0;0;0;2;3;6;
Kendrick Perkins;C;23:33;4;7;0;0;0;0;2;3;5;0;0;1;0;2;8;
Thabo Sefolosha;G;24:16;2;4;0;2;0;0;1;3;4;2;2;0;1;2;4;
Russell Westbrook;G;43:46;7;19;0;1;12;13;0;5;5;10;1;1;6;5;26;
Kevin Martin;;27:21;2;5;1;2;4;4;0;3;3;0;1;0;0;2;9;
Nick Collison;;14:52;0;2;0;0;0;0;0;2;2;0;0;0;0;1;0;
Reggie Jackson;;21:58;2;5;1;3;2;2;0;1;1;0;0;0;2;2;7;
DeAndre Liggins;;0:30;0;0;0;0;0;0;0;0;0;0;0;0;0;0;0;
Perry Jones;;0:28;0;0;0;0;0;0;0;0;0;0;0;0;0;0;0;
Daniel Orton;;0:28;0;1;0;0;0;0;0;1;1;0;0;0;0;0;0;
