12-12;NOH-OKC;88-92;
19-17;25-19;18-22;26-34;
NOH
Al-Farouq Aminu;F;21:32;2;5;0;0;4;4;1;5;6;0;1;0;2;4;8;
Ryan Anderson;F;31:48;6;14;2;7;0;0;2;5;7;5;1;1;1;3;14;
Robin Lopez;C;19:51;3;8;0;0;0;0;4;4;8;1;0;4;0;0;6;
Austin Rivers;G;38:00;4;14;2;5;2;2;0;2;2;4;1;0;1;3;12;
Greivis Vasquez;G;31:41;4;9;1;4;0;0;0;4;4;5;1;0;1;5;9;
Anthony Davis;;28:09;3;8;0;0;5;6;0;4;4;0;1;1;2;2;11;
Jason Smith;;16:12;2;4;0;0;0;0;2;3;5;1;0;1;0;0;4;
Darius Miller;;11:07;1;1;0;0;0;0;1;2;3;0;0;0;0;4;2;
Xavier Henry;;12:14;2;6;0;0;2;4;2;1;3;0;0;0;2;2;6;
Brian Roberts;;29:26;6;14;4;6;0;0;1;0;1;4;2;0;1;3;16;
OKC
Kevin Durant;F;43:52;11;20;1;4;12;14;0;9;9;3;2;0;2;1;35;
Serge Ibaka;F;22:53;3;7;0;0;1;3;3;3;6;0;0;3;1;2;7;
Kendrick Perkins;C;23:48;3;5;0;0;0;0;1;2;3;2;2;1;3;2;6;
Thabo Sefolosha;G;24:01;0;4;0;3;2;2;0;6;6;0;0;2;0;1;2;
Russell Westbrook;G;36:35;4;14;1;1;5;8;3;1;4;9;0;0;2;4;14;
Kevin Martin;;30:46;5;12;2;5;5;5;0;6;6;1;1;0;0;1;17;
Nick Collison;;26:27;3;5;0;0;0;0;1;4;5;0;1;0;1;4;6;
Hasheem Thabeet;;6:25;0;0;0;0;0;0;0;2;2;0;0;1;0;2;0;
Eric Maynor;;14:15;0;1;0;0;0;0;0;0;0;4;3;0;1;1;0;
Reggie Jackson;;10:58;2;3;1;2;0;0;0;2;2;0;0;1;0;0;5;
