12-09;UTA-LAL;117-110;
25-27;35-24;28-34;29-25;
UTA
Marvin Williams;F;22:43;3;4;1;2;0;0;1;2;3;1;1;2;1;0;7;
Paul Millsap;F;39:09;9;18;0;1;6;8;4;5;9;2;3;0;1;2;24;
Al Jefferson;C;30:15;6;11;0;0;2;2;3;8;11;1;0;1;0;3;14;
Randy Foye;G;23:19;3;10;1;6;0;0;0;0;0;4;1;1;2;2;7;
Mo Williams;G;32:41;8;11;2;3;4;5;0;2;2;9;2;0;1;1;22;
Enes Kanter;;17:45;6;8;0;0;2;4;4;2;6;0;0;1;2;4;14;
Gordon Hayward;;29:35;4;11;1;3;5;6;0;1;1;2;0;0;1;4;14;
Jamaal Tinsley;;15:19;2;3;1;2;0;0;0;2;2;3;1;0;1;0;5;
DeMarre Carroll;;20:23;4;7;0;1;2;2;1;2;3;4;1;1;0;6;10;
Jeremy Evans;;8:51;0;0;0;0;0;0;3;0;3;0;0;1;0;0;0;
LAL
Metta World Peace;F;21:22;5;7;2;3;0;0;0;0;0;0;0;1;1;1;12;
Antawn Jamison;F;15:59;1;6;1;3;0;0;2;1;3;4;0;0;3;2;3;
Dwight Howard;C;41:46;5;10;0;0;1;2;4;12;16;4;2;2;4;5;11;
Kobe Bryant;G;43:03;9;24;4;9;12;14;0;0;0;3;1;0;2;2;34;
Chris Duhon;G;31:20;4;6;4;5;0;0;3;2;5;11;0;0;2;0;12;
Jordan Hill;;30:40;8;11;0;0;1;1;6;3;9;2;1;4;1;5;17;
Jodie Meeks;;32:01;6;14;3;6;1;1;0;2;2;2;0;0;1;3;16;
Darius Morris;;16:40;0;4;0;1;0;0;1;1;2;3;0;0;0;2;0;
Devin Ebanks;;7:09;2;3;1;1;0;0;1;1;2;0;1;0;0;1;5;
