12-09;DEN-NYK;106-112;
25-23;33-38;26-19;22-32;
DEN
Kenneth Faried;F;29:32;5;7;0;0;0;2;0;7;7;1;1;0;0;3;10;
Danilo Gallinari;F;37:35;7;11;1;5;6;9;1;8;9;3;1;0;1;3;21;
Kosta Koufos;C;28:35;4;5;0;0;0;0;1;5;6;0;0;3;1;3;8;
Andre Iguodala;G;37:45;5;12;2;5;3;4;1;6;7;3;1;0;5;3;15;
Ty Lawson;G;39:31;7;15;2;3;7;8;0;4;4;6;0;0;2;4;23;
Corey Brewer;;22:17;7;13;0;4;1;2;1;2;3;0;1;0;2;1;15;
JaVale McGee;;15:48;2;3;0;0;0;0;1;2;3;1;0;3;2;3;4;
Andre Miller;;28:57;3;6;0;0;4;4;0;1;1;4;0;0;3;2;10;
NYK
Carmelo Anthony;F;39:02;10;24;3;8;11;16;1;5;6;1;2;0;1;4;34;
Ronnie Brewer;F;26:39;3;6;1;4;2;2;1;1;2;0;4;0;1;0;9;
Tyson Chandler;C;37:16;7;8;0;0;1;4;6;6;12;1;0;2;1;3;15;
Raymond Felton;G;27:26;4;15;0;2;2;2;1;2;3;6;0;0;3;3;10;
Jason Kidd;G;34:12;4;7;3;4;6;6;1;3;4;7;1;0;1;4;17;
J.R. Smith;;34:20;5;19;2;7;3;6;1;8;9;0;2;0;2;4;15;
Steve Novak;;19:30;2;5;2;4;1;1;1;0;1;0;0;0;0;0;7;
Pablo Prigioni;;12:21;1;1;1;1;0;0;0;0;0;5;0;0;0;2;3;
Kurt Thomas;;9:09;1;1;0;0;0;0;1;1;2;0;0;0;0;2;2;
James White;;0:05;0;0;0;0;0;0;0;0;0;0;0;0;0;0;0;
