12-19;CLE-BOS;91-103;
25-27;21-27;26-28;19-21;
CLE
Alonzo Gee;F;34:00;5;12;1;3;0;0;0;3;3;2;1;0;2;2;11;
Tristan Thompson;F;38:29;2;10;0;0;7;9;6;6;12;2;2;2;1;2;11;
Tyler Zeller;C;36:15;9;15;0;0;2;3;2;1;3;2;1;0;0;3;20;
Dion Waiters;G;35:12;6;15;0;4;1;2;2;2;4;4;1;0;3;2;13;
Kyrie Irving;G;37:27;9;17;2;5;2;4;1;3;4;2;2;0;3;4;22;
CJ Miles;;16:52;1;5;1;4;0;0;1;3;4;2;0;0;0;3;3;
Kevin Jones;;11:09;1;5;0;0;0;0;1;0;1;0;0;0;0;1;2;
Luke Walton;;14:00;1;2;1;2;0;0;0;3;3;0;0;0;0;1;3;
Donald Sloan;;6:29;1;2;0;0;1;1;0;1;1;1;0;0;0;1;3;
Samardo Samuels;;10:07;1;5;0;0;1;2;0;0;0;1;0;0;0;3;3;
BOS
Paul Pierce;F;33:36;13;16;6;7;8;8;0;8;8;5;3;1;1;2;40;
Jason Collins;F;23:16;0;0;0;0;1;2;0;2;2;0;1;1;0;6;1;
Kevin Garnett;C;30:50;5;9;0;1;2;3;0;6;6;3;1;3;2;3;12;
Jason Terry;G;34:54;6;9;3;5;0;0;0;3;3;4;1;0;2;1;15;
Rajon Rondo;G;37:28;7;11;0;1;6;10;0;4;4;8;2;1;4;5;20;
Brandon Bass;;26:48;2;7;0;1;0;0;0;3;3;1;0;0;0;2;4;
Jared Sullinger;;15:06;1;2;0;0;0;0;2;3;5;1;1;0;1;4;2;
Courtney Lee;;20:20;2;3;0;0;2;2;0;3;3;1;0;0;3;0;6;
Jeff Green;;14:24;1;4;0;2;1;2;0;1;1;0;0;1;1;1;3;
Leandro Barbosa;;3:18;0;1;0;0;0;0;0;0;0;0;0;0;0;0;0;
