03-15;CHI-GSW;113-95;
28-27;28-19;38-17;19-32;
CHI
Luol Deng;F;34:27;9;16;1;3;4;4;2;4;6;1;2;0;4;0;23;
Carlos Boozer;F;32:30;9;17;0;0;3;4;2;7;9;5;3;0;0;2;21;
Joakim Noah;C;32:22;7;8;0;0;2;2;4;9;13;3;1;0;0;2;16;
Marco Belinelli;G;40:07;5;12;3;6;0;0;0;3;3;6;0;0;6;4;13;
Nate Robinson;G;26:48;6;13;3;4;5;7;1;2;3;7;1;0;2;4;20;
Jimmy Butler;;31:03;3;7;0;0;3;3;1;1;2;1;0;0;1;0;9;
Nazr Mohammed;;15:38;2;3;0;0;0;0;1;3;4;1;1;0;0;4;4;
Marquis Teague;;21:12;1;4;0;1;2;2;0;2;2;4;0;0;1;5;4;
Daequan Cook;;5:53;1;3;1;2;0;0;0;1;1;0;0;0;0;1;3;
GSW
Harrison Barnes;F;24:35;5;9;0;1;2;2;2;2;4;1;2;0;2;1;12;
David Lee;F;24:02;7;12;0;0;1;2;2;6;8;1;2;1;2;2;15;
Andrew Bogut;C;17:19;0;1;0;0;1;2;1;3;4;2;1;2;1;3;1;
Klay Thompson;G;31:59;3;9;0;4;1;2;0;1;1;3;1;0;2;0;7;
Stephen Curry;G;29:48;2;13;0;5;4;4;0;0;0;4;0;0;1;2;8;
Jarrett Jack;;29:41;7;15;0;0;6;6;1;3;4;1;1;0;2;2;20;
Festus Ezeli;;10:09;0;1;0;0;1;2;1;0;1;0;0;1;0;0;1;
Carl Landry;;16:14;3;3;0;0;2;2;0;3;3;0;0;0;1;3;8;
Draymond Green;;15:57;0;4;0;1;0;0;0;5;5;3;0;0;0;3;0;
Richard Jefferson;;15:30;2;3;1;1;2;2;0;1;1;0;0;0;0;0;7;
Andris Biedrins;;3:02;0;0;0;0;0;2;0;0;0;0;0;2;0;0;0;
Kent Bazemore;;12:00;5;6;2;2;2;2;0;1;1;0;1;0;0;1;14;
Malcolm Thomas;;9:44;0;0;0;0;2;2;0;2;2;1;0;1;1;0;2;
