02-23;UTA-LAC;94-107;
23-25;26-26;20-36;25-20;
UTA
Marvin Williams;F;14:16;0;3;0;2;0;0;0;2;2;1;0;1;1;1;0;
Paul Millsap;F;27:23;8;12;0;0;3;3;0;2;2;2;0;2;1;4;19;
Al Jefferson;C;28:44;8;19;0;1;0;0;1;3;4;2;1;0;2;1;16;
Randy Foye;G;22:29;0;5;0;5;0;0;0;1;1;2;0;0;1;2;0;
Jamaal Tinsley;G;14:16;0;1;0;1;0;0;0;1;1;3;0;0;0;1;0;
Earl Watson;;23:59;1;6;0;2;0;0;0;2;2;8;1;0;2;2;2;
Derrick Favors;;22:08;3;6;0;0;1;2;3;5;8;0;1;3;3;5;7;
Gordon Hayward;;33:44;5;14;0;2;13;14;3;5;8;3;1;0;1;1;23;
Alec Burks;;31:50;4;8;1;2;3;6;2;4;6;3;1;0;3;2;12;
Enes Kanter;;16:57;6;7;0;0;3;3;3;1;4;1;2;0;2;2;15;
DeMarre Carroll;;4:15;0;3;0;0;0;0;0;1;1;0;1;0;0;0;0;
LAC
Caron Butler;F;30:34;7;13;2;6;5;6;1;4;5;1;1;0;2;1;21;
Blake Griffin;F;31:29;7;12;0;0;4;4;3;4;7;3;1;1;1;4;18;
DeAndre Jordan;C;26:47;3;5;0;0;1;3;2;10;12;0;1;0;2;2;7;
Chauncey Billups;G;17:18;3;5;1;2;1;1;0;1;1;1;0;0;3;1;8;
Chris Paul;G;27:35;2;8;1;5;6;7;0;7;7;7;0;0;2;2;11;
Jamal Crawford;;30:13;5;9;2;4;0;1;0;0;0;2;2;0;1;3;12;
Lamar Odom;;23:29;8;15;2;3;0;0;1;5;6;2;1;0;3;2;18;
Eric Bledsoe;;20:25;2;6;0;0;0;0;1;2;3;6;2;0;1;0;4;
Matt Barnes;;17:39;3;4;0;0;2;2;1;2;3;0;1;1;3;4;8;
Ryan Hollins;;12:57;0;1;0;0;0;0;1;1;2;0;0;0;2;5;0;
Willie Green;;0:47;0;0;0;0;0;0;0;0;0;0;0;0;0;0;0;
Ronny Turiaf;;0:47;0;0;0;0;0;0;0;0;0;0;0;0;0;0;0;
