01-24;NYK-BOS;89-86;
20-24;30-24;22-18;17-20;
NYK
Carmelo Anthony;F;40:59;11;28;1;6;5;6;2;7;9;3;2;0;2;4;28;
James White;F;13:21;2;4;0;1;0;0;0;3;3;2;0;0;1;0;4;
Tyson Chandler;C;39:34;1;2;0;0;3;3;2;6;8;0;1;2;2;5;5;
Iman Shumpert;G;27:01;4;10;2;4;0;0;1;4;5;1;0;0;0;4;10;
Jason Kidd;G;32:12;5;10;2;7;0;0;1;2;3;2;3;0;1;1;12;
J.R. Smith;;34:36;3;16;1;6;2;3;0;6;6;0;1;1;2;2;9;
Amar'e Stoudemire;;20:28;4;7;0;0;7;8;4;5;9;0;0;2;1;5;15;
Pablo Prigioni;;15:55;2;3;2;3;0;0;1;1;2;4;0;0;1;0;6;
Steve Novak;;13:35;0;1;0;1;0;0;0;3;3;0;0;0;0;1;0;
Kurt Thomas;;1:42;0;2;0;0;0;0;0;0;0;0;0;0;0;1;0;
Ronnie Brewer;;0:39;0;0;0;0;0;0;0;1;1;0;0;0;0;0;0;
BOS
Paul Pierce;F;37:25;6;15;1;5;9;12;0;6;6;2;0;0;2;3;22;
Brandon Bass;F;19:41;1;3;0;0;2;2;0;2;2;0;0;0;1;2;4;
Kevin Garnett;C;32:06;3;9;0;1;2;4;1;11;12;2;1;2;1;2;8;
Avery Bradley;G;31:27;2;7;1;4;0;0;2;2;4;0;1;0;1;3;5;
Rajon Rondo;G;40:24;10;19;0;0;3;4;0;10;10;11;3;0;4;1;23;
Jared Sullinger;;15:22;2;4;0;0;3;4;1;2;3;0;0;1;0;4;7;
Jeff Green;;24:51;4;7;1;3;0;0;2;4;6;0;0;0;2;4;9;
Jason Collins;;1:17;0;0;0;0;2;2;0;0;0;0;0;0;0;0;2;
Courtney Lee;;14:35;2;3;0;1;0;0;0;1;1;0;1;0;0;2;4;
Jason Terry;;14:12;1;6;0;3;0;0;1;1;2;3;0;0;1;0;2;
Leandro Barbosa;;8:41;0;3;0;1;0;0;0;0;0;0;0;0;0;2;0;
