02-10;MIN-MEM;88-105;
20-21;17-26;19-29;32-29;
MIN
Mickael Gelabale;F;36:18;5;7;2;3;2;2;1;2;3;1;0;0;1;3;14;
Derrick Williams;F;25:29;4;11;0;3;1;2;0;6;6;1;2;0;1;3;9;
Nikola Pekovic;C;30:08;2;5;0;0;4;6;1;5;6;2;1;0;3;3;8;
Luke Ridnour;G;33:31;7;13;2;6;1;1;3;1;4;4;1;0;4;1;17;
Ricky Rubio;G;28:23;6;11;0;1;5;8;0;1;1;4;0;0;3;1;17;
Alexey Shved;;30:55;4;8;0;3;2;4;0;1;1;9;2;0;5;0;10;
Dante Cunningham;;30:35;4;8;0;0;1;2;2;3;5;2;0;0;0;3;9;
Greg Stiemsma;;12:53;0;2;0;0;0;0;1;2;3;0;1;2;1;6;0;
Chris Johnson;;11:48;2;4;0;0;0;0;2;2;4;1;0;0;1;0;4;
MEM
Tayshaun Prince;F;23:21;8;8;1;1;1;2;1;2;3;1;0;1;2;2;18;
Zach Randolph;F;31:27;7;15;0;0;2;2;4;4;8;2;2;0;1;2;16;
Marc Gasol;C;35:12;2;7;0;0;5;6;3;6;9;8;3;1;2;2;9;
Tony Allen;G;25:54;3;6;0;0;2;4;2;3;5;3;4;0;2;2;8;
Mike Conley;G;35:42;6;13;2;5;2;2;0;3;3;8;1;0;0;4;16;
Darrell Arthur;;17:08;2;6;0;0;0;0;1;2;3;0;1;0;1;2;4;
Jerryd Bayless;;18:32;3;7;1;1;0;0;1;0;1;3;1;0;2;4;7;
Austin Daye;;24:39;6;9;2;4;2;2;1;3;4;1;0;1;3;2;16;
Quincy Pondexter;;4:07;0;1;0;1;0;0;0;0;0;0;0;0;0;1;0;
Tony Wroten;;10:37;2;4;0;1;3;4;0;0;0;3;0;0;0;2;7;
Ed Davis;;11:05;2;3;0;0;0;0;0;0;0;1;0;1;0;0;4;
Jon Leuer;;1:08;0;0;0;0;0;0;0;0;0;0;0;0;0;1;0;
Chris Johnson;;1:08;0;0;0;0;0;0;0;0;0;0;0;0;0;0;0;
