01-08;BKN-PHI;109-89;
26-24;22-23;35-14;26-28;
BKN
Gerald Wallace;F;20:32;3;6;1;2;4;6;2;1;3;5;1;0;1;2;11;
Reggie Evans;F;26:37;1;5;0;0;0;0;6;17;23;2;1;0;1;1;2;
Brook Lopez;C;22:30;6;10;0;0;1;1;0;2;2;1;2;0;4;2;13;
Joe Johnson;G;32:38;6;13;2;5;1;1;0;4;4;5;1;1;2;0;15;
Deron Williams;G;29:05;7;11;3;6;5;5;0;0;0;5;0;1;2;3;22;
Andray Blatche;;22:27;8;15;0;0;4;4;1;6;7;2;0;0;0;0;20;
Keith Bogans;;25:36;2;6;2;6;0;0;0;0;0;0;0;0;0;1;6;
MarShon Brooks;;12:19;1;2;0;0;0;0;0;1;1;3;1;0;1;1;2;
Kris Humphries;;10:22;0;2;0;0;2;2;2;1;3;0;0;0;0;2;2;
CJ Watson;;14:51;3;5;0;1;0;1;0;2;2;2;1;0;1;2;6;
Mirza Teletovic;;14:00;3;5;2;3;0;0;3;0;3;0;1;0;0;0;8;
Tornike Shengelia;;4:59;0;1;0;1;2;2;1;0;1;1;0;0;0;0;2;
Tyshawn Taylor;;4:04;0;2;0;0;0;0;0;1;1;1;1;0;3;1;0;
PHI
Evan Turner;F;35:54;4;11;0;2;0;0;1;6;7;5;0;0;2;2;8;
Thaddeus Young;F;30:07;4;8;0;0;1;2;2;4;6;1;0;1;0;1;9;
Lavoy Allen;C;23:19;3;6;0;0;0;0;1;5;6;0;0;0;2;2;6;
Jason Richardson;G;18:50;3;9;0;4;0;0;0;1;1;0;1;0;1;0;6;
Jrue Holiday;G;29:58;7;11;3;3;2;2;0;3;3;8;1;0;4;2;19;
Nick Young;;22:07;4;9;1;2;2;2;0;1;1;1;1;0;1;0;11;
Spencer Hawes;;24:06;6;9;2;2;0;2;0;1;1;4;0;2;1;4;14;
Dorell Wright;;19:50;2;5;1;4;0;0;0;1;1;3;0;0;0;2;5;
Damien Wilkins;;21:09;2;5;0;0;0;0;2;2;4;1;0;0;1;1;4;
Maalik Wayns;;8:34;3;6;0;0;1;2;0;1;1;0;0;0;1;1;7;
Arnett Moultrie;;6:06;0;0;0;0;0;0;1;0;1;1;0;0;0;1;0;
