01-27;POR-LAC;83-96;
27-33;23-22;12-23;21-18;
POR
Nicolas Batum;F;34:42;3;5;0;0;2;3;1;5;6;8;0;0;4;1;8;
LaMarcus Aldridge;F;39:24;9;14;0;0;3;4;5;6;11;4;1;1;1;1;21;
JJ Hickson;C;30:46;5;9;0;0;5;8;1;8;9;1;1;1;2;2;15;
Wesley Matthews;G;36:01;3;9;1;4;0;0;1;0;1;8;3;0;3;1;7;
Damian Lillard;G;37:18;5;14;2;7;4;4;0;2;2;5;1;1;5;2;16;
Meyers Leonard;;8:03;0;1;0;0;1;2;0;1;1;1;0;0;0;1;1;
Luke Babbitt;;12:13;0;3;0;2;0;0;0;3;3;0;1;0;1;2;0;
Will Barton;;15:16;2;5;0;1;4;4;1;2;3;0;2;1;2;1;8;
Joel Freeland;;6:36;0;1;0;0;0;0;0;2;2;0;0;0;0;1;0;
Ronnie Price;;12:29;1;3;0;1;1;2;0;0;0;1;0;0;1;1;3;
Nolan Smith;;3:36;1;1;0;0;2;2;0;0;0;0;0;0;0;0;4;
Victor Claver;;3:36;0;1;0;0;0;0;0;1;1;0;0;0;0;0;0;
LAC
Caron Butler;F;26:04;5;9;2;4;0;0;1;1;2;2;2;0;3;3;12;
Blake Griffin;F;28:16;9;15;0;1;5;6;1;4;5;9;2;0;1;2;23;
DeAndre Jordan;C;16:30;4;6;0;0;0;0;2;1;3;0;0;0;1;4;8;
Willie Green;G;20:20;3;5;1;3;0;0;0;1;1;0;1;0;0;2;7;
Eric Bledsoe;G;35:07;4;14;1;2;1;2;0;5;5;5;0;1;0;1;10;
Jamal Crawford;;27:21;4;9;1;4;0;0;0;1;1;5;1;0;2;0;9;
Matt Barnes;;25:13;3;7;1;3;0;0;0;4;4;2;1;1;0;2;7;
Lamar Odom;;28:58;4;7;0;0;0;1;2;11;13;6;1;0;3;3;8;
Grant Hill;;20:03;3;5;0;0;0;0;0;0;0;2;0;0;0;3;6;
Ronny Turiaf;;9:36;3;4;0;0;0;0;1;1;2;1;0;0;2;2;6;
Ryan Hollins;;2:32;0;1;0;0;0;0;1;0;1;1;0;0;0;1;0;
