12-12;ATL-ORL;86-80;
20-15;26-19;26-26;14-20;
ATL
Anthony Morrow;F;24:44;2;11;0;5;0;0;0;0;0;1;1;0;0;1;4;
Josh Smith;F;35:47;6;14;0;2;4;6;2;9;11;3;1;5;3;0;16;
Al Horford;C;41:33;6;14;0;0;1;2;3;10;13;4;2;0;1;1;13;
Devin Harris;G;29:57;4;8;1;4;1;2;0;4;4;3;1;1;1;2;10;
Jeff Teague;G;32:06;7;12;2;4;0;0;1;3;4;3;3;0;4;1;16;
Lou Williams;;33:57;4;9;0;2;3;3;0;0;0;2;2;0;1;2;11;
Kyle Korver;;23:16;3;7;3;5;0;0;0;2;2;0;1;0;2;1;9;
Zaza Pachulia;;18:40;3;5;0;0;1;3;2;7;9;0;0;0;2;3;7;
ORL
Maurice Harkless;F;11:11;0;4;0;2;0;0;1;0;1;0;0;0;1;0;0;
Glen Davis;F;35:00;2;11;0;0;6;6;1;6;7;0;4;1;2;2;10;
Nikola Vucevic;C;19:12;4;7;0;0;0;0;3;3;6;0;1;0;0;1;8;
Arron Afflalo;G;40:26;6;16;3;7;1;1;0;3;3;4;0;0;3;1;16;
Jameer Nelson;G;31:31;5;9;2;5;0;0;0;3;3;2;1;0;1;2;12;
JJ Redick;;34:18;6;14;1;5;0;0;0;4;4;3;2;0;2;1;13;
Andrew Nicholson;;25:57;3;9;0;0;2;2;3;4;7;0;0;0;1;3;8;
Gustavo Ayon;;13:00;0;2;0;0;0;0;1;4;5;4;0;1;4;2;0;
E'Twaun Moore;;22:22;4;7;1;3;2;2;1;0;1;4;1;1;1;1;11;
DeQuan Jones;;7:03;1;2;0;0;0;0;0;2;2;0;0;0;0;1;2;
