12-05;MIN-BOS;94-104;
30-27;21-20;21-32;22-25;
MIN
Josh Howard;F;33:10;5;14;1;3;1;2;0;0;0;0;3;0;0;1;12;
Kevin Love;F;34:59;6;15;1;5;6;12;4;9;13;4;0;0;5;2;19;
Nikola Pekovic;C;31:55;6;13;0;0;2;2;4;5;9;1;2;0;0;1;14;
Malcolm Lee;G;23:33;2;5;1;2;1;2;1;1;2;3;2;1;0;1;6;
Luke Ridnour;G;24:42;5;8;1;1;0;0;0;1;1;5;1;0;2;2;11;
Alexey Shved;;27:27;4;11;2;5;1;4;1;1;2;2;2;0;2;4;11;
Dante Cunningham;;18:30;3;5;0;0;1;2;3;4;7;1;0;0;0;2;7;
Greg Stiemsma;;9:14;1;3;0;0;0;0;0;0;0;0;0;2;0;2;2;
Jose Juan Barea;;23:20;4;8;0;2;2;4;0;2;2;3;0;0;4;3;10;
Derrick Williams;;10:11;1;2;0;1;0;0;0;3;3;0;0;0;0;1;2;
Lou Amundson;;3:00;0;0;0;0;0;2;0;2;2;0;1;0;0;0;0;
BOS
Paul Pierce;F;25:20;6;15;1;6;5;6;0;4;4;2;1;0;4;1;18;
Brandon Bass;F;29:59;6;9;0;0;0;0;2;6;8;1;2;3;0;4;12;
Kevin Garnett;C;26:42;8;13;0;1;2;4;1;9;10;4;1;0;2;2;18;
Jason Terry;G;37:51;7;10;3;5;0;0;0;5;5;2;0;0;2;1;17;
Rajon Rondo;G;37:42;6;11;0;3;5;6;0;1;1;11;1;0;5;4;17;
Jared Sullinger;;17:57;1;3;0;1;5;6;1;6;7;1;0;2;0;5;7;
Chris Wilcox;;20:14;2;3;0;0;1;2;1;4;5;0;0;1;2;4;5;
Courtney Lee;;20:27;1;4;0;0;0;2;0;1;1;1;1;0;0;2;2;
Jeff Green;;22:40;4;9;0;1;0;0;1;3;4;2;0;0;1;1;8;
Leandro Barbosa;;0:04;0;0;0;0;0;0;0;0;0;0;0;0;0;0;0;
Kris Joseph;;1:04;0;1;0;0;0;0;0;0;0;0;0;0;0;0;0;
