11-11;ATL-LAC;76-89;
19-18;18-21;23-26;16-24;
ATL
Josh Smith;F;35:21;6;14;1;3;0;4;1;5;6;4;1;3;5;5;13;
Al Horford;F;35:47;5;10;0;0;1;2;3;6;9;2;0;0;1;0;11;
Zaza Pachulia;C;30:21;2;5;0;1;1;2;1;5;6;0;0;1;4;2;5;
Kyle Korver;G;29:59;2;6;2;6;1;1;0;5;5;2;1;2;1;0;7;
Jeff Teague;G;26:55;3;8;2;4;0;0;1;0;1;6;0;0;4;1;8;
Devin Harris;;25:10;2;7;1;5;0;2;0;4;4;3;0;2;2;1;5;
Lou Williams;;18:57;4;9;3;5;0;0;0;1;1;2;1;0;2;0;11;
Ivan Johnson;;14:22;1;1;0;0;0;0;1;2;3;1;0;1;2;3;2;
Anthony Tolliver;;15:32;3;6;0;1;2;3;1;2;3;0;0;0;0;0;8;
John Jenkins;;3:48;2;4;0;0;2;2;1;1;2;0;0;0;0;0;6;
Mike Scott;;3:48;0;2;0;0;0;0;1;0;1;0;0;0;1;0;0;
LAC
Caron Butler;F;26:00;5;13;2;4;1;1;0;6;6;0;0;2;1;2;13;
Blake Griffin;F;30:07;7;11;0;0;2;2;1;5;6;4;1;0;3;1;16;
DeAndre Jordan;C;24:13;3;6;0;0;2;2;2;3;5;0;2;0;0;3;8;
Willie Green;G;17:13;1;5;0;2;0;0;0;0;0;2;0;0;1;2;2;
Chris Paul;G;31:24;7;12;1;3;0;0;0;2;2;8;1;0;1;2;15;
Matt Barnes;;22:00;5;8;0;1;0;0;3;4;7;1;2;0;0;1;10;
Jamal Crawford;;28:38;5;14;1;3;0;0;0;2;2;2;3;0;1;0;11;
Ryan Hollins;;15:39;1;1;0;0;0;0;0;2;2;0;1;0;1;5;2;
Eric Bledsoe;;18:45;4;10;1;1;3;3;2;0;2;1;2;1;4;5;12;
Ronny Turiaf;;14:32;0;0;0;0;0;0;0;5;5;2;0;2;1;1;0;
Lamar Odom;;11:29;0;2;0;1;0;0;0;1;1;1;0;1;0;0;0;
