01-25;DET-MIA;88-110;
31-30;20-30;17-24;20-26;
DET
Tayshaun Prince;F;28:33;3;7;2;3;0;0;2;4;6;2;0;0;3;1;8;
Jason Maxiell;F;18:43;1;4;0;0;0;0;0;2;2;0;0;0;0;1;2;
Greg Monroe;C;34:02;12;17;0;0;7;8;6;6;12;0;1;0;3;3;31;
Kyle Singler;G;20:36;1;6;0;0;0;0;0;0;0;1;3;0;2;1;2;
Brandon Knight;G;27:33;4;7;0;3;1;3;0;0;0;5;1;0;3;3;9;
Rodney Stuckey;;24:32;2;6;0;2;0;2;1;1;2;1;1;0;0;0;4;
Andre Drummond;;25:11;3;6;0;0;0;2;1;6;7;1;3;2;2;3;6;
Austin Daye;;19:27;2;4;1;1;4;4;0;2;2;0;0;0;0;2;9;
Will Bynum;;22:26;4;7;1;1;4;4;1;1;2;1;0;0;4;1;13;
Charlie Villanueva;;11:53;1;5;0;1;0;0;1;1;2;0;0;0;1;0;2;
Kim English;;3:32;1;2;0;1;0;0;0;0;0;0;0;0;0;2;2;
Jonas Jerebko;;3:32;0;1;0;0;0;0;0;0;0;0;0;0;0;1;0;
MIA
LeBron James;F;33:01;9;14;0;1;5;6;1;6;7;7;1;0;2;0;23;
Udonis Haslem;F;18:16;3;3;0;0;0;0;2;3;5;1;0;0;1;2;6;
Chris Bosh;C;29:42;5;10;0;1;4;5;2;5;7;1;1;0;0;1;14;
Dwyane Wade;G;34:30;12;20;0;1;5;5;1;4;5;7;3;1;5;1;29;
Mario Chalmers;G;27:08;2;6;1;4;1;2;1;1;2;2;4;0;0;3;6;
Ray Allen;;23:19;3;6;2;3;3;4;0;1;1;3;1;1;1;3;11;
Norris Cole;;19:32;3;8;0;2;1;1;0;1;1;1;1;0;1;3;7;
Shane Battier;;16:07;1;4;1;3;0;0;0;1;1;0;1;0;0;2;3;
Joel Anthony;;17:02;1;1;0;0;0;0;1;0;1;1;0;2;1;0;2;
Mike Miller;;12:00;1;1;0;0;0;0;0;3;3;1;0;0;1;1;2;
Chris Andersen;;3:32;1;1;0;0;0;0;1;1;2;0;0;0;0;0;2;
Rashard Lewis;;3:32;2;3;1;2;0;0;0;1;1;0;0;0;0;1;5;
James Jones;;2:20;0;0;0;0;0;0;0;0;0;0;0;0;0;0;0;
