03-18;POR-PHI;100-101;
28-32;22-26;22-20;28-23;
POR
Nicolas Batum;F;39:22;3;9;3;8;0;0;0;3;3;4;0;2;2;0;9;
LaMarcus Aldridge;F;39:05;13;28;1;2;5;5;5;9;14;3;0;1;4;0;32;
JJ Hickson;C;15:51;2;5;0;0;0;0;2;4;6;0;0;0;0;2;4;
Wesley Matthews;G;40:13;3;12;0;5;0;0;1;3;4;6;4;1;0;4;6;
Damian Lillard;G;41:57;10;20;5;7;2;3;2;5;7;7;0;0;4;3;27;
Meyers Leonard;;16:45;2;3;0;0;2;2;0;3;3;0;0;1;0;1;6;
Eric Maynor;;17:08;1;4;1;1;1;2;0;2;2;4;0;1;1;1;4;
Will Barton;;5:24;0;1;0;1;0;0;0;2;2;0;0;0;1;0;0;
Joel Freeland;;12:19;2;4;0;0;2;2;1;3;4;0;1;0;1;2;6;
Luke Babbitt;;11:57;2;4;2;4;0;0;1;0;1;2;0;0;0;1;6;
PHI
Evan Turner;F;24:38;1;8;0;0;0;0;0;3;3;4;0;0;0;2;2;
Thaddeus Young;F;39:55;9;15;0;1;1;3;2;1;3;5;4;2;3;3;19;
Spencer Hawes;C;39:53;9;14;0;1;0;0;1;12;13;4;0;2;4;3;18;
Damien Wilkins;G;35:45;6;8;0;1;0;0;1;1;2;6;1;0;4;3;12;
Jrue Holiday;G;40:32;11;21;3;6;2;2;3;5;8;6;1;1;1;1;27;
Charles Jenkins;;11:12;1;3;0;0;0;0;0;0;0;1;0;0;0;1;2;
Arnett Moultrie;;9:09;0;1;0;0;3;4;0;3;3;1;1;0;0;0;3;
Dorell Wright;;34:21;5;14;2;7;4;4;0;8;8;4;0;3;1;1;16;
Lavoy Allen;;4:35;1;2;0;0;0;0;1;2;3;0;0;0;0;1;2;
