03-01;NYK-WAS;96-88;
26-23;28-25;19-29;23-11;
NYK
James White;F;10:12;0;2;0;0;0;0;0;1;1;1;0;1;2;0;0;
Carmelo Anthony;F;43:01;10;24;2;7;8;9;1;5;6;3;2;0;3;2;30;
Tyson Chandler;C;34:09;1;3;0;0;4;6;3;7;10;2;0;1;2;2;6;
Iman Shumpert;G;23:36;1;3;1;2;0;0;1;0;1;1;0;1;0;3;3;
Raymond Felton;G;32:20;9;18;1;4;4;4;2;4;6;4;2;0;1;1;23;
J.R. Smith;;33:00;5;13;3;8;0;0;1;11;12;2;3;0;1;6;13;
Jason Kidd;;28:01;2;6;0;4;0;0;1;2;3;5;1;0;0;5;4;
Amar'e Stoudemire;;24:24;5;8;0;0;2;2;0;2;2;0;0;0;3;2;12;
Steve Novak;;11:18;2;4;1;3;0;0;0;0;0;0;0;0;0;2;5;
WAS
Martell Webster;F;36:39;4;7;1;3;0;0;0;5;5;1;1;0;0;4;9;
Chris Singleton;F;20:47;0;6;0;0;0;0;0;1;1;0;0;1;1;2;0;
Emeka Okafor;C;37:19;4;8;0;0;3;8;2;8;10;1;0;2;2;3;11;
Bradley Beal;G;39:21;10;21;4;7;5;7;2;9;11;2;0;0;1;2;29;
John Wall;G;42:11;6;14;0;1;4;4;1;2;3;7;3;1;5;3;16;
Trevor Ariza;;33:33;4;9;2;5;5;8;1;5;6;4;2;0;2;1;15;
Trevor Booker;;8:34;1;3;0;0;0;0;1;1;2;1;0;0;0;1;2;
Garrett Temple;;11:06;1;2;0;0;0;0;1;1;2;3;1;0;1;0;2;
Kevin Seraphin;;10:30;1;4;0;0;2;2;3;1;4;0;0;0;1;2;4;
