02-22;SAS-GSW;101-107;
25-25;14-13;29-29;25-26;8-14;
SAS
Kawhi Leonard;F;38:36;3;8;0;3;4;4;1;5;6;3;0;1;0;4;10;
Tim Duncan;F;38:31;6;16;0;0;7;10;2;11;13;3;1;4;3;5;19;
Tiago Splitter;C;25:56;4;7;0;0;2;5;1;4;5;0;0;0;0;0;10;
Danny Green;G;38:24;7;15;4;9;2;2;1;3;4;2;1;0;0;2;20;
Tony Parker;G;40:29;7;18;0;0;4;6;0;6;6;3;2;0;1;2;18;
Manu Ginobili;;26:53;8;17;0;5;2;3;1;4;5;2;2;0;2;3;18;
Boris Diaw;;17:04;0;1;0;0;2;2;0;2;2;2;0;1;2;4;2;
Matt Bonner;;11:34;1;2;0;1;0;0;1;1;2;0;0;1;0;0;2;
Nando De Colo;;5:29;0;2;0;1;0;0;0;1;1;0;0;0;0;0;0;
Gary Neal;;9:12;0;6;0;3;0;0;0;1;1;1;0;0;0;0;0;
Patty Mills;;9:50;0;0;0;0;0;0;0;0;0;1;1;0;0;1;0;
DeJuan Blair;;3:02;1;3;0;0;0;0;3;2;5;0;0;0;1;1;2;
GSW
Harrison Barnes;F;31:17;1;8;0;2;5;6;0;4;4;3;0;0;2;4;7;
David Lee;F;42:05;10;20;0;0;5;6;5;17;22;1;1;0;3;4;25;
Andris Biedrins;C;15:48;0;0;0;0;0;0;0;3;3;0;1;0;0;3;0;
Klay Thompson;G;43:32;5;14;0;3;0;0;0;3;3;3;1;1;1;3;10;
Stephen Curry;G;44:55;6;17;3;9;4;5;0;4;4;6;1;0;2;2;19;
Jarrett Jack;;42:06;11;22;1;6;7;9;0;3;3;10;1;1;1;0;30;
Carl Landry;;21:03;5;7;0;0;1;1;2;6;8;1;1;2;2;4;11;
Draymond Green;;12:42;1;5;1;1;0;0;2;6;8;0;0;1;1;0;3;
Richard Jefferson;;6:28;0;0;0;0;0;1;0;1;1;1;0;0;0;1;0;
Kent Bazemore;;0:26;0;0;0;0;0;0;0;0;0;0;0;0;0;0;0;
Festus Ezeli;;4:37;0;1;0;0;2;2;0;1;1;0;0;0;0;2;2;
