11-30;DET-MEM;78-90;
21-22;24-31;21-23;12-14;
DET
Tayshaun Prince;F;34:38;6;13;1;2;2;2;1;1;2;4;0;0;0;1;15;
Jason Maxiell;F;30:59;2;4;0;0;1;2;1;8;9;1;0;3;1;3;5;
Greg Monroe;C;31:02;7;15;0;0;3;3;1;8;9;2;2;0;7;4;17;
Kyle Singler;G;38:50;3;7;1;3;2;2;0;6;6;2;2;0;1;4;9;
Brandon Knight;G;27:29;3;9;0;2;4;5;0;5;5;0;0;0;6;1;10;
Rodney Stuckey;;27:42;3;11;0;2;0;0;2;2;4;3;0;1;1;2;6;
Andre Drummond;;18:54;2;3;0;1;0;0;4;4;8;0;1;0;2;1;4;
Charlie Villanueva;;15:05;3;7;2;4;1;2;2;1;3;0;1;1;2;2;9;
Corey Maggette;;15:21;0;3;0;2;3;4;0;0;0;3;1;0;2;2;3;
MEM
Rudy Gay;F;39:20;6;17;0;2;6;6;2;2;4;0;0;0;3;2;18;
Zach Randolph;F;29:52;3;8;0;0;2;4;2;3;5;2;0;0;1;3;8;
Marc Gasol;C;34:13;6;17;0;0;5;5;3;8;11;3;0;4;2;3;17;
Wayne Ellington;G;31:59;1;9;1;4;0;0;0;3;3;3;1;0;1;0;3;
Mike Conley;G;32:49;6;10;3;5;2;2;1;3;4;5;6;1;2;2;17;
Quincy Pondexter;;24:41;0;3;0;1;0;0;0;2;2;2;2;0;0;4;0;
Jerryd Bayless;;15:11;4;6;0;0;2;2;0;2;2;4;1;0;3;3;10;
Marreese Speights;;17:12;3;7;0;0;0;1;3;4;7;0;1;0;0;2;6;
Darrell Arthur;;14:43;5;8;0;0;1;1;0;1;1;1;0;0;0;3;11;
