12-28;CHA-BKN;81-97;
15-33;23-23;20-24;23-17;
CHA
Michael Kidd-Gilchrist;F;18:38;1;6;1;1;0;0;1;3;4;1;0;0;0;4;3;
Hakim Warrick;F;25:47;4;10;0;0;5;6;2;2;4;0;0;0;0;3;13;
Bismack Biyombo;C;25:30;0;0;0;0;6;12;3;4;7;0;0;0;2;2;6;
Gerald Henderson;G;28:31;2;7;0;0;2;2;0;5;5;4;3;0;2;2;6;
Kemba Walker;G;32:32;2;10;0;2;1;2;1;0;1;2;0;0;3;2;5;
Ramon Sessions;;25:40;6;15;0;2;0;2;1;1;2;2;1;0;2;0;12;
DeSagana Diop;;2:31;0;0;0;0;0;0;0;0;0;0;0;0;0;1;0;
Ben Gordon;;20:17;3;10;0;2;4;4;0;1;1;1;1;0;0;3;10;
Brendan Haywood;;22:51;4;7;0;0;0;0;4;4;8;0;0;0;1;1;8;
Jeff Taylor;;19:30;2;4;1;2;4;4;0;2;2;1;1;0;0;3;9;
Jeff Adrien;;12:07;2;2;0;0;0;0;0;1;1;0;0;0;1;2;4;
Reggie Williams;;6:06;2;2;1;1;0;0;0;1;1;0;0;0;1;0;5;
BKN
Keith Bogans;F;22:56;3;3;3;3;0;0;0;2;2;2;0;0;1;3;9;
Gerald Wallace;F;24:00;0;3;0;1;0;2;0;5;5;6;1;1;2;2;0;
Brook Lopez;C;27:03;9;12;0;0;8;8;4;7;11;2;0;3;1;2;26;
Joe Johnson;G;33:58;6;14;2;8;2;2;0;2;2;4;1;0;0;3;16;
Deron Williams;G;28:41;7;14;3;5;2;2;0;1;1;2;0;0;0;0;19;
Jerry Stackhouse;;8:44;0;4;0;2;0;0;0;2;2;0;0;0;1;0;0;
CJ Watson;;18:51;1;4;1;3;0;0;0;1;1;0;1;1;2;2;3;
Reggie Evans;;27:05;2;3;0;0;1;2;5;8;13;0;1;0;1;4;5;
Andray Blatche;;14:10;1;2;0;0;4;4;2;0;2;0;0;1;2;4;6;
MarShon Brooks;;19:44;3;8;0;2;3;6;1;2;3;2;1;1;2;2;9;
Mirza Teletovic;;6:47;1;3;0;2;0;0;0;1;1;1;1;0;0;1;2;
Josh Childress;;2:06;0;1;0;0;0;0;0;0;0;0;0;0;0;0;0;
Tyshawn Taylor;;5:55;1;5;0;1;0;0;0;0;0;0;1;0;0;1;2;
