11-07;SAS-LAC;84-106;
16-22;25-25;21-35;22-24;
SAS
Kawhi Leonard;F;22:59;2;5;0;2;0;0;0;4;4;2;0;0;1;0;4;
Tim Duncan;F;22:43;3;8;0;0;4;6;2;4;6;3;1;0;1;1;10;
Boris Diaw;C;24:28;4;6;0;2;0;0;0;2;2;2;2;0;1;1;8;
Danny Green;G;23:52;4;7;3;5;1;1;0;1;1;2;1;1;0;1;12;
Tony Parker;G;24:04;2;7;0;1;0;0;0;1;1;6;0;0;4;0;4;
Stephen Jackson;;22:07;2;4;0;1;1;4;0;2;2;1;1;0;0;1;5;
Manu Ginobili;;19:05;2;8;2;5;3;3;0;1;1;2;0;1;1;2;9;
DeJuan Blair;;16:51;2;7;0;0;0;0;3;4;7;1;1;1;2;2;4;
Tiago Splitter;;18:31;3;6;0;0;1;3;0;2;2;0;0;1;3;1;7;
Gary Neal;;18:50;2;6;1;3;4;4;0;1;1;5;0;0;4;0;9;
Matt Bonner;;10:14;1;2;1;1;0;0;1;1;2;0;1;0;1;0;3;
Patty Mills;;9:29;2;4;0;2;1;1;0;0;0;1;0;0;1;1;5;
Nando De Colo;;6:47;1;3;1;1;1;2;0;0;0;0;0;0;1;1;4;
LAC
Caron Butler;F;21:08;2;6;0;2;0;0;1;2;3;3;1;0;2;3;4;
Blake Griffin;F;29:56;10;16;0;0;2;3;0;10;10;3;0;1;2;2;22;
DeAndre Jordan;C;27:01;10;12;0;0;0;0;3;8;11;0;2;4;1;1;20;
Willie Green;G;17:18;5;5;1;1;0;0;0;2;2;1;1;0;0;0;11;
Chris Paul;G;29:28;4;8;0;1;2;2;0;2;2;12;1;0;1;2;10;
Ryan Hollins;;16:32;1;3;0;0;0;0;2;3;5;0;0;0;2;4;2;
Jamal Crawford;;26:54;3;7;2;5;2;2;0;0;0;1;1;0;3;1;10;
Matt Barnes;;26:52;4;9;2;5;2;2;1;4;5;4;3;1;2;4;12;
Eric Bledsoe;;22:20;7;14;1;2;0;0;1;0;1;5;1;1;1;0;15;
Lamar Odom;;9:56;0;3;0;1;0;0;0;2;2;1;0;1;1;2;0;
Ronny Turiaf;;12:35;0;0;0;0;0;0;1;4;5;0;3;0;0;0;0;
