11-08;OKC-CHI;97-91;
24-24;24-23;18-25;31-19;
OKC
Kevin Durant;F;38:23;11;19;0;2;2;2;1;3;4;1;3;3;6;1;24;
Serge Ibaka;F;36:52;8;15;1;1;4;4;4;5;9;0;1;4;3;3;21;
Kendrick Perkins;C;20:16;0;0;0;0;0;0;1;4;5;0;1;0;2;1;0;
Thabo Sefolosha;G;39:00;3;6;1;1;0;0;0;7;7;3;2;0;1;1;7;
Russell Westbrook;G;35:34;7;22;1;7;1;1;1;1;2;12;1;0;2;4;16;
Kevin Martin;;30:50;3;5;1;1;8;9;0;6;6;2;1;0;2;4;15;
Nick Collison;;17:00;2;2;0;0;0;0;1;2;3;2;1;1;3;3;4;
Eric Maynor;;12:26;2;4;1;1;5;5;0;0;0;3;0;0;1;1;10;
Hasheem Thabeet;;9:39;0;0;0;0;0;0;0;2;2;0;0;0;2;1;0;
CHI
Luol Deng;F;42:23;11;21;3;6;2;2;0;1;1;2;1;1;3;2;27;
Carlos Boozer;F;30:26;3;9;0;0;3;4;2;9;11;2;0;0;5;4;9;
Joakim Noah;C;39:08;4;9;0;0;1;2;7;6;13;6;1;1;4;2;9;
Richard Hamilton;G;34:27;7;14;0;1;6;6;1;7;8;0;2;1;4;3;20;
Kirk Hinrich;G;36:01;5;12;2;5;0;0;0;3;3;5;0;0;1;1;12;
Taj Gibson;;24:38;2;5;0;0;0;0;0;2;2;2;1;0;1;2;4;
Marco Belinelli;;5:53;0;0;0;0;2;2;0;0;0;0;0;0;0;0;2;
Nazr Mohammed;;1:32;0;2;0;0;0;0;0;0;0;0;0;0;0;0;0;
Nate Robinson;;11:59;1;6;0;1;0;0;0;0;0;2;0;0;1;3;2;
Jimmy Butler;;13:17;2;5;0;1;2;2;2;1;3;3;1;0;1;1;6;
Vladimir Radmanovic;;0:16;0;1;0;1;0;0;0;0;0;0;0;0;0;1;0;
