02-26;SAC-MIA;129-141;
22-27;31-24;32-33;27-28;12-12;5-17;
SAC
John Salmons;F;45:03;6;11;3;4;0;0;0;5;5;7;1;2;4;3;15;
Jason Thompson;F;26:15;3;10;0;0;2;3;3;3;6;2;1;0;4;1;8;
DeMarcus Cousins;C;44:03;10;17;0;1;4;7;6;9;15;5;2;0;3;5;24;
Tyreke Evans;G;37:55;10;16;1;3;3;4;3;1;4;4;4;0;2;5;24;
Isaiah Thomas;G;43:20;5;11;2;4;2;2;0;2;2;8;1;0;1;3;14;
Marcus Thornton;;35:03;10;13;7;10;6;8;2;0;2;3;0;1;1;2;33;
Patrick Patterson;;10:13;0;1;0;0;0;0;0;1;1;0;0;0;1;1;0;
Aaron Brooks;;9:39;0;4;0;2;0;0;0;1;1;1;1;1;1;1;0;
Travis Outlaw;;4:32;0;0;0;0;2;2;0;0;0;0;0;0;0;1;2;
Charles Hayes;;8:57;2;2;0;0;0;0;0;4;4;2;0;1;0;1;4;
MIA
LeBron James;F;42:45;11;20;0;1;7;8;2;3;5;13;2;1;2;1;29;
Udonis Haslem;F;21:58;2;3;0;0;1;2;2;2;4;2;1;0;0;3;5;
Chris Bosh;C;36:10;4;12;0;2;5;6;1;6;7;2;3;4;1;3;13;
Dwyane Wade;G;40:28;17;26;1;2;0;2;2;5;7;6;2;1;3;1;35;
Mario Chalmers;G;27:30;2;7;2;5;0;0;0;0;0;4;0;0;0;4;6;
Ray Allen;;36:12;8;14;5;10;0;0;0;3;3;2;0;0;1;1;21;
Chris Andersen;;16:50;4;5;0;0;2;2;0;3;3;0;0;1;0;2;10;
Rashard Lewis;;18:12;1;5;1;2;0;0;0;3;3;0;0;1;1;3;3;
Norris Cole;;24:54;1;2;0;0;0;0;0;2;2;1;3;0;2;4;2;
