11-17;NOH-MIL;113-117;
27-25;31-35;33-31;22-26;
NOH
Al-Farouq Aminu;F;31:27;4;7;1;1;0;0;1;7;8;4;1;1;4;4;9;
Anthony Davis;F;31:34;10;13;0;0;8;9;4;7;11;1;0;0;4;4;28;
Robin Lopez;C;19:04;4;4;0;0;0;0;1;2;3;3;0;1;0;1;8;
Austin Rivers;G;22:20;0;2;0;1;6;6;0;0;0;2;1;0;2;0;6;
Greivis Vasquez;G;30:09;5;16;2;4;1;1;0;2;2;11;0;0;3;5;13;
Brian Roberts;;14:13;3;5;0;1;2;2;0;0;0;4;0;0;2;2;8;
Roger Mason Jr.;;29:18;4;8;2;4;0;0;0;2;2;2;2;0;1;3;10;
Ryan Anderson;;29:11;8;16;4;9;0;0;2;2;4;2;0;0;3;4;20;
Jason Smith;;16:11;2;4;0;0;4;4;0;3;3;1;0;0;0;2;8;
Darius Miller;;16:33;1;2;1;1;0;0;0;3;3;2;0;0;0;1;3;
MIL
Tobias Harris;F;17:09;4;9;2;4;0;0;1;0;1;0;0;0;2;1;10;
Ersan Ilyasova;F;25:29;5;10;0;0;0;0;4;1;5;2;0;0;0;3;10;
Samuel Dalembert;C;20:21;6;10;0;0;3;3;4;4;8;0;0;1;3;3;15;
Monta Ellis;G;33:59;8;16;0;3;6;6;1;2;3;9;0;0;0;1;22;
Brandon Jennings;G;40:42;8;16;4;7;2;3;1;1;2;9;4;0;1;2;22;
Mike Dunleavy;;30:51;5;12;4;7;3;4;3;6;9;5;1;0;0;1;17;
Larry Sanders;;20:49;1;5;0;0;2;6;2;4;6;0;1;3;1;5;4;
Beno Udrih;;13:39;2;6;2;3;2;2;0;2;2;1;2;0;4;1;8;
Ekpe Udoh;;22:31;1;4;0;0;0;0;0;4;4;1;0;0;0;0;2;
Marquis Daniels;;7:40;2;3;1;1;0;0;0;0;0;1;0;0;0;0;5;
John Henson;;6:50;1;2;0;0;0;0;0;1;1;0;1;0;0;1;2;
