11-30;POR-BOS;78-96;
18-25;15-31;26-19;19-21;
POR
Nicolas Batum;F;33:10;2;11;1;6;4;5;2;3;5;3;2;1;3;0;9;
LaMarcus Aldridge;F;32:59;8;16;0;0;7;9;2;6;8;0;1;1;5;2;23;
JJ Hickson;C;25:32;3;7;0;0;5;8;2;1;3;0;2;0;2;1;11;
Wesley Matthews;G;31:00;2;6;0;1;1;1;0;3;3;0;0;0;0;3;5;
Damian Lillard;G;30:37;2;8;1;5;3;4;1;2;3;3;1;0;3;3;8;
Nolan Smith;;17:23;0;5;0;1;0;0;0;2;2;1;0;0;3;2;0;
Meyers Leonard;;22:28;3;5;0;0;5;6;1;4;5;0;2;1;1;3;11;
Will Barton;;16:60;1;5;0;1;1;2;1;2;3;4;2;0;3;1;3;
Sasha Pavlovic;;2:49;0;0;0;0;0;0;0;0;0;0;0;0;0;0;0;
Jared Jeffries;;2:34;0;0;0;0;1;2;0;0;0;0;0;0;0;2;1;
Joel Freeland;;12:27;2;3;0;0;0;0;0;2;2;1;2;1;1;2;4;
Luke Babbitt;;12:02;1;3;1;1;0;0;1;2;3;0;0;0;0;0;3;
BOS
Paul Pierce;F;27:06;3;7;1;4;5;5;0;8;8;5;0;0;5;1;12;
Brandon Bass;F;16:58;3;6;0;0;0;0;0;1;1;0;1;0;0;3;6;
Kevin Garnett;C;22:43;5;8;0;0;0;0;0;5;5;4;1;1;2;3;10;
Jason Terry;G;31:24;7;11;2;5;1;1;0;2;2;1;0;0;0;1;17;
Courtney Lee;G;36:59;4;10;0;2;2;2;1;6;7;5;3;0;3;1;10;
Jared Sullinger;;31:02;4;6;0;0;1;2;2;6;8;2;2;0;3;4;9;
Jason Collins;;11:30;0;0;0;0;0;1;0;1;1;0;2;0;1;3;0;
Jeff Green;;22:42;6;13;2;4;5;5;1;2;3;2;4;1;4;5;19;
Leandro Barbosa;;20:54;3;5;1;1;2;2;0;0;0;1;3;2;1;1;9;
Chris Wilcox;;13:47;1;4;0;0;0;0;1;0;1;0;0;0;0;3;2;
Kris Joseph;;4:55;0;3;0;0;2;2;0;0;0;0;0;0;0;2;2;
