02-11;WAS-MIL;102-90;
29-32;26-15;19-24;28-19;
WAS
Martell Webster;F;20:02;1;4;0;1;0;0;0;1;1;1;0;0;1;2;2;
Nene;F;37:23;10;13;0;0;1;2;1;12;13;6;2;1;2;2;21;
Emeka Okafor;C;24:15;5;8;0;0;2;2;3;7;10;3;0;0;1;2;12;
Garrett Temple;G;11:44;1;3;0;0;0;0;0;3;3;0;0;1;1;1;2;
John Wall;G;32:43;5;6;0;0;4;6;0;4;4;10;1;0;7;1;14;
Trevor Ariza;;32:34;4;7;0;3;0;0;0;3;3;3;1;0;3;1;8;
Bradley Beal;;36:16;10;17;4;5;4;4;0;4;4;2;2;2;2;0;28;
Chris Singleton;;15:16;1;6;0;1;2;2;1;1;2;1;1;0;0;3;4;
A.J. Price;;15:17;2;5;0;2;0;0;1;0;1;3;0;0;0;0;4;
Kevin Seraphin;;14:30;3;5;0;0;1;1;1;5;6;0;0;0;2;4;7;
MIL
Luc Mbah a Moute;F;13:57;3;5;1;1;1;2;1;0;1;1;0;0;2;0;8;
Ersan Ilyasova;F;34:27;8;17;1;4;2;4;4;5;9;4;3;2;1;2;19;
Samuel Dalembert;C;17:15;3;5;0;0;0;1;2;5;7;0;1;0;1;6;6;
Monta Ellis;G;43:20;9;21;0;4;6;9;2;5;7;8;6;1;2;2;24;
Brandon Jennings;G;39:25;3;17;1;7;0;2;0;1;1;7;1;0;1;0;7;
Ekpe Udoh;;23:22;2;7;0;0;1;1;4;2;6;0;0;1;1;2;5;
Mike Dunleavy;;29:09;3;9;2;4;3;3;0;4;4;0;1;0;0;1;11;
Beno Udrih;;20:42;3;8;0;3;0;0;1;0;1;3;0;0;0;1;6;
John Henson;;13:33;2;5;0;0;0;0;2;2;4;0;1;1;0;2;4;
Joel Przybilla;;4:50;0;1;0;0;0;0;1;2;3;0;0;0;1;1;0;
