01-13;IND-BKN;86-97;
21-27;28-19;26-23;11-28;
IND
Paul George;F;35:29;6;18;3;7;0;0;4;8;12;3;6;0;2;5;15;
David West;F;34:51;11;19;0;0;5;6;0;6;6;3;0;1;2;4;27;
Roy Hibbert;C;30:32;3;5;0;0;0;0;2;5;7;0;0;6;2;5;6;
Lance Stephenson;G;6:27;0;1;0;1;0;0;0;1;1;0;0;0;0;0;0;
George Hill;G;34:25;6;13;1;5;0;0;0;3;3;3;0;0;1;2;13;
Gerald Green;;32:37;5;13;1;6;4;4;1;4;5;2;1;1;0;0;15;
Tyler Hansbrough;;13:09;1;4;0;0;0;0;0;0;0;0;0;0;0;1;2;
Ian Mahinmi;;17:28;2;2;0;0;1;2;2;1;3;0;0;1;2;2;5;
Orlando Johnson;;16:56;0;4;0;3;0;0;0;2;2;3;1;0;0;2;0;
D.J. Augustin;;null;1;4;1;2;0;0;0;0;0;4;0;0;0;0;3;
BKN
Keith Bogans;F;21:59;2;4;1;2;3;4;0;3;3;0;1;0;0;1;8;
Reggie Evans;F;29:52;1;2;0;0;0;0;3;3;6;1;1;0;0;3;2;
Brook Lopez;C;28:31;5;14;0;0;5;8;2;7;9;2;0;2;0;1;15;
Joe Johnson;G;42:16;7;16;3;6;3;3;3;2;5;3;0;0;2;1;20;
Deron Williams;G;41:18;7;18;2;5;6;6;1;4;5;9;0;0;3;3;22;
Kris Humphries;;17:20;4;7;0;0;2;2;5;4;9;0;0;0;3;2;10;
Andray Blatche;;19:29;1;8;0;0;3;4;2;2;4;2;1;0;1;1;5;
MarShon Brooks;;13:10;1;5;0;0;3;4;0;1;1;1;0;1;0;1;5;
CJ Watson;;19:43;4;4;0;0;0;0;0;4;4;1;1;0;1;2;8;
Jerry Stackhouse;;5:50;1;3;0;1;0;0;0;0;0;0;0;0;1;0;2;
Tyshawn Taylor;;0:32;0;0;0;0;0;0;0;1;1;0;0;0;0;0;0;
