12-19;NOH-LAC;77-93;
16-22;22-26;18-27;21-18;
NOH
Lance Thomas;F;22:10;1;1;0;0;1;2;2;4;6;0;0;0;0;2;3;
Anthony Davis;F;41:50;7;15;0;1;2;3;3;2;5;0;0;1;1;2;16;
Robin Lopez;C;27:35;10;16;0;0;2;2;6;3;9;1;0;2;2;4;22;
Austin Rivers;G;21:21;1;4;0;1;1;4;0;0;0;0;0;0;3;2;3;
Greivis Vasquez;G;30:54;1;7;1;3;2;2;0;5;5;10;0;0;6;1;5;
Ryan Anderson;;26:35;2;13;0;8;3;3;1;4;5;0;0;0;1;0;7;
Dominic McGuire;;18:54;0;3;0;0;0;0;1;2;3;1;1;1;1;1;0;
Darius Miller;;11:58;1;3;0;1;2;2;1;2;3;1;0;0;3;2;4;
Brian Roberts;;17:06;3;7;0;1;1;1;0;2;2;2;2;0;1;2;7;
Roger Mason Jr.;;15:30;3;6;1;4;1;1;0;2;2;0;0;1;2;2;8;
Xavier Henry;;6:08;0;0;0;0;2;2;0;2;2;0;0;0;0;0;2;
LAC
Caron Butler;F;22:24;2;8;0;4;2;2;1;4;5;1;0;0;0;1;6;
Blake Griffin;F;28:34;7;12;0;1;4;5;2;2;4;2;1;0;0;1;18;
DeAndre Jordan;C;23:57;6;7;0;0;0;3;1;4;5;1;0;2;5;2;12;
Willie Green;G;19:46;2;5;2;4;0;0;0;3;3;1;0;0;0;2;6;
Chris Paul;G;27:57;4;9;0;2;2;2;1;4;5;12;1;0;0;2;10;
Matt Barnes;;22:00;5;7;1;3;0;0;1;4;5;0;1;1;2;3;11;
Jamal Crawford;;31:50;6;14;1;4;4;4;1;0;1;5;3;0;2;2;17;
Lamar Odom;;20:27;2;4;0;2;0;0;1;5;6;2;0;0;0;2;4;
Ronny Turiaf;;19:26;1;1;0;0;1;1;0;1;1;0;0;2;0;1;3;
Eric Bledsoe;;20:03;1;6;0;0;2;2;1;1;2;4;2;2;2;3;4;
Ryan Hollins;;3:36;1;1;0;0;0;0;0;0;0;0;0;0;1;2;2;
