11-12;ATL-POR;95-87;
28-22;28-25;19-20;20-20;
ATL
DeShawn Stevenson;F;38:29;2;4;2;4;0;0;0;2;2;0;2;0;1;0;6;
Josh Smith;F;27:35;9;22;0;0;1;1;0;11;11;3;1;1;2;5;19;
Al Horford;C;31:21;6;10;0;0;3;4;2;8;10;4;0;0;4;4;15;
Kyle Korver;G;30:37;5;8;4;6;2;2;0;3;3;2;2;0;2;4;16;
Jeff Teague;G;33:56;4;11;0;1;5;6;0;2;2;8;3;0;3;0;13;
Anthony Tolliver;;10:00;1;3;0;2;2;2;0;1;1;0;1;0;3;1;4;
Lou Williams;;18:09;3;7;0;3;5;6;1;0;1;1;4;0;1;1;11;
Devin Harris;;8:45;2;3;0;0;0;1;0;1;1;2;0;0;0;1;4;
Zaza Pachulia;;23:10;1;6;0;0;0;0;3;6;9;0;0;2;0;2;2;
Anthony Morrow;;12:54;2;5;1;2;0;0;0;0;0;0;1;1;0;3;5;
Ivan Johnson;;5:04;0;0;0;0;0;0;0;1;1;0;0;0;0;1;0;
POR
Nicolas Batum;F;40:10;8;17;3;8;0;0;2;5;7;1;1;0;4;2;19;
LaMarcus Aldridge;F;36:11;4;13;0;0;6;9;2;4;6;8;2;0;5;5;14;
JJ Hickson;C;32:57;8;14;0;0;3;5;7;11;18;0;2;1;3;1;19;
Wesley Matthews;G;38:27;3;9;1;6;10;10;1;3;4;1;3;0;1;2;17;
Damian Lillard;G;38:36;5;18;2;7;0;0;1;2;3;2;2;1;4;3;12;
Meyers Leonard;;14:57;1;4;0;1;2;2;1;1;2;0;1;2;1;2;4;
Ronnie Price;;17:53;1;3;0;1;0;0;1;3;4;2;1;0;1;4;2;
Will Barton;;2:57;0;0;0;0;0;0;0;1;1;0;0;0;1;0;0;
Joel Freeland;;11:30;0;5;0;0;0;0;1;0;1;1;0;1;0;0;0;
Sasha Pavlovic;;6:22;0;0;0;0;0;0;0;1;1;0;1;1;0;0;0;
