03-10;BOS-OKC;79-91;
22-23;23-27;20-18;14-23;
BOS
Paul Pierce;F;35:09;6;12;2;5;6;7;1;3;4;6;0;0;3;4;20;
Brandon Bass;F;31:30;3;4;0;0;0;0;5;8;13;1;1;2;0;4;6;
Kevin Garnett;C;30:39;5;19;0;1;0;0;3;8;11;1;0;1;2;3;10;
Courtney Lee;G;28:02;3;7;2;4;0;0;0;4;4;2;1;2;2;3;8;
Avery Bradley;G;34:37;5;10;1;1;1;2;0;3;3;5;1;0;1;2;12;
Chris Wilcox;;10:13;1;1;0;0;0;0;1;1;2;0;1;0;3;1;2;
Jeff Green;;28:00;2;11;0;2;4;5;0;2;2;0;0;0;3;3;8;
Jason Terry;;23:09;3;8;2;6;1;2;0;3;3;1;1;0;4;1;9;
Jordan Crawford;;15:09;1;5;0;1;2;4;0;2;2;0;0;0;0;2;4;
Terrence Williams;;3:32;0;0;0;0;0;0;0;0;0;1;0;0;0;0;0;
OKC
Kevin Durant;F;39:06;6;16;0;4;11;11;0;11;11;4;1;0;3;3;23;
Serge Ibaka;F;26:15;3;5;1;2;0;0;1;6;7;2;0;2;2;5;7;
Kendrick Perkins;C;30:37;2;6;0;0;2;4;1;4;5;5;1;1;0;2;6;
Thabo Sefolosha;G;24:29;3;4;1;1;1;2;0;3;3;1;3;0;2;3;8;
Russell Westbrook;G;33:57;5;11;1;2;4;6;0;1;1;2;2;1;3;4;15;
Kevin Martin;;28:51;4;12;0;4;4;5;0;3;3;3;2;0;1;0;12;
Nick Collison;;24:35;3;5;0;0;2;2;1;4;5;2;0;1;2;2;8;
Reggie Jackson;;15:54;2;6;0;2;2;2;0;4;4;1;0;1;1;1;6;
Ronnie Brewer;;2:42;0;0;0;0;0;0;0;0;0;0;0;0;0;0;0;
Derek Fisher;;13:34;2;3;1;1;1;1;0;2;2;1;0;0;0;2;6;
