11-10;BOS-MIL;96-92;
20-22;19-20;25-26;32-24;
BOS
Paul Pierce;F;35:14;8;18;3;7;6;8;1;8;9;3;1;1;2;2;25;
Brandon Bass;F;30:43;3;6;0;0;2;2;2;5;7;0;0;1;1;6;8;
Kevin Garnett;C;30:46;6;10;0;0;6;6;1;5;6;3;0;0;0;0;18;
Jason Terry;G;22:24;5;7;2;3;3;4;0;1;1;1;0;0;1;2;15;
Rajon Rondo;G;37:11;4;9;0;0;2;4;1;4;5;11;1;0;4;4;10;
Chris Wilcox;;15:06;3;5;0;0;0;0;1;2;3;0;1;0;2;3;6;
Jared Sullinger;;6:49;0;0;0;0;2;2;1;3;4;0;0;0;0;2;2;
Jeff Green;;25:20;3;8;0;1;6;8;0;3;3;0;1;2;3;3;12;
Courtney Lee;;28:00;0;3;0;2;0;0;0;1;1;1;0;0;0;0;0;
Leandro Barbosa;;8:27;0;6;0;2;0;0;0;1;1;1;0;0;1;0;0;
MIL
Tobias Harris;F;10:14;1;3;0;1;0;0;0;2;2;0;0;0;0;2;2;
Ersan Ilyasova;F;32:17;3;12;1;4;3;6;1;5;6;2;0;0;1;1;10;
Samuel Dalembert;C;21:34;6;8;0;0;2;4;4;4;8;1;0;0;0;4;14;
Monta Ellis;G;38:06;11;24;1;4;9;10;1;1;2;8;2;0;1;1;32;
Brandon Jennings;G;41:35;1;11;1;7;1;2;1;3;4;5;2;0;3;4;4;
Mike Dunleavy;;13:37;1;4;0;1;0;0;1;0;1;1;0;0;1;4;2;
Larry Sanders;;26:22;4;7;0;0;2;2;5;7;12;0;0;1;1;6;10;
Marquis Daniels;;23:49;5;9;0;1;2;2;0;2;2;2;2;1;1;0;12;
Ekpe Udoh;;15:42;2;5;0;0;0;0;2;2;4;0;0;1;0;1;4;
Beno Udrih;;16:44;1;5;0;1;0;0;1;2;3;1;1;0;3;2;2;
