12-09;TOR-LAC;83-102;
21-25;26-19;26-33;10-25;
TOR
Linas Kleiza;F;29:50;5;11;5;6;2;3;0;3;3;2;1;1;1;4;17;
Andrea Bargnani;F;33:12;5;16;2;6;0;0;0;2;2;2;0;1;0;2;12;
Jonas Valanciunas;C;18:40;0;2;0;0;1;2;2;1;3;1;0;0;1;5;1;
DeMar DeRozan;G;42:02;10;17;1;2;3;4;1;4;5;4;0;0;1;3;24;
Kyle Lowry;G;31:41;2;6;0;3;0;0;0;6;6;9;0;0;5;2;4;
Amir Johnson;;27:07;4;7;0;0;3;4;6;6;12;0;1;1;1;2;11;
Jose Calderon;;16:19;1;5;1;3;2;2;0;3;3;2;0;0;2;0;5;
Terrence Ross;;22:59;1;7;1;6;0;0;0;2;2;2;0;1;2;3;3;
Ed Davis;;17:01;2;6;0;0;2;2;2;1;3;0;1;1;1;1;6;
John Lucas III;;1:09;0;0;0;0;0;0;0;0;0;0;0;0;0;0;0;
LAC
Caron Butler;F;26:14;4;9;1;2;0;0;1;1;2;2;0;0;0;1;9;
Blake Griffin;F;29:10;7;11;0;0;5;6;2;7;9;4;3;0;0;1;19;
DeAndre Jordan;C;27:02;1;7;0;0;5;11;5;5;10;1;1;2;2;3;7;
Willie Green;G;15:43;2;4;0;1;0;0;1;2;3;1;0;0;0;1;4;
Chris Paul;G;28:21;5;10;1;2;5;5;0;2;2;4;2;0;2;2;16;
Lamar Odom;;20:56;2;6;0;4;0;0;1;4;5;1;1;1;2;3;4;
Jamal Crawford;;32:15;4;14;2;5;6;8;1;1;2;0;1;0;3;0;16;
Matt Barnes;;21:48;2;5;1;3;2;2;2;2;4;2;1;1;0;4;7;
Eric Bledsoe;;19:39;6;9;1;2;1;2;2;2;4;6;2;2;0;2;14;
Ronny Turiaf;;18:52;3;4;0;0;0;0;0;4;4;0;0;0;0;0;6;
