12-11;LAL-CLE;94-100;
23-29;16-25;23-14;32-32;
LAL
Metta World Peace;F;35:37;5;12;2;6;1;4;3;6;9;0;1;1;3;3;13;
Jordan Hill;F;25:33;1;6;0;0;0;0;5;5;10;1;1;1;2;5;2;
Dwight Howard;C;41:06;3;9;0;0;13;22;6;14;20;3;0;0;4;5;19;
Kobe Bryant;G;40:43;16;28;3;9;7;10;1;4;5;2;1;1;5;1;42;
Chris Duhon;G;33:02;1;2;0;1;0;0;0;3;3;2;1;0;2;1;2;
Jodie Meeks;;21:17;2;6;1;4;2;2;0;4;4;0;1;0;0;2;7;
Darius Morris;;6:52;0;1;0;0;0;0;0;1;1;1;0;0;1;1;0;
Antawn Jamison;;29:21;3;10;1;6;2;2;0;1;1;0;2;0;0;4;9;
Devin Ebanks;;6:29;0;1;0;1;0;0;0;1;1;2;0;0;1;0;0;
CLE
Alonzo Gee;F;39:59;6;14;2;5;3;4;1;4;5;3;1;1;3;4;17;
Tristan Thompson;F;33:36;0;3;0;0;1;4;2;8;10;0;0;0;1;4;1;
Anderson Varejao;C;34:51;8;13;0;1;4;7;2;7;9;5;3;1;1;4;20;
CJ Miles;G;37:11;10;18;5;10;3;4;0;5;5;0;1;1;1;5;28;
Kyrie Irving;G;38:14;11;21;4;6;2;3;2;4;6;11;1;0;4;3;28;
Tyler Zeller;;27:08;2;6;0;0;2;2;1;5;6;3;2;0;0;3;6;
Daniel Gibson;;7:00;0;3;0;2;0;0;0;0;0;0;0;0;0;0;0;
Jeremy Pargo;;9:46;0;3;0;2;0;0;0;1;1;1;0;1;2;1;0;
Omri Casspi;;11:50;0;3;0;1;0;2;0;1;1;1;0;0;0;2;0;
Samardo Samuels;;0:25;0;0;0;0;0;0;0;0;0;0;0;0;0;0;0;
