01-30;CHA-SAS;78-102;
23-25;14-24;23-25;18-28;
CHA
Michael Kidd-Gilchrist;F;27:44;2;5;0;1;0;0;2;2;4;1;4;0;1;0;4;
Jeff Adrien;F;20:17;1;3;0;0;5;6;2;4;6;0;0;0;2;1;7;
Bismack Biyombo;C;28:29;0;1;0;0;1;2;1;2;3;0;0;2;2;3;1;
Gerald Henderson;G;16:42;3;9;0;2;0;0;1;0;1;0;0;0;2;0;6;
Kemba Walker;G;39:13;6;13;1;5;3;4;0;6;6;4;2;0;5;1;16;
Ramon Sessions;;37:13;8;19;0;2;4;4;1;2;3;1;3;0;3;1;20;
Ben Gordon;;24:06;4;10;2;4;1;1;0;1;1;3;1;0;5;2;11;
Brendan Haywood;;19:31;2;5;0;0;0;0;1;4;5;0;0;0;3;3;4;
Jeff Taylor;;26:45;4;8;1;5;0;0;1;2;3;4;2;0;0;5;9;
SAS
Kawhi Leonard;F;33:33;7;10;4;5;0;0;0;5;5;0;2;1;0;3;18;
Boris Diaw;F;26:18;3;6;0;1;2;2;0;2;2;4;2;0;1;3;8;
Tiago Splitter;C;30:06;6;12;0;0;3;4;0;4;4;2;1;1;2;3;15;
Danny Green;G;29:02;5;6;3;3;4;4;1;4;5;2;3;2;3;1;17;
Tony Parker;G;32:43;9;10;1;1;3;4;0;2;2;7;3;0;5;0;22;
Aron Baynes;;17:54;3;7;0;0;1;2;3;6;9;0;0;1;3;4;7;
Manu Ginobili;;21:07;3;5;0;1;3;3;2;3;5;6;2;0;3;2;9;
Stephen Jackson;;20:59;1;6;0;3;1;2;0;1;1;2;0;0;4;1;3;
Gary Neal;;11:41;0;2;0;0;0;0;0;0;0;0;0;0;0;0;0;
Nando De Colo;;14:34;0;4;0;1;0;0;0;2;2;4;2;0;2;3;0;
Patty Mills;;2:03;1;1;1;1;0;0;0;0;0;1;1;0;0;0;3;
