12-17;HOU-NYK;109-96;
29-31;27-11;27-18;26-36;
HOU
Marcus Morris;F;29:10;4;7;2;3;3;4;0;3;3;0;0;0;2;1;13;
Chandler Parsons;F;38:20;4;9;1;4;0;0;0;5;5;3;5;0;3;1;9;
Omer Asik;C;24:42;2;5;0;0;2;2;0;2;2;0;2;3;2;3;6;
James Harden;G;37:42;9;18;2;6;8;9;1;9;10;3;2;0;1;3;28;
Jeremy Lin;G;39:01;9;15;1;6;3;4;1;3;4;9;2;0;4;3;22;
Greg Smith;;18:17;3;5;0;0;2;4;3;5;8;0;1;1;1;2;8;
Carlos Delfino;;28:49;6;9;4;7;0;0;0;5;5;0;0;0;2;2;16;
Toney Douglas;;18:08;3;9;0;2;1;1;1;4;5;2;1;0;2;1;7;
Daequan Cook;;3:04;0;0;0;0;0;0;0;0;0;1;0;0;0;0;0;
Terrence Jones;;2:47;0;1;0;1;0;0;0;0;0;0;0;0;0;0;0;
NYK
Ronnie Brewer;F;20:00;1;3;0;1;0;2;1;3;4;1;1;0;2;1;2;
Chris Copeland;F;28:28;11;19;3;5;4;4;2;3;5;0;2;1;2;2;29;
Tyson Chandler;C;34:44;3;7;0;0;2;4;7;11;18;1;0;1;2;4;8;
Raymond Felton;G;30:30;7;18;0;4;0;0;1;2;3;4;0;0;3;0;14;
Jason Kidd;G;28:46;2;9;1;5;0;0;0;4;4;3;2;0;3;3;5;
J.R. Smith;;19:56;7;13;2;5;1;2;0;3;3;0;0;0;2;3;17;
Steve Novak;;33:14;1;5;1;5;0;0;1;0;1;1;1;0;0;2;3;
James White;;22:50;2;5;0;0;0;0;0;3;3;0;0;0;2;2;4;
Kurt Thomas;;4:52;0;1;0;0;0;2;0;1;1;0;0;0;0;0;0;
Pablo Prigioni;;16:40;5;10;2;6;2;2;1;2;3;5;2;0;1;1;14;
