11-14;MEM-OKC;107-97;
20-30;36-15;25-26;26-26;
MEM
Rudy Gay;F;42:31;12;21;2;3;2;2;2;4;6;5;0;0;2;3;28;
Zach Randolph;F;36:20;8;14;0;0;4;4;3;8;11;0;2;1;2;3;20;
Marc Gasol;C;44:21;6;14;0;0;2;4;1;5;6;2;2;2;0;4;14;
Tony Allen;G;18:32;2;6;0;1;2;2;2;2;4;1;2;0;1;3;6;
Mike Conley;G;34:58;4;12;0;2;0;0;2;3;5;7;0;0;2;1;8;
Quincy Pondexter;;27:16;4;10;3;7;2;2;1;1;2;2;0;0;0;2;13;
Marreese Speights;;7:22;0;3;0;0;0;0;1;2;3;0;0;0;0;0;0;
Jerryd Bayless;;17:19;5;8;2;3;0;0;0;2;2;4;0;0;1;5;12;
Wayne Ellington;;11:21;3;5;0;1;0;0;0;0;0;1;0;0;0;2;6;
OKC
Kevin Durant;F;44:05;12;21;1;1;9;9;0;10;10;5;3;2;5;1;34;
Serge Ibaka;F;39:27;7;10;0;1;3;4;2;6;8;0;1;4;2;2;17;
Kendrick Perkins;C;29:54;4;5;0;0;0;2;0;2;2;3;0;0;2;5;8;
Thabo Sefolosha;G;20:38;3;4;2;2;0;0;1;2;3;0;0;0;3;0;8;
Russell Westbrook;G;42:31;6;19;2;6;3;5;2;4;6;13;2;0;2;3;17;
Nick Collison;;14:47;2;5;0;0;0;0;3;2;5;0;0;0;1;6;4;
Kevin Martin;;32:49;1;4;1;2;4;4;0;3;3;0;0;0;0;1;7;
Eric Maynor;;9:49;0;3;0;1;2;2;0;0;0;1;0;0;0;0;2;
Hasheem Thabeet;;6:00;0;1;0;0;0;0;2;1;3;1;0;0;0;1;0;
