11-03;POR-HOU;95-85;
17-19;20-26;27-18;17-18;14-4;
POR
Nicolas Batum;F;44:43;5;11;4;6;3;4;1;8;9;4;6;2;2;1;17;
LaMarcus Aldridge;F;41:45;13;29;0;0;1;2;3;8;11;6;1;2;3;3;27;
JJ Hickson;C;36:18;4;10;0;0;1;2;2;10;12;2;0;1;3;4;9;
Wesley Matthews;G;42:15;7;18;2;7;0;0;0;5;5;5;2;0;1;4;16;
Damian Lillard;G;42:18;8;15;3;6;1;2;1;5;6;9;0;0;3;0;20;
Ronnie Price;;5:36;0;1;0;1;0;0;0;0;0;1;0;0;0;0;0;
Will Barton;;15:29;2;7;1;3;0;0;1;3;4;1;1;1;2;1;5;
Meyers Leonard;;16:42;0;0;0;0;1;2;1;1;2;0;0;2;0;2;1;
Jared Jeffries;;7:56;0;1;0;0;0;0;0;0;0;0;1;0;0;2;0;
Luke Babbitt;;3:19;0;1;0;1;0;0;0;1;1;0;0;0;1;0;0;
Victor Claver;;3:33;0;0;0;0;0;0;0;1;1;0;0;0;0;0;0;
Nolan Smith;;5:06;0;0;0;0;0;0;1;1;2;0;0;0;1;1;0;
HOU
Chandler Parsons;F;46:36;4;10;1;4;0;0;1;11;12;3;1;0;3;0;9;
Patrick Patterson;F;38:04;6;16;0;2;0;0;3;3;6;0;1;0;1;1;12;
Omer Asik;C;35:15;2;7;0;0;0;0;4;11;15;1;0;2;4;4;4;
James Harden;G;40:43;8;24;1;6;7;10;2;4;6;5;1;1;5;3;24;
Jeremy Lin;G;37:18;5;13;1;4;2;2;1;2;3;7;3;0;3;3;13;
Cole Aldrich;;16:20;3;5;0;0;0;0;2;4;6;0;1;0;1;2;6;
Carlos Delfino;;20:06;1;7;0;5;0;0;0;4;4;1;1;0;0;3;2;
Toney Douglas;;15:42;1;6;0;1;0;0;0;1;1;2;4;0;0;0;2;
Marcus Morris;;14:56;4;8;2;4;3;6;3;0;3;0;0;1;1;0;13;
