12-16;LAL-PHI;111-98;
28-24;32-26;27-23;24-25;
LAL
Metta World Peace;F;34:06;6;10;3;4;4;6;5;11;16;1;4;2;1;1;19;
Devin Ebanks;F;19:58;0;4;0;0;0;0;0;4;4;1;0;0;0;1;0;
Dwight Howard;C;41:49;7;13;0;0;3;3;4;7;11;5;3;2;5;2;17;
Kobe Bryant;G;40:02;12;21;2;6;8;9;0;4;4;6;1;0;5;0;34;
Chris Duhon;G;29:35;5;11;4;10;0;0;0;0;0;4;1;0;1;3;14;
Jodie Meeks;;36:05;4;10;2;8;2;2;0;2;2;1;4;0;1;1;12;
Darius Morris;;18:20;5;8;3;5;2;2;0;0;0;2;0;0;0;1;15;
Robert Sacre;;6:11;0;1;0;0;0;0;0;1;1;0;0;0;0;0;0;
Antawn Jamison;;13:04;0;2;0;1;0;2;2;1;3;2;0;0;0;0;0;
Earl Clark;;0:50;0;0;0;0;0;0;0;0;0;0;0;0;1;0;0;
PHI
Nick Young;F;41:07;12;23;6;12;0;1;4;0;4;2;1;0;0;1;30;
Thaddeus Young;F;32:25;7;10;0;0;0;1;0;6;6;1;1;1;5;0;14;
Kwame Brown;C;22:19;1;2;0;0;0;0;3;5;8;1;1;3;1;4;2;
Jason Richardson;G;28:56;3;8;2;6;1;3;0;1;1;0;1;2;2;1;9;
Evan Turner;G;42:42;6;16;0;1;4;4;0;4;4;6;0;1;2;3;16;
Dorell Wright;;26:14;3;9;0;2;0;0;0;7;7;9;0;0;4;0;6;
Spencer Hawes;;23:33;7;12;2;3;0;0;3;3;6;1;0;0;3;5;16;
Damien Wilkins;;10:51;1;2;0;1;1;2;0;0;0;2;2;0;0;1;3;
Royal Ivey;;2:48;0;0;0;0;0;0;0;0;0;0;0;0;0;0;0;
Lavoy Allen;;8:15;1;1;0;0;0;0;0;1;1;1;0;0;0;2;2;
Maalik Wayns;;0:50;0;0;0;0;0;0;0;0;0;0;0;0;0;0;0;
