12-19;DET-TOR;91-97;
23-27;26-22;22-24;20-24;
DET
Tayshaun Prince;F;32:57;3;6;0;0;3;4;2;4;6;2;1;0;0;5;9;
Jason Maxiell;F;21:12;2;6;0;0;2;4;3;1;4;0;0;0;1;0;6;
Greg Monroe;C;34:36;14;22;0;0;7;8;6;4;10;2;2;0;1;2;35;
Kyle Singler;G;30:37;3;9;1;2;2;2;4;2;6;0;0;0;0;6;9;
Brandon Knight;G;36:11;1;10;0;1;0;0;2;2;4;6;0;0;2;0;2;
Rodney Stuckey;;29:20;5;12;1;1;2;5;0;1;1;4;0;0;3;4;13;
Andre Drummond;;20:23;2;3;0;0;2;7;2;6;8;0;1;1;1;1;6;
Austin Daye;;15:03;1;6;1;3;0;0;1;0;1;0;0;1;1;1;3;
Charlie Villanueva;;19:41;4;10;0;5;0;0;2;2;4;1;0;0;1;0;8;
TOR
Mickael Pietrus;F;21:46;2;3;1;2;2;2;0;2;2;0;0;1;1;2;7;
Ed Davis;F;27:39;5;7;0;0;1;2;2;7;9;0;0;2;0;2;11;
Jonas Valanciunas;C;26:42;5;6;0;0;2;2;2;3;5;1;0;1;2;4;12;
DeMar DeRozan;G;37:15;10;19;2;4;1;2;1;1;2;1;1;1;0;2;23;
Jose Calderon;G;36:01;2;8;2;5;1;1;0;2;2;17;0;0;2;1;7;
Alan Anderson;;26:14;4;11;3;8;5;7;0;3;3;1;2;0;0;3;16;
Amir Johnson;;21:10;1;1;0;0;3;4;3;6;9;0;2;1;1;4;5;
Linas Kleiza;;20:21;1;6;1;6;2;2;1;0;1;1;0;0;0;4;5;
John Lucas III;;12:07;1;5;0;3;0;0;0;0;0;4;0;0;0;0;2;
Terrence Ross;;10:45;4;6;1;1;0;0;0;0;0;1;0;0;0;2;9;
