12-15;BKN-CHI;82-83;
24-23;17-23;21-21;20-16;
BKN
Gerald Wallace;F;38:18;2;6;2;4;0;0;1;8;9;2;0;4;1;2;6;
Reggie Evans;F;21:37;0;1;0;0;0;0;1;4;5;0;1;0;1;4;0;
Brook Lopez;C;25:21;8;17;0;0;2;2;5;5;10;0;1;2;2;1;18;
Joe Johnson;G;38:32;7;16;0;4;2;3;1;1;2;5;1;0;6;3;16;
Deron Williams;G;35:47;5;13;4;7;10;13;1;1;2;5;2;1;4;1;24;
MarShon Brooks;;7:44;0;2;0;0;0;0;0;1;1;0;1;0;1;0;0;
Andray Blatche;;22:33;4;11;0;1;1;2;3;3;6;1;3;1;2;1;9;
Kris Humphries;;16:36;2;5;0;1;2;2;1;3;4;0;0;0;0;2;6;
Keith Bogans;;18:20;0;1;0;1;0;0;1;0;1;1;0;0;1;3;0;
CJ Watson;;15:11;1;3;1;1;0;0;0;1;1;1;0;0;0;1;3;
CHI
Luol Deng;F;45:13;7;18;0;3;3;5;1;6;7;3;2;1;0;1;17;
Carlos Boozer;F;30:56;7;14;0;0;1;1;1;5;6;2;1;1;2;3;15;
Joakim Noah;C;42:03;4;12;0;0;4;6;3;7;10;5;3;2;5;1;12;
Marco Belinelli;G;38:41;6;9;2;3;5;5;0;1;1;3;2;0;2;1;19;
Nate Robinson;G;28:07;3;8;0;2;0;0;0;1;1;5;1;1;1;5;6;
Jimmy Butler;;17:14;0;4;0;1;0;0;0;3;3;1;1;1;0;0;0;
Taj Gibson;;15:29;2;4;0;0;2;2;2;0;2;0;0;0;1;1;6;
Marquis Teague;;19:44;4;6;0;1;0;0;0;2;2;2;0;0;1;4;8;
Nazr Mohammed;;2:34;0;0;0;0;0;0;0;1;1;0;0;0;1;1;0;
