01-16;MIA-GSW;92-75;
28-21;24-17;28-12;12-25;
MIA
LeBron James;F;30:32;11;20;1;5;2;3;1;6;7;10;1;0;1;2;25;
Udonis Haslem;F;23:38;3;4;0;0;0;0;4;6;10;0;0;0;0;2;6;
Chris Bosh;C;26:19;5;14;1;1;0;0;2;4;6;1;1;1;3;3;11;
Dwyane Wade;G;29:36;6;12;0;1;3;5;2;6;8;6;5;1;0;1;15;
Mario Chalmers;G;26:30;5;11;4;7;1;2;0;1;1;1;3;0;1;3;15;
Ray Allen;;26:28;3;11;2;7;2;2;0;5;5;3;0;0;3;1;10;
Shane Battier;;10:09;0;3;0;3;0;0;0;2;2;0;0;0;0;0;0;
Norris Cole;;18:12;2;6;0;0;3;4;0;1;1;0;0;0;1;4;7;
Joel Anthony;;12:56;0;1;0;0;0;0;3;2;5;2;1;2;0;0;0;
Mike Miller;;12:00;0;3;0;3;0;0;1;2;3;0;0;0;0;2;0;
Rashard Lewis;;12:00;1;3;0;2;1;2;0;2;2;1;0;0;1;1;3;
James Jones;;5:50;0;1;0;0;0;0;0;1;1;0;0;0;0;0;0;
Jarvis Varnado;;5:50;0;1;0;0;0;0;0;0;0;0;0;1;1;3;0;
GSW
Harrison Barnes;F;22:42;3;12;1;3;2;2;3;3;6;3;0;0;1;3;9;
David Lee;F;32:27;4;13;0;1;4;4;1;10;11;1;0;0;3;1;12;
Festus Ezeli;C;8:13;0;0;0;0;0;0;0;1;1;0;0;1;0;1;0;
Klay Thompson;G;28:35;1;8;0;4;0;0;0;2;2;3;0;0;4;3;2;
Jarrett Jack;G;32:12;7;14;0;0;2;4;1;2;3;2;1;0;5;2;16;
Andris Biedrins;;5:45;0;0;0;0;0;0;0;2;2;0;1;1;0;0;0;
Draymond Green;;29:21;3;5;0;0;3;4;2;5;7;1;0;0;4;4;9;
Charles Jenkins;;21:40;1;4;0;0;0;0;0;1;1;2;1;0;1;2;2;
Carl Landry;;22:40;5;11;0;0;0;0;3;8;11;0;1;0;1;2;10;
Richard Jefferson;;11:03;3;4;1;1;0;0;0;2;2;0;0;0;1;0;7;
Kent Bazemore;;17:54;1;7;1;3;3;4;1;3;4;5;1;0;1;1;6;
Jeremy Tyler;;7:28;1;2;0;0;0;0;0;2;2;0;0;0;0;2;2;
