03-09;CHA-WAS;87-104;
24-27;18-32;22-21;23-24;
CHA
Michael Kidd-Gilchrist;F;19:09;1;4;0;0;0;0;0;3;3;4;2;0;1;2;2;
Josh McRoberts;F;22:17;2;4;0;1;0;0;1;1;2;0;0;0;1;6;4;
Bismack Biyombo;C;16:52;1;6;0;0;0;0;2;5;7;1;1;1;0;2;2;
Gerald Henderson;G;38:31;5;15;0;1;7;8;0;2;2;2;1;1;1;1;17;
Kemba Walker;G;44:24;11;25;3;9;4;5;0;3;3;6;4;0;3;1;29;
Brendan Haywood;;29:06;5;7;0;0;0;2;2;5;7;0;0;0;0;3;10;
Jeff Adrien;;22:34;1;5;0;0;1;2;1;3;4;2;0;0;2;4;3;
Ben Gordon;;24:45;4;10;1;3;4;4;0;1;1;1;0;0;2;1;13;
Jeff Taylor;;13:35;1;2;1;1;0;0;0;1;1;0;0;0;0;1;3;
Reggie Williams;;3:36;0;0;0;0;2;2;0;0;0;1;0;0;2;0;2;
Byron Mullens;;5:11;1;1;0;0;0;0;1;1;2;2;0;0;0;0;2;
WAS
Martell Webster;F;35:00;7;13;4;8;2;2;0;4;4;1;2;0;0;2;20;
Nene;F;31:17;6;12;0;0;7;11;2;6;8;4;0;2;4;4;19;
Emeka Okafor;C;27:39;2;7;0;0;2;2;3;7;10;2;1;1;0;2;6;
Garrett Temple;G;23:02;1;4;0;0;0;0;0;4;4;4;0;0;2;5;2;
John Wall;G;30:24;6;11;1;1;0;1;0;2;2;6;1;2;3;0;13;
Trevor Ariza;;34:44;7;11;5;8;7;8;1;9;10;0;0;0;3;2;26;
Kevin Seraphin;;21:04;4;7;0;0;1;2;2;2;4;0;1;0;3;4;9;
A.J. Price;;19:31;1;2;0;1;2;2;0;0;0;6;1;0;0;1;4;
Chris Singleton;;0:38;0;0;0;0;0;0;0;0;0;0;0;0;0;0;0;
Trevor Booker;;13:45;1;2;0;0;2;2;1;2;3;0;0;0;0;4;4;
Jan Vesely;;1:37;0;0;0;0;1;2;0;0;0;0;0;0;1;2;1;
Cartier Martin;;1:19;0;1;0;0;0;0;0;0;0;0;0;0;0;0;0;
