02-28;PHI-CHI;82-93;
22-23;17-22;23-23;20-25;
PHI
Evan Turner;F;38:52;6;16;0;1;0;1;0;8;8;4;2;0;3;5;12;
Thaddeus Young;F;38:43;4;13;0;0;1;4;3;6;9;1;0;2;2;4;9;
Spencer Hawes;C;36:43;7;18;0;1;6;6;5;10;15;1;0;2;0;5;20;
Nick Young;G;26:32;1;6;1;1;2;2;1;2;3;3;0;0;0;1;5;
Jrue Holiday;G;41:20;10;19;1;4;1;3;1;2;3;3;3;1;4;3;22;
Dorell Wright;;24:36;2;4;2;4;1;3;0;4;4;1;0;2;2;1;7;
Lavoy Allen;;13:50;1;4;0;0;0;0;2;3;5;1;0;1;1;4;2;
Jeremy Pargo;;12:45;0;3;0;0;1;2;0;0;0;2;0;0;0;0;1;
Arnett Moultrie;;6:39;2;2;0;0;0;0;0;0;0;0;0;0;0;1;4;
CHI
Luol Deng;F;41:49;5;14;0;2;2;3;3;5;8;4;0;2;1;2;12;
Carlos Boozer;F;34:28;5;13;0;0;11;12;2;10;12;1;0;0;2;2;21;
Joakim Noah;C;45:00;8;12;0;0;7;9;8;13;21;1;3;11;3;1;23;
Marco Belinelli;G;27:04;3;10;0;3;0;0;0;3;3;2;2;0;0;2;6;
Kirk Hinrich;G;39:54;5;15;1;5;4;5;0;3;3;6;0;2;0;4;15;
Jimmy Butler;;21:22;2;5;0;1;1;2;1;2;3;1;1;0;1;0;5;
Daequan Cook;;7:17;0;1;0;0;0;0;0;0;0;0;0;0;0;0;0;
Nate Robinson;;20:06;3;11;2;3;1;2;0;1;1;3;0;0;3;0;9;
Nazr Mohammed;;3:00;1;2;0;0;0;0;1;1;2;1;0;0;1;1;2;
