02-12;SAC-MEM;101-108;
25-26;30-32;18-26;28-24;
SAC
John Salmons;F;30:07;1;5;0;3;0;0;0;3;3;2;1;1;0;2;2;
Jason Thompson;F;27:49;7;11;0;0;1;1;1;5;6;0;1;0;2;4;15;
DeMarcus Cousins;C;35:39;8;15;0;0;7;9;3;4;7;4;5;0;3;5;23;
Tyreke Evans;G;31:32;10;17;0;1;0;4;3;4;7;3;0;0;0;1;20;
Isaiah Thomas;G;28:10;4;9;0;3;3;3;0;0;0;3;1;0;1;2;11;
Marcus Thornton;;20:41;4;12;3;7;4;5;1;0;1;0;1;0;2;1;15;
Charles Hayes;;17:45;0;3;0;0;0;0;1;3;4;2;1;0;1;1;0;
Aaron Brooks;;19:50;4;6;0;0;2;2;0;0;0;4;2;0;1;4;10;
Francisco Garcia;;13:40;1;2;1;2;0;0;0;2;2;1;0;1;2;1;3;
Thomas Robinson;;14:47;1;6;0;0;0;0;3;3;6;1;0;0;2;3;2;
MEM
Tayshaun Prince;F;36:00;3;7;1;1;0;0;0;2;2;4;0;0;1;1;7;
Zach Randolph;F;35:34;6;11;0;0;1;3;1;8;9;0;0;0;1;3;13;
Marc Gasol;C;40:49;8;13;0;0;8;9;0;12;12;2;0;1;5;4;24;
Tony Allen;G;32:41;8;12;1;2;2;2;2;6;8;3;2;1;4;4;19;
Mike Conley;G;34:29;6;12;2;4;8;8;1;1;2;7;1;1;4;3;22;
Darrell Arthur;;13:42;3;4;0;0;0;0;2;1;3;1;1;0;0;4;6;
Jerryd Bayless;;24:04;2;7;1;4;1;2;0;1;1;3;0;0;3;1;6;
Ed Davis;;5:56;2;4;0;0;0;0;1;0;1;0;0;1;0;0;4;
Austin Daye;;12:36;3;5;1;2;0;0;0;1;1;0;1;0;0;2;7;
Tony Wroten;;4:11;0;0;0;0;0;0;0;0;0;1;0;0;1;0;0;
