01-02;LAC-GSW;94-115;
24-33;25-29;15-20;30-33;
LAC
Matt Barnes;F;40:22;8;14;2;6;1;1;2;5;7;3;0;0;3;4;19;
Blake Griffin;F;35:24;2;11;0;1;6;10;0;6;6;2;3;2;2;3;10;
DeAndre Jordan;C;22:04;1;3;0;0;2;6;3;1;4;0;0;1;0;2;4;
Willie Green;G;13:48;2;10;1;5;0;0;0;0;0;1;1;0;1;1;5;
Chris Paul;G;38:39;6;12;1;6;10;12;1;3;4;6;2;0;1;2;23;
Jamal Crawford;;34:41;8;17;4;10;4;4;1;0;1;5;2;0;3;0;24;
Lamar Odom;;24:25;2;4;0;0;0;0;1;8;9;4;2;1;1;2;4;
Eric Bledsoe;;20:42;0;7;0;1;2;2;2;3;5;2;3;0;1;2;2;
Ronny Turiaf;;8:35;0;2;0;0;3;4;1;1;2;1;1;0;1;0;3;
Ryan Hollins;;1:20;0;0;0;0;0;0;0;0;0;0;0;0;1;2;0;
GSW
Harrison Barnes;F;25:29;5;13;1;2;2;3;1;8;9;4;1;1;1;0;13;
David Lee;F;40:20;9;16;0;0;6;6;3;10;13;7;2;0;2;5;24;
Festus Ezeli;C;7:45;1;2;0;0;2;2;2;2;4;0;1;0;0;4;4;
Klay Thompson;G;35:15;7;14;5;9;0;0;1;2;3;3;1;0;4;4;19;
Stephen Curry;G;43:09;11;16;6;8;3;4;1;5;6;8;2;0;4;3;31;
Andris Biedrins;;16:29;0;0;0;0;0;0;2;3;5;1;0;3;0;3;0;
Jarrett Jack;;28:43;4;12;0;4;3;3;2;3;5;5;1;0;4;1;11;
Carl Landry;;27:44;3;7;0;0;1;2;1;6;7;1;2;0;4;5;7;
Draymond Green;;7:28;0;1;0;0;0;0;0;0;0;0;0;0;0;1;0;
Charles Jenkins;;4:51;1;2;0;0;0;0;0;1;1;0;1;0;1;0;2;
Kent Bazemore;;1:26;0;0;0;0;2;2;0;0;0;0;0;0;0;1;2;
Jeremy Tyler;;1:20;1;1;0;0;0;0;0;0;0;0;0;0;0;0;2;
