11-21;MIL-MIA;106-113;
15-29;29-17;29-25;25-27;8-15;
MIL
Tobias Harris;F;24:25;4;8;1;4;2;2;0;6;6;1;1;0;0;1;11;
Ersan Ilyasova;F;16:43;2;7;0;1;0;0;1;0;1;0;1;0;0;1;4;
Samuel Dalembert;C;19:52;4;7;1;1;1;1;2;3;5;2;0;0;0;0;10;
Monta Ellis;G;39:26;4;16;1;5;0;0;0;1;1;4;1;1;5;2;9;
Brandon Jennings;G;49:15;9;25;1;8;0;0;1;6;7;6;5;0;0;3;19;
Larry Sanders;;6:05;0;0;0;0;0;0;0;0;0;0;0;1;1;3;0;
Ekpe Udoh;;24:14;3;6;0;0;1;2;1;1;2;1;1;1;1;4;7;
John Henson;;27:03;7;12;0;0;3;4;8;10;18;0;0;0;2;4;17;
Mike Dunleavy;;28:34;7;16;1;7;1;1;3;1;4;0;0;0;1;3;16;
Beno Udrih;;17:19;3;6;0;2;0;0;0;2;2;3;0;0;1;0;6;
Marquis Daniels;;12:04;3;6;0;1;1;2;0;1;1;1;0;0;0;0;7;
MIA
LeBron James;F;42:32;11;21;2;4;4;8;2;8;10;8;1;1;1;3;28;
Shane Battier;F;38:06;0;4;0;3;0;0;2;5;7;0;0;2;1;1;0;
Chris Bosh;C;42:49;9;14;1;2;5;6;3;15;18;1;1;1;5;4;24;
Dwyane Wade;G;37:46;11;21;0;0;6;8;1;2;3;4;2;0;2;0;28;
Mario Chalmers;G;21:58;3;7;1;2;2;4;0;3;3;4;0;0;4;0;9;
Udonis Haslem;;18:21;1;5;0;0;0;0;2;6;8;0;2;0;0;2;2;
Ray Allen;;30:29;4;10;3;5;6;7;2;1;3;0;1;0;1;1;17;
Norris Cole;;17:22;1;2;0;0;0;0;0;1;1;6;0;0;1;2;2;
Mike Miller;;13:19;1;2;1;2;0;0;0;1;1;2;0;0;0;0;3;
Joel Anthony;;2:18;0;0;0;0;0;0;0;0;0;0;0;0;0;0;0;
