11-11;SAC-LAL;90-103;
22-29;26-28;18-22;24-24;
SAC
James Johnson;F;27:21;2;8;0;2;0;0;0;1;1;1;1;0;1;3;4;
Travis Outlaw;F;25:43;5;9;1;2;0;0;0;3;3;2;0;2;1;4;11;
Jason Thompson;C;34:02;4;10;0;1;7;9;6;4;10;3;2;1;3;6;15;
Tyreke Evans;G;25:58;4;9;0;1;1;2;0;4;4;4;2;0;1;0;9;
Isaiah Thomas;G;23:18;6;11;1;3;0;0;1;1;2;1;0;0;0;1;13;
Charles Hayes;;28:03;3;7;0;0;0;0;4;4;8;1;2;1;0;5;6;
Marcus Thornton;;21:40;1;10;0;2;0;0;1;2;3;3;1;0;1;2;2;
John Salmons;;22:32;3;9;1;3;2;2;0;2;2;2;1;1;2;2;9;
Aaron Brooks;;17:56;1;4;1;3;0;0;0;3;3;2;1;0;1;1;3;
Jimmer Fredette;;10:45;7;9;3;5;1;1;1;1;2;1;0;0;1;0;18;
Francisco Garcia;;2:42;0;4;0;1;0;0;1;0;1;0;0;0;0;0;0;
LAL
Metta World Peace;F;34:31;6;11;4;8;2;2;0;5;5;0;1;0;0;0;18;
Pau Gasol;F;33:59;7;14;0;0;4;4;2;3;5;4;0;2;2;2;18;
Dwight Howard;C;38:59;8;14;0;0;7;13;6;12;18;3;2;3;2;2;23;
Kobe Bryant;G;33:30;6;15;2;5;6;6;2;4;6;6;1;0;2;2;20;
Steve Blake;G;13:53;1;2;0;1;0;0;1;1;2;4;1;0;2;0;2;
Darius Morris;;22:07;3;7;1;3;0;1;1;1;2;3;0;0;1;2;7;
Jordan Hill;;19:22;2;4;0;0;4;4;5;2;7;0;0;1;4;2;8;
Jodie Meeks;;15:40;1;6;0;4;0;0;0;3;3;1;0;0;2;1;2;
Antawn Jamison;;10:55;0;2;0;2;0;0;1;1;2;1;1;1;2;0;0;
Chris Duhon;;12:00;1;2;1;2;0;0;0;0;0;0;0;0;0;1;3;
Earl Clark;;2:16;1;3;0;0;0;0;0;0;0;0;0;0;0;1;2;
Darius Johnson-Odom;;1:24;0;1;0;0;0;0;0;0;0;1;0;0;0;0;0;
Robert Sacre;;1:24;0;0;0;0;0;0;0;0;0;0;0;0;0;0;0;
