11-28;DAL-CHI;78-101;
23-24;19-34;16-19;20-24;
DAL
Shawn Marion;F;22:41;7;11;0;1;4;4;2;1;3;0;0;2;2;0;18;
Jae Crowder;F;26:01;1;7;0;4;0;0;0;3;3;1;2;1;1;3;2;
Chris Kaman;C;21:05;4;14;0;1;2;2;3;1;4;1;0;0;4;1;10;
O.J. Mayo;G;34:35;2;9;0;2;0;0;0;5;5;4;3;1;2;3;4;
Dominique Jones;G;24:23;4;9;0;1;2;2;0;1;1;5;1;0;1;3;10;
Rodrigue Beaubois;;23:37;2;7;1;4;1;2;0;0;0;3;0;0;2;5;6;
Elton Brand;;25:11;1;4;0;0;2;2;4;2;6;4;1;0;1;3;4;
Troy Murphy;;17:38;2;3;1;1;2;2;0;2;2;0;0;2;0;4;7;
Vince Carter;;17:51;3;10;2;4;2;2;0;2;2;0;1;0;1;1;10;
Dahntay Jones;;13:49;0;1;0;0;2;2;0;1;1;0;1;0;0;2;2;
Bernard James;;9:25;0;0;0;0;1;2;1;1;2;0;1;0;0;1;1;
Jared Cunningham;;3:44;2;6;0;0;0;0;1;0;1;0;0;0;0;0;4;
CHI
Luol Deng;F;34:54;8;17;1;2;5;6;1;5;6;1;1;0;2;0;22;
Carlos Boozer;F;18:09;3;7;0;0;0;0;1;5;6;0;0;1;2;3;6;
Joakim Noah;C;34:30;5;9;0;0;3;4;3;7;10;5;0;3;2;3;13;
Richard Hamilton;G;18:09;2;4;0;0;0;0;0;1;1;4;1;0;5;1;4;
Kirk Hinrich;G;22:56;2;4;1;2;1;2;0;2;2;3;0;0;1;2;6;
Jimmy Butler;;27:36;2;4;0;0;9;10;1;2;3;2;1;0;1;2;13;
Taj Gibson;;27:23;3;9;0;1;2;2;3;5;8;0;1;0;2;1;8;
Nate Robinson;;21:20;5;6;2;2;2;2;0;2;2;6;2;0;2;1;14;
Marco Belinelli;;16:24;2;5;2;3;5;5;0;1;1;1;1;0;1;3;11;
Nazr Mohammed;;12:27;1;3;0;0;0;2;1;4;5;0;1;2;0;2;2;
Marquis Teague;;3:44;0;0;0;0;0;0;0;0;0;2;0;0;1;1;0;
Vladimir Radmanovic;;2:28;1;1;0;0;0;0;0;0;0;0;0;0;0;0;2;
