11-07;LAL-UTA;86-95;
17-25;24-26;16-14;29-30;
LAL
Metta World Peace;F;37:12;3;12;2;6;7;8;0;7;7;1;2;1;1;2;15;
Pau Gasol;F;36:23;2;9;0;1;1;2;1;6;7;2;3;0;2;2;5;
Dwight Howard;C;37:01;7;11;0;0;5;12;4;5;9;2;2;2;5;1;19;
Kobe Bryant;G;37:17;7;17;0;4;15;17;0;5;5;4;3;0;6;3;29;
Steve Blake;G;36:04;2;10;2;8;0;0;1;3;4;1;0;0;0;2;6;
Devin Ebanks;;7:43;1;2;0;1;1;2;1;2;3;0;0;0;1;0;3;
Jordan Hill;;22:36;1;5;0;1;2;4;7;5;12;1;0;0;1;3;4;
Darius Morris;;11:56;1;6;0;2;1;1;1;0;1;0;0;0;2;0;3;
Antawn Jamison;;13:48;1;2;0;0;0;0;0;0;0;0;0;0;0;1;2;
UTA
Marvin Williams;F;24:14;4;7;0;2;3;3;1;3;4;0;2;0;1;2;11;
Paul Millsap;F;30:10;2;7;0;1;3;4;3;6;9;5;1;1;1;2;7;
Al Jefferson;C;34:41;8;18;0;0;2;2;2;8;10;2;4;0;3;4;18;
Gordon Hayward;G;33:19;2;11;0;4;3;4;0;3;3;1;2;3;3;6;7;
Mo Williams;G;33:55;8;13;0;0;0;0;0;2;2;7;0;0;2;3;16;
Jamaal Tinsley;;14:05;0;1;0;1;0;0;0;1;1;4;2;0;1;2;0;
Derrick Favors;;17:50;3;8;0;0;2;2;3;3;6;0;1;2;0;3;8;
Alec Burks;;9:01;1;2;0;0;0;0;0;0;0;2;0;0;0;2;2;
Enes Kanter;;13:19;4;5;0;0;1;1;0;1;1;0;0;0;1;1;9;
Randy Foye;;29:26;5;11;5;9;2;2;0;1;1;0;0;1;0;5;17;
