12-01;IND-GSW;92-103;
20-20;24-31;28-31;20-21;
IND
David West;F;36:58;10;16;0;0;3;4;2;6;8;4;3;0;2;0;23;
Paul George;F;29:09;0;7;0;5;0;0;1;4;5;4;0;0;1;3;0;
Roy Hibbert;C;32:17;6;13;0;1;3;4;1;6;7;2;0;5;4;5;15;
George Hill;G;37:00;6;12;3;5;4;4;0;1;1;3;0;0;1;1;19;
Lance Stephenson;G;23:16;3;4;2;3;0;0;0;2;2;4;2;0;1;1;8;
Tyler Hansbrough;;11:02;0;5;0;0;0;0;0;2;2;0;0;0;1;2;0;
Gerald Green;;20:13;3;5;2;4;0;0;2;4;6;1;0;1;2;1;8;
Sam Young;;23:22;2;6;1;4;0;0;0;0;0;1;0;0;1;0;5;
Ian Mahinmi;;15:43;2;3;0;0;6;8;2;2;4;0;0;1;2;5;10;
D.J. Augustin;;11:00;2;3;0;0;0;0;0;1;1;1;1;0;1;1;4;
GSW
Harrison Barnes;F;28:54;2;4;0;1;2;3;0;5;5;1;0;0;1;0;6;
David Lee;F;38:23;4;12;0;0;5;5;4;8;12;4;2;0;2;4;13;
Festus Ezeli;C;22:17;2;4;0;0;0;0;2;3;5;1;0;2;1;4;4;
Klay Thompson;G;43:16;8;23;4;10;2;2;2;5;7;0;0;1;3;1;22;
Stephen Curry;G;37:07;7;14;3;5;3;3;0;1;1;11;2;0;4;4;20;
Jarrett Jack;;24:49;8;9;2;3;0;0;0;5;5;5;0;0;3;0;18;
Andris Biedrins;;4:50;0;0;0;0;0;0;0;1;1;0;0;0;0;3;0;
Carl Landry;;25:30;5;10;0;0;6;6;2;2;4;0;0;0;2;4;16;
Draymond Green;;11:06;1;3;0;1;0;0;1;0;1;0;1;0;0;2;2;
Charles Jenkins;;3:48;1;1;0;0;0;0;0;0;0;0;0;0;1;0;2;
