02-11;SAS-CHI;103-89;
20-24;31-18;25-29;27-18;
SAS
Kawhi Leonard;F;43:37;11;18;1;3;3;6;0;4;4;0;1;0;0;0;26;
Boris Diaw;F;35:53;4;7;1;1;1;1;0;4;4;2;3;1;1;2;10;
Tiago Splitter;C;33:20;5;7;0;0;6;6;0;5;5;3;2;0;2;2;16;
Danny Green;G;37:37;5;10;3;5;5;5;1;5;6;3;1;0;2;2;18;
Nando De Colo;G;33:11;3;11;1;4;2;2;0;2;2;7;3;0;2;5;9;
Matt Bonner;;19:50;1;3;0;0;0;0;0;0;0;1;0;0;0;2;2;
Gary Neal;;23:53;7;14;2;2;0;0;1;2;3;2;0;0;1;1;16;
Patty Mills;;5:42;1;3;0;1;0;0;0;0;0;2;0;0;0;0;2;
DeJuan Blair;;6:11;2;2;0;0;0;0;0;2;2;1;0;0;0;3;4;
Aron Baynes;;0:46;0;0;0;0;0;0;0;0;0;0;0;0;0;1;0;
CHI
Luol Deng;F;39:59;4;13;0;2;3;4;7;4;11;1;0;0;3;1;11;
Carlos Boozer;F;29:11;7;15;0;0;0;0;2;6;8;0;1;0;3;3;14;
Joakim Noah;C;38:13;3;5;0;0;1;2;5;10;15;5;1;1;3;5;7;
Richard Hamilton;G;26:57;8;11;0;1;0;0;0;1;1;0;0;0;2;4;16;
Nate Robinson;G;39:02;8;15;1;5;3;4;0;2;2;7;3;1;3;4;20;
Taj Gibson;;24:51;3;7;0;0;0;2;2;6;8;2;1;2;1;3;6;
Marco Belinelli;;18:57;2;6;1;3;1;2;0;2;2;2;1;1;2;1;6;
Jimmy Butler;;20:55;2;5;0;1;5;6;1;1;2;0;0;0;2;1;9;
Marquis Teague;;1:09;0;0;0;0;0;0;0;0;0;1;0;0;0;1;0;
Daequan Cook;;0:46;0;1;0;0;0;0;0;0;0;0;0;0;0;0;0;
