03-08;PHX-SAC;112-121;
30-32;27-27;25-30;30-32;
PHX
Marcus Morris;F;28:04;5;10;1;2;1;1;4;1;5;2;1;0;2;2;12;
Markieff Morris;F;21:57;4;8;0;0;1;2;0;2;2;3;0;1;0;2;9;
Luis Scola;C;35:43;4;8;0;0;6;6;1;8;9;4;1;0;4;3;14;
Wesley Johnson;G;34:31;7;14;3;9;2;2;1;3;4;0;2;1;1;2;19;
Goran Dragic;G;36:29;6;12;1;3;4;5;0;4;4;16;5;0;3;4;17;
Michael Beasley;;27:47;10;21;2;4;2;3;1;3;4;2;0;1;1;1;24;
Hamed Haddadi;;10:17;0;2;0;0;2;2;3;1;4;1;0;3;1;2;2;
Jared Dudley;;15:29;5;8;0;2;1;2;0;2;2;0;0;0;0;0;11;
Kendall Marshall;;11:31;1;3;0;1;0;0;0;1;1;4;0;0;0;0;2;
PJ Tucker;;18:12;1;4;0;2;0;0;2;1;3;1;0;0;1;1;2;
SAC
John Salmons;F;23:00;1;5;0;4;0;0;0;3;3;5;0;0;1;0;2;
Jason Thompson;F;28:36;4;8;0;0;4;6;1;0;1;1;0;1;1;2;12;
DeMarcus Cousins;C;35:18;9;13;0;0;4;4;1;13;14;7;2;0;4;5;22;
Tyreke Evans;G;34:47;9;12;4;6;3;4;0;2;2;5;1;2;6;2;25;
Isaiah Thomas;G;33:03;8;13;4;5;7;7;1;4;5;6;5;0;2;3;27;
Marcus Thornton;;24:17;9;13;5;7;0;0;1;2;3;1;0;0;0;3;23;
Patrick Patterson;;25:50;4;9;0;1;0;0;2;4;6;2;0;1;0;4;8;
Jimmer Fredette;;6:02;1;3;0;1;0;0;0;1;1;0;0;0;0;1;2;
Charles Hayes;;6:02;0;1;0;0;0;0;0;1;1;1;0;0;0;0;0;
Travis Outlaw;;10:01;0;2;0;2;0;0;0;1;1;0;0;0;1;0;0;
Toney Douglas;;13:04;0;3;0;1;0;0;0;1;1;2;0;0;0;1;0;
