11-03;NOH-CHI;89-82;
21-18;25-26;20-16;23-22;
NOH
Al-Farouq Aminu;F;26:55;4;6;0;0;0;0;2;4;6;1;2;2;3;4;8;
Ryan Anderson;F;42:10;5;13;1;7;1;1;3;10;13;1;0;0;3;4;12;
Robin Lopez;C;32:45;7;10;0;0;2;4;1;6;7;0;1;4;3;0;16;
Austin Rivers;G;33:50;4;12;0;2;1;2;0;3;3;2;3;1;2;3;9;
Greivis Vasquez;G;35:46;6;18;2;4;4;4;1;3;4;6;0;0;4;2;18;
Jason Smith;;15:27;4;5;0;0;8;8;1;1;2;0;0;2;0;4;16;
Brian Roberts;;5:40;0;5;0;1;2;2;1;2;3;1;0;0;1;0;2;
Roger Mason Jr.;;21:07;2;3;2;3;2;2;0;2;2;1;0;0;0;1;8;
Darius Miller;;17:58;0;1;0;1;0;0;0;3;3;1;1;0;0;2;0;
Lance Thomas;;5:15;0;2;0;0;0;0;0;1;1;0;0;0;0;1;0;
Xavier Henry;;3:07;0;0;0;0;0;0;0;0;0;0;0;0;0;0;0;
CHI
Luol Deng;F;42:56;6;15;0;3;7;10;4;4;8;4;1;0;2;0;19;
Carlos Boozer;F;25:47;1;8;0;0;2;2;2;5;7;2;0;0;2;2;4;
Joakim Noah;C;43:19;4;12;0;0;3;4;5;6;11;3;1;2;2;6;11;
Richard Hamilton;G;18:35;2;10;0;0;0;0;0;2;2;2;0;0;2;2;4;
Kirk Hinrich;G;24:00;1;8;0;2;0;0;1;1;2;4;5;0;2;2;2;
Marco Belinelli;;29:25;4;10;2;6;3;3;0;0;0;2;1;0;1;3;13;
Taj Gibson;;21:13;4;7;0;0;4;4;3;2;5;1;0;3;0;2;12;
Nazr Mohammed;;4:14;0;0;0;0;0;0;0;1;1;0;0;1;0;0;0;
Nate Robinson;;24:00;6;16;1;5;2;2;0;5;5;2;3;0;1;3;15;
Jimmy Butler;;6:04;1;1;0;0;0;0;0;0;0;0;0;0;0;0;2;
Vladimir Radmanovic;;0:27;0;1;0;1;0;0;0;0;0;1;0;0;0;0;0;
