11-23;MIN-POR;95-103;
33-28;22-22;23-31;17-22;
MIN
Andrei Kirilenko;F;35:41;3;9;1;2;3;4;2;4;6;5;1;0;1;2;10;
Kevin Love;F;35:48;6;15;0;2;12;16;2;11;13;1;3;0;1;3;24;
Nikola Pekovic;C;32:48;4;13;0;0;10;12;7;3;10;2;1;0;3;4;18;
Malcolm Lee;G;18:32;3;4;1;2;0;0;0;0;0;1;0;0;2;3;7;
Luke Ridnour;G;33:05;6;10;1;4;1;3;1;1;2;2;0;0;0;3;14;
Dante Cunningham;;19:07;2;4;0;0;0;0;1;2;3;0;3;1;1;1;4;
Alexey Shved;;16:25;1;5;0;3;2;2;0;2;2;3;1;0;1;1;4;
Jose Juan Barea;;18:17;2;7;0;4;0;0;0;2;2;1;1;0;3;0;4;
Lou Amundson;;8:17;0;3;0;0;0;0;2;0;2;0;0;1;1;2;0;
Josh Howard;;22:00;5;8;0;1;0;0;2;5;7;0;0;0;1;2;10;
POR
Nicolas Batum;F;36:07;3;10;1;7;2;2;2;2;4;5;0;2;4;2;9;
LaMarcus Aldridge;F;27:46;6;13;0;0;1;3;1;5;6;0;0;0;2;6;13;
JJ Hickson;C;31:19;6;10;0;0;2;4;3;10;13;4;1;2;2;4;14;
Wesley Matthews;G;39:47;12;17;5;6;1;2;0;0;0;3;4;0;2;3;30;
Damian Lillard;G;37:07;11;17;4;8;2;4;0;4;4;8;0;1;0;0;28;
Meyers Leonard;;9:20;1;3;0;0;0;0;0;0;0;0;0;1;1;3;2;
Jared Jeffries;;19:01;1;1;0;0;0;3;0;2;2;0;1;0;0;4;2;
Luke Babbitt;;4:28;0;1;0;1;0;0;0;1;1;1;0;0;0;1;0;
Ronnie Price;;18:16;1;3;1;1;0;0;0;1;1;1;1;0;0;0;3;
Will Barton;;5:49;0;2;0;2;0;0;0;1;1;1;0;0;1;1;0;
Sasha Pavlovic;;11:00;1;1;0;0;0;0;0;1;1;1;0;0;0;2;2;
