03-03;DET-SAS;75-114;
19-32;21-28;16-29;19-25;
DET
Kyle Singler;F;23:30;2;10;1;2;0;0;1;1;2;0;0;0;2;3;5;
Jason Maxiell;F;15:41;0;2;0;0;1;2;1;1;2;1;0;1;0;4;1;
Greg Monroe;C;30:28;6;13;0;0;4;4;1;7;8;4;0;0;4;1;16;
Brandon Knight;G;36:28;3;14;1;6;1;3;3;3;6;6;2;0;3;3;8;
Jose Calderon;G;27:51;6;10;2;3;0;0;0;3;3;2;0;0;0;2;14;
Rodney Stuckey;;18:42;0;5;0;0;0;0;0;2;2;1;1;0;0;1;0;
Charlie Villanueva;;25:04;4;11;2;6;0;0;2;8;10;1;0;0;1;1;10;
Khris Middleton;;15:58;1;5;0;1;0;0;0;0;0;0;0;0;0;4;2;
Will Bynum;;10:52;2;3;0;0;2;2;0;2;2;1;1;0;4;0;6;
Jonas Jerebko;;17:32;3;9;0;1;4;4;2;3;5;0;0;0;2;3;10;
Kim English;;10:39;0;3;0;0;0;0;1;0;1;1;0;0;2;1;0;
Viacheslav Kravtsov;;7:15;1;1;0;0;1;3;2;3;5;0;0;0;1;0;3;
SAS
Kawhi Leonard;F;26:18;6;10;0;2;2;2;0;6;6;2;1;1;2;1;14;
Tim Duncan;F;26:25;7;14;0;0;2;2;4;7;11;6;0;5;0;2;16;
Tiago Splitter;C;23:05;3;9;0;0;2;3;1;7;8;4;0;0;1;2;8;
Danny Green;G;21:07;6;12;3;6;1;1;0;4;4;0;1;2;1;2;16;
Cory Joseph;G;17:57;3;5;1;1;1;1;0;0;0;4;2;0;1;0;8;
DeJuan Blair;;19:40;1;5;0;0;2;3;0;6;6;0;2;0;1;1;4;
Patty Mills;;16:08;3;4;0;1;0;0;0;0;0;4;1;0;1;0;6;
Manu Ginobili;;22:28;6;8;3;4;2;2;0;2;2;3;3;0;1;2;17;
Stephen Jackson;;25:57;3;7;0;1;0;2;1;7;8;6;0;0;3;4;6;
Matt Bonner;;6:50;0;2;0;1;2;2;0;1;1;0;0;0;0;1;2;
Nando De Colo;;13:33;1;3;1;2;0;0;1;0;1;2;0;1;0;1;3;
Aron Baynes;;12:00;3;3;0;0;1;2;1;0;1;1;1;0;0;1;7;
Gary Neal;;8:32;3;7;1;2;0;0;0;1;1;3;1;0;0;1;7;
