12-14;MEM-DEN;94-99;
16-17;25-28;28-24;25-30;
MEM
Rudy Gay;F;35:13;10;21;0;4;1;1;3;1;4;4;0;0;2;5;21;
Zach Randolph;F;32:23;5;12;0;0;0;0;3;2;5;1;0;2;1;3;10;
Marc Gasol;C;36:35;2;10;0;1;6;7;3;6;9;5;3;4;4;5;10;
Tony Allen;G;21:19;3;6;0;0;0;0;1;2;3;1;3;0;1;3;6;
Mike Conley;G;32:53;5;14;2;5;2;2;3;0;3;4;1;1;5;1;14;
Quincy Pondexter;;24:11;3;6;2;3;0;0;1;4;5;0;0;0;2;5;8;
Jerryd Bayless;;17:02;0;5;0;1;0;0;0;2;2;11;2;0;1;2;0;
Darrell Arthur;;1:55;0;2;0;0;0;0;1;0;1;0;0;0;0;1;0;
Wayne Ellington;;18:29;4;7;3;5;0;0;0;1;1;1;0;0;0;2;11;
Marreese Speights;;20:00;7;11;0;0;0;0;1;3;4;0;0;1;0;1;14;
DEN
Danilo Gallinari;F;35:45;5;12;2;4;2;2;1;1;2;1;0;0;1;2;14;
Kenneth Faried;F;24:33;3;10;0;0;2;2;3;7;10;0;1;0;1;1;8;
Kosta Koufos;C;23:07;1;3;0;0;4;4;1;6;7;1;0;4;2;5;6;
Andre Iguodala;G;37:42;8;11;1;2;3;5;1;3;4;7;5;2;4;2;20;
Ty Lawson;G;36:34;5;10;1;2;2;2;0;0;0;5;1;0;4;1;13;
JaVale McGee;;23:52;4;6;0;0;1;2;1;5;6;0;1;4;3;0;9;
Corey Brewer;;24:03;3;6;0;1;3;3;0;4;4;2;0;0;1;3;9;
Andre Miller;;28:58;6;10;0;1;6;6;0;2;2;4;0;0;2;3;18;
Timofey Mozgov;;5:26;1;1;0;0;0;0;0;0;0;0;0;0;1;2;2;
