02-23;MIA-PHI;114-90;
27-24;29-23;31-24;27-19;
MIA
LeBron James;F;31:30;7;12;1;4;1;2;1;9;10;11;2;0;2;1;16;
Udonis Haslem;F;19:41;2;4;0;0;0;0;2;5;7;1;0;0;0;1;4;
Chris Bosh;C;24:45;6;12;0;2;1;1;0;1;1;1;0;0;0;0;13;
Dwyane Wade;G;32:26;14;18;0;1;5;7;1;5;6;2;2;0;1;3;33;
Mario Chalmers;G;26:54;5;8;2;5;2;2;0;0;0;6;3;0;1;0;14;
Shane Battier;;25:08;2;2;2;2;0;0;1;1;2;1;0;0;0;2;6;
Ray Allen;;25:32;4;9;4;6;0;0;0;1;1;3;0;0;1;0;12;
Chris Andersen;;13:40;0;1;0;0;2;2;0;5;5;0;0;1;0;0;2;
Norris Cole;;21:06;5;10;0;0;2;2;0;3;3;1;2;0;1;2;12;
Joel Anthony;;6:50;0;0;0;0;2;2;0;2;2;0;0;1;0;1;2;
Rashard Lewis;;5:26;0;0;0;0;0;0;0;0;0;1;0;0;0;0;0;
James Jones;;4:05;0;1;0;1;0;0;0;0;0;0;0;0;0;0;0;
Jarvis Varnado;;2:57;0;0;0;0;0;0;0;0;0;0;0;0;0;0;0;
PHI
Evan Turner;F;36:09;8;19;0;3;0;0;2;5;7;5;1;0;5;3;16;
Lavoy Allen;F;32:04;2;7;0;0;2;2;1;5;6;3;0;1;0;0;6;
Spencer Hawes;C;25:13;1;5;0;0;0;0;0;2;2;3;0;1;2;2;2;
Nick Young;G;33:21;8;14;3;7;0;0;0;0;0;2;0;1;1;3;19;
Jrue Holiday;G;37:28;8;11;2;3;3;4;1;5;6;6;0;0;2;3;21;
Dorell Wright;;31:53;6;13;5;10;0;0;0;4;4;1;0;0;0;3;17;
Jeremy Pargo;;21:44;2;4;1;3;2;2;0;2;2;5;0;0;1;0;7;
Royal Ivey;;8:28;0;4;0;2;0;0;1;0;1;0;0;0;1;1;0;
Arnett Moultrie;;6:50;0;1;0;0;0;0;2;1;3;0;0;0;0;0;0;
Damien Wilkins;;6:50;0;0;0;0;2;2;0;1;1;0;0;0;0;0;2;
