03-03;MEM-ORL;108-82;
29-19;31-16;22-22;26-25;
MEM
Tayshaun Prince;F;28:21;6;12;2;3;0;0;0;4;4;3;1;0;0;1;14;
Darrell Arthur;F;9:11;2;4;0;0;3;3;1;1;2;0;0;0;1;2;7;
Marc Gasol;C;35:30;5;6;0;0;2;2;2;3;5;11;0;1;2;0;12;
Tony Allen;G;20:60;6;13;0;2;1;1;2;3;5;1;1;0;0;2;13;
Mike Conley;G;25:25;5;9;2;5;1;1;0;2;2;4;1;1;1;3;13;
Ed Davis;;24:27;5;6;0;0;0;4;2;8;10;0;2;3;2;1;10;
Jerryd Bayless;;25:01;2;6;1;3;1;1;1;3;4;3;2;0;1;0;6;
Quincy Pondexter;;21:46;4;9;3;6;1;2;1;0;1;3;0;0;0;1;12;
Tony Wroten;;17:13;3;6;2;3;0;0;0;0;0;5;0;0;4;4;8;
Jon Leuer;;16:54;3;4;0;0;0;0;3;1;4;1;1;0;1;2;6;
Dexter Pittman;;9:58;1;4;0;0;0;1;2;1;3;0;0;0;0;1;2;
Austin Daye;;5:14;2;4;1;2;0;0;0;2;2;0;0;0;1;2;5;
ORL
Maurice Harkless;F;32:20;5;6;1;1;0;0;3;3;6;0;0;0;2;1;11;
Andrew Nicholson;F;26:51;4;6;0;0;4;4;0;4;4;1;0;1;2;1;12;
Nikola Vucevic;C;23:08;3;7;0;0;0;0;1;3;4;2;0;0;1;0;6;
Arron Afflalo;G;30:13;2;6;0;3;8;8;0;2;2;3;0;0;0;2;12;
E'Twaun Moore;G;33:43;4;10;0;0;4;4;2;3;5;6;2;0;2;3;12;
Beno Udrih;;16:41;1;5;0;1;3;4;2;0;2;4;1;0;2;0;5;
Al Harrington;;18:24;3;9;1;4;0;0;1;4;5;1;1;0;2;2;7;
Tobias Harris;;22:40;3;14;0;5;0;0;1;2;3;1;0;1;1;3;6;
Doron Lamb;;12:00;1;1;0;0;0;0;0;0;0;0;1;0;0;0;2;
DeQuan Jones;;12:00;3;5;0;0;1;2;1;0;1;0;1;1;1;1;7;
Kyle O'Quinn;;12:00;0;4;0;1;2;4;1;4;5;1;0;1;1;1;2;
