12-07;CLE-MIN;73-91;
16-25;21-19;20-22;16-25;
CLE
Alonzo Gee;F;30:55;7;12;2;6;0;0;0;1;1;1;0;1;1;0;16;
Tristan Thompson;F;24:48;3;7;0;0;0;0;0;3;3;0;2;0;2;5;6;
Anderson Varejao;C;33:37;2;10;0;0;0;0;4;10;14;2;0;1;2;5;4;
Daniel Gibson;G;27:20;2;7;1;4;0;0;0;0;0;4;4;0;2;2;5;
Jeremy Pargo;G;16:52;2;9;0;2;1;2;0;2;2;2;1;0;2;2;5;
Tyler Zeller;;15:23;2;6;0;0;1;1;4;3;7;2;1;0;0;5;5;
Donald Sloan;;31:08;4;11;1;2;1;2;0;5;5;1;1;0;3;0;10;
CJ Miles;;23:12;5;12;2;5;1;2;0;1;1;0;1;0;5;1;13;
Kevin Jones;;8:33;1;3;0;0;0;0;2;2;4;0;1;0;0;0;2;
Omri Casspi;;14:33;2;6;1;3;0;0;1;3;4;1;2;0;1;0;5;
Samardo Samuels;;6:49;0;2;0;0;2;2;0;0;0;1;0;0;0;2;2;
Luke Walton;;6:50;0;2;0;2;0;0;0;0;0;1;2;0;0;2;0;
MIN
Andrei Kirilenko;F;30:50;4;5;0;1;0;0;3;4;7;6;4;3;3;1;8;
Kevin Love;F;35:11;10;19;2;5;14;18;6;7;13;0;1;1;3;0;36;
Nikola Pekovic;C;24:30;0;3;0;0;4;4;1;0;1;1;0;1;2;4;4;
Malcolm Lee;G;20:19;1;5;0;3;4;6;0;8;8;0;1;1;2;2;6;
Luke Ridnour;G;30:33;6;12;0;1;0;0;1;4;5;7;1;0;1;3;12;
Greg Stiemsma;;13:32;0;3;0;0;0;0;0;3;3;0;0;1;1;0;0;
Alexey Shved;;23:31;3;8;0;4;1;3;0;4;4;2;1;1;5;3;7;
Josh Howard;;19:06;1;4;0;2;0;0;0;3;3;0;1;0;1;1;2;
Jose Juan Barea;;19:41;3;5;2;3;2;2;0;3;3;2;1;0;2;1;10;
Dante Cunningham;;22:47;2;6;0;0;2;2;2;4;6;0;3;0;1;2;6;
