12-08;PHX-LAC;99-117;
31-28;26-35;26-22;16-32;
PHX
Jared Dudley;F;18:17;3;4;2;2;0;0;0;1;1;3;1;0;2;2;8;
Markieff Morris;F;30:11;5;13;1;2;2;2;2;4;6;4;0;1;2;3;13;
Marcin Gortat;C;24:03;2;3;0;0;2;2;0;3;3;1;0;1;2;2;6;
Shannon Brown;G;40:19;6;16;2;6;5;6;0;0;0;4;1;0;2;1;19;
Goran Dragic;G;26:19;2;7;0;2;4;4;1;3;4;5;1;0;4;4;8;
Jermaine O'Neal;;18:00;1;3;0;0;0;0;1;5;6;0;1;2;2;1;2;
Luis Scola;;23:46;8;11;0;0;2;2;4;6;10;1;1;1;2;3;18;
Michael Beasley;;29:43;7;11;4;7;3;4;1;3;4;5;1;0;3;1;21;
Sebastian Telfair;;21:41;0;4;0;3;0;0;0;3;3;1;0;0;1;4;0;
Wesley Johnson;;7:41;2;6;0;2;0;0;0;0;0;0;0;1;0;1;4;
LAC
Caron Butler;F;19:57;3;8;2;5;0;0;0;2;2;0;1;0;2;1;8;
Blake Griffin;F;28:55;10;17;0;0;4;10;3;5;8;4;4;1;1;2;24;
DeAndre Jordan;C;25:54;3;4;0;0;2;4;4;2;6;1;1;2;0;3;8;
Willie Green;G;15:29;2;4;1;2;0;0;0;1;1;0;0;0;1;2;5;
Chris Paul;G;30:12;5;10;2;5;4;4;0;1;1;11;2;0;2;0;16;
Jamal Crawford;;32:31;8;19;1;7;4;4;0;0;0;2;1;0;2;0;21;
Matt Barnes;;28:03;6;11;1;3;0;0;5;3;8;3;1;0;1;2;13;
Lamar Odom;;20:36;4;8;0;1;0;0;2;6;8;3;0;0;0;3;8;
Eric Bledsoe;;17:48;5;9;0;0;0;0;0;0;0;4;2;0;1;1;10;
Ronny Turiaf;;17:38;1;2;0;0;0;2;2;3;5;2;0;2;1;2;2;
Ryan Hollins;;2:57;1;1;0;0;0;0;1;1;2;0;0;0;0;0;2;
