02-09;UTA-SAC;109-120;
29-31;25-31;20-25;35-33;
UTA
Marvin Williams;F;16:35;3;5;2;3;0;0;0;3;3;0;0;1;2;0;8;
Paul Millsap;F;18:49;3;4;0;0;0;0;0;8;8;1;0;1;3;5;6;
Al Jefferson;C;19:33;6;11;0;0;4;4;1;2;3;1;0;1;3;4;16;
Randy Foye;G;23:54;3;8;1;4;1;1;0;2;2;3;1;0;0;3;8;
Jamaal Tinsley;G;18:54;1;4;0;3;0;0;0;0;0;5;4;1;2;0;2;
Earl Watson;;22:31;2;3;0;0;0;0;0;0;0;5;1;0;1;5;4;
Derrick Favors;;28:39;3;7;0;0;2;2;2;6;8;2;1;1;2;3;8;
Alec Burks;;26:41;8;16;1;2;9;9;2;1;3;1;0;1;1;3;26;
Enes Kanter;;24:59;5;9;0;0;3;3;2;2;4;1;0;1;4;2;13;
DeMarre Carroll;;31:25;5;10;0;2;4;5;3;3;6;3;0;0;0;0;14;
Jeremy Evans;;4:00;1;2;0;0;2;2;1;1;2;0;1;0;0;0;4;
Kevin Murphy;;4:00;0;3;0;1;0;0;0;0;0;1;0;0;0;2;0;
SAC
John Salmons;F;21:28;4;11;3;8;0;1;1;1;2;4;0;0;0;0;11;
Jason Thompson;F;36:00;9;11;0;0;3;5;4;3;7;0;1;1;0;3;21;
DeMarcus Cousins;C;28:49;4;9;0;0;5;9;2;9;11;6;3;0;6;5;13;
Tyreke Evans;G;30:17;4;10;0;1;4;4;2;2;4;6;2;0;1;0;12;
Isaiah Thomas;G;33:27;10;16;2;4;3;3;0;4;4;3;3;0;3;4;25;
Jimmer Fredette;;14:33;4;6;1;1;0;0;1;1;2;3;1;0;2;0;9;
Marcus Thornton;;26:32;7;14;2;5;8;9;0;1;1;2;0;0;1;2;24;
Francisco Garcia;;17:43;1;5;0;0;0;0;0;2;2;0;0;4;1;2;2;
Charles Hayes;;19:11;0;1;0;0;1;4;3;4;7;2;1;1;0;5;1;
Thomas Robinson;;12:00;1;2;0;0;0;0;3;1;4;1;0;0;2;3;2;
