11-14;CHI-PHX;112-106;
29-27;28-24;26-18;17-31;12-6;
CHI
Luol Deng;F;45:33;8;14;2;4;3;3;2;3;5;2;0;1;2;1;21;
Carlos Boozer;F;39:35;11;20;0;0;6;6;4;10;14;3;1;0;1;3;28;
Joakim Noah;C;42:29;9;19;0;0;3;6;6;6;12;5;1;2;4;4;21;
Richard Hamilton;G;36:57;5;11;1;2;4;6;1;1;2;5;0;0;1;2;15;
Kirk Hinrich;G;27:14;1;3;0;1;1;2;1;4;5;7;2;0;4;5;3;
Taj Gibson;;16:36;2;3;0;0;0;0;1;1;2;0;0;2;1;3;4;
Nate Robinson;;25:46;4;9;2;3;1;2;0;1;1;4;1;0;1;2;11;
Marco Belinelli;;15:02;1;4;1;2;0;0;0;2;2;0;0;0;1;0;3;
Nazr Mohammed;;7:11;0;2;0;0;0;0;0;2;2;0;0;0;0;1;0;
Jimmy Butler;;8:36;3;3;0;0;0;0;0;1;1;0;2;0;0;0;6;
Marquis Teague;;0:02;0;0;0;0;0;0;0;0;0;0;0;0;0;0;0;
PHX
Michael Beasley;F;28:27;4;15;0;2;4;5;1;3;4;3;1;1;4;3;12;
Luis Scola;F;42:30;12;22;0;0;0;0;3;11;14;2;0;1;3;6;24;
Marcin Gortat;C;37:06;4;8;0;0;3;3;2;6;8;0;0;1;0;1;11;
Jared Dudley;G;22:13;2;5;1;2;0;0;0;1;1;0;0;0;0;0;5;
Goran Dragic;G;31:00;5;10;0;3;2;2;1;1;2;5;3;0;4;5;12;
Markieff Morris;;21:55;3;12;1;3;1;1;5;5;10;0;1;0;0;4;8;
Shannon Brown;;27:43;4;15;0;3;3;3;0;2;2;2;0;1;0;3;11;
Sebastian Telfair;;25:21;5;13;4;8;3;3;1;1;2;4;0;1;0;3;17;
PJ Tucker;;28:45;3;5;0;0;0;0;7;1;8;3;1;1;1;2;6;
