01-30;SAC-BOS;81-99;
24-22;14-37;22-21;21-19;
SAC
Francisco Garcia;F;21:10;2;6;2;4;0;0;0;2;2;0;0;0;3;0;6;
Jason Thompson;F;20:59;4;7;0;0;1;2;1;2;3;0;0;0;1;2;9;
DeMarcus Cousins;C;32:53;4;12;0;1;5;8;2;4;6;4;1;1;5;4;13;
Tyreke Evans;G;41:26;7;15;1;2;4;4;3;8;11;2;3;0;4;3;19;
Isaiah Thomas;G;23:30;2;10;1;4;3;4;0;3;3;1;3;0;0;0;8;
Thomas Robinson;;20:48;4;5;0;0;3;6;1;3;4;1;1;0;2;4;11;
Charles Hayes;;21:20;1;3;0;0;0;0;3;2;5;2;0;0;0;2;2;
Marcus Thornton;;27:01;3;7;1;3;0;0;1;2;3;1;3;0;0;4;7;
Aaron Brooks;;6:15;0;0;0;0;1;2;0;0;0;0;0;0;1;0;1;
Travis Outlaw;;4:04;1;3;1;2;0;0;0;0;0;0;0;0;1;0;3;
James Johnson;;1:20;0;2;0;1;0;0;0;0;0;0;0;0;0;0;0;
Jimmer Fredette;;18:15;1;3;0;0;0;0;0;1;1;2;0;0;1;0;2;
Tyler Honeycutt;;0:59;0;0;0;0;0;0;0;0;0;0;0;0;0;0;0;
BOS
Paul Pierce;F;30:39;5;9;0;2;6;7;0;10;10;4;1;0;3;3;16;
Jared Sullinger;F;4:08;0;0;0;0;0;0;0;1;1;0;0;0;0;0;0;
Kevin Garnett;C;28:15;6;10;0;0;1;1;0;9;9;5;1;2;1;0;13;
Avery Bradley;G;29:13;4;11;1;5;2;2;3;2;5;2;2;1;2;2;11;
Courtney Lee;G;26:16;3;8;1;2;2;2;0;0;0;3;0;0;2;0;9;
Brandon Bass;;37:36;4;7;0;0;4;5;1;3;4;2;3;0;1;3;12;
Jason Collins;;8:53;0;0;0;0;1;2;1;0;1;0;0;0;0;4;1;
Jeff Green;;20:30;6;11;0;2;0;0;0;1;1;0;0;0;3;5;12;
Chris Wilcox;;17:08;3;4;0;0;0;0;1;4;5;0;2;1;0;3;6;
Jason Terry;;22:15;5;7;2;3;0;0;0;2;2;4;0;0;1;1;12;
Leandro Barbosa;;15:07;3;6;1;2;0;1;0;0;0;2;0;0;3;1;7;
