03-08;PHI-MIA;93-102;
24-28;27-19;24-29;18-26;
PHI
Evan Turner;F;36:35;4;13;2;4;0;0;1;4;5;3;2;0;2;1;10;
Thaddeus Young;F;33:21;12;15;0;0;1;2;2;1;3;2;2;0;0;3;25;
Spencer Hawes;C;30:03;4;10;0;1;5;5;0;10;10;1;0;2;3;5;13;
Charles Jenkins;G;15:43;1;3;0;0;0;0;0;1;1;0;2;0;0;0;2;
Jrue Holiday;G;40:59;3;11;1;3;2;2;0;4;4;13;1;0;4;2;9;
Dorell Wright;;26:15;5;10;3;6;1;2;1;2;3;1;0;0;3;2;14;
Arnett Moultrie;;14:30;1;2;0;0;0;0;2;4;6;0;0;1;0;1;2;
Royal Ivey;;16:28;2;2;2;2;0;0;0;0;0;1;1;0;1;1;6;
Damien Wilkins;;26:06;5;11;2;5;0;0;0;1;1;1;2;0;2;5;12;
MIA
LeBron James;F;34:14;10;17;2;3;3;5;3;7;10;5;1;2;3;2;25;
Udonis Haslem;F;16:10;1;1;0;0;0;0;0;4;4;0;0;1;1;0;2;
Chris Bosh;C;31:18;7;14;0;0;2;3;1;3;4;4;1;1;1;0;16;
Dwyane Wade;G;35:33;9;16;0;1;4;4;0;2;2;4;3;1;4;1;22;
Mario Chalmers;G;22:09;3;4;2;3;0;0;0;4;4;4;0;0;2;2;8;
Norris Cole;;25:28;1;4;0;1;0;0;1;1;2;2;2;0;0;2;2;
Shane Battier;;27:07;4;9;3;8;0;0;2;4;6;2;1;0;2;0;11;
Chris Andersen;;16:42;2;4;0;0;0;0;1;2;3;0;0;2;1;1;4;
Ray Allen;;26:50;5;8;1;4;1;1;1;1;2;2;2;0;1;0;12;
Rashard Lewis;;4:29;0;2;0;1;0;0;1;1;2;0;0;0;0;1;0;
