11-09;HOU-MEM;85-93;
24-17;22-25;22-27;17-24;
HOU
Chandler Parsons;F;37:01;8;13;3;6;0;0;1;4;5;2;1;0;3;4;19;
Patrick Patterson;F;30:54;4;10;0;1;0;0;1;3;4;4;0;0;1;5;8;
Omer Asik;C;40:24;4;6;0;0;2;2;3;10;13;2;0;2;5;2;10;
James Harden;G;40:38;4;18;1;6;9;10;2;2;4;4;0;2;5;1;18;
Jeremy Lin;G;36:58;5;10;2;4;3;3;0;5;5;3;2;0;4;1;15;
Carlos Delfino;;27:18;3;9;2;7;0;0;0;4;4;2;1;1;2;0;8;
Daequan Cook;;7:00;0;1;0;1;0;0;0;2;2;0;0;0;0;0;0;
Marcus Morris;;14:57;2;6;1;2;0;0;0;3;3;0;1;0;0;2;5;
Cole Aldrich;;4:50;1;3;0;0;0;0;1;0;1;0;0;1;0;2;2;
MEM
Rudy Gay;F;30:13;9;19;1;4;2;4;3;4;7;1;1;0;2;3;21;
Zach Randolph;F;41:19;5;13;0;0;5;6;5;9;14;1;1;3;2;1;15;
Marc Gasol;C;32:37;3;12;0;0;0;0;2;2;4;2;0;1;1;4;6;
Tony Allen;G;19:34;3;9;0;1;2;2;0;0;0;0;2;1;0;3;8;
Mike Conley;G;30:53;5;13;1;3;3;5;1;3;4;4;3;0;2;2;14;
Marreese Speights;;20:37;2;9;0;0;3;4;6;1;7;2;0;2;0;0;7;
Quincy Pondexter;;28:59;2;7;1;4;0;0;1;0;1;1;4;0;1;1;5;
Jerryd Bayless;;17:56;4;8;2;4;2;2;0;2;2;3;3;0;1;1;12;
Wayne Ellington;;17:53;2;4;1;3;0;0;0;1;1;2;0;1;0;1;5;
