02-07;LAL-BOS;95-116;
23-27;21-31;25-37;26-21;
LAL
Metta World Peace;F;30:03;2;13;0;5;1;2;2;3;5;1;1;0;1;1;5;
Earl Clark;F;34:18;2;6;0;2;1;2;0;7;7;1;0;2;0;4;5;
Dwight Howard;C;28:14;4;8;0;0;1;6;3;6;9;1;0;0;4;6;9;
Kobe Bryant;G;29:41;9;15;0;1;9;9;3;4;7;0;0;0;4;2;27;
Steve Nash;G;27:44;4;9;1;2;0;0;0;1;1;5;0;0;0;0;9;
Antawn Jamison;;21:43;4;9;1;3;2;4;1;1;2;1;0;1;0;2;11;
Steve Blake;;17:11;2;5;1;1;2;4;0;3;3;3;0;0;3;0;7;
Jodie Meeks;;20:56;5;12;1;5;2;2;3;0;3;0;1;0;0;3;13;
Chris Duhon;;14:49;1;2;0;1;0;0;0;1;1;1;0;0;0;1;2;
Darius Morris;;5:07;0;0;0;0;0;0;0;0;0;2;0;0;0;0;0;
Devin Ebanks;;5:07;2;6;1;3;0;0;1;2;3;0;0;0;0;0;5;
Robert Sacre;;5:07;1;2;0;0;0;1;0;2;2;1;0;0;0;0;2;
BOS
Paul Pierce;F;29:41;10;17;1;4;3;4;1;6;7;6;0;1;2;3;24;
Brandon Bass;F;25:18;4;5;0;0;0;0;1;3;4;1;1;0;0;3;8;
Kevin Garnett;C;22:56;6;10;0;0;3;4;2;3;5;4;3;0;2;2;15;
Avery Bradley;G;32:52;4;11;0;1;2;2;2;3;5;3;2;1;1;3;10;
Courtney Lee;G;22:21;6;12;1;2;0;0;0;5;5;3;0;1;1;2;13;
Jason Collins;;5:26;1;1;0;0;0;0;0;1;1;1;1;0;0;3;2;
Jeff Green;;29:13;6;13;1;1;6;6;0;3;3;1;0;1;1;2;19;
Jason Terry;;27:57;5;6;2;2;3;5;1;3;4;3;1;0;1;1;15;
Chris Wilcox;;18:11;3;4;0;0;2;4;4;5;9;0;1;0;1;5;8;
Leandro Barbosa;;21:08;0;6;0;1;0;0;1;4;5;3;1;0;0;2;0;
Fab Melo;;4:58;1;2;0;0;0;0;0;0;0;0;0;1;0;2;2;
