12-17;CHI-MEM;71-80;
20-11;14-28;19-22;18-19;
CHI
Luol Deng;F;39:10;4;17;0;4;3;6;2;2;4;1;2;0;3;2;11;
Carlos Boozer;F;33:34;7;17;0;0;2;4;3;10;13;2;1;0;2;2;16;
Joakim Noah;C;41:50;5;8;0;0;1;2;2;7;9;3;1;0;3;5;11;
Marco Belinelli;G;40:16;4;12;2;3;3;4;0;4;4;1;2;0;3;4;13;
Kirk Hinrich;G;31:16;2;8;0;4;0;0;0;2;2;5;2;0;4;6;4;
Nate Robinson;;16:44;2;5;0;0;0;0;0;0;0;2;1;0;1;1;4;
Taj Gibson;;20:36;1;4;0;0;2;2;3;3;6;0;0;1;0;1;4;
Jimmy Butler;;16:35;3;4;0;0;2;2;0;1;1;0;1;0;0;0;8;
MEM
Rudy Gay;F;29:15;5;13;0;0;2;4;1;1;2;2;0;0;3;2;12;
Zach Randolph;F;32:24;4;14;0;0;2;2;7;8;15;1;1;0;2;1;10;
Marc Gasol;C;37:09;1;7;0;0;2;2;2;9;11;3;3;1;2;2;4;
Tony Allen;G;25:35;2;6;0;1;2;2;0;3;3;0;0;1;1;2;6;
Mike Conley;G;31:58;6;12;1;4;4;5;0;4;4;4;2;0;2;1;17;
Marreese Speights;;16:34;2;7;0;0;0;0;4;1;5;0;0;1;2;3;4;
Jerryd Bayless;;16:03;2;4;1;1;0;0;0;2;2;3;0;0;2;2;5;
Quincy Pondexter;;20:43;2;6;1;1;1;2;3;3;6;0;1;1;2;2;6;
Wayne Ellington;;20:28;4;7;3;4;0;0;0;2;2;2;0;0;2;2;11;
Darrell Arthur;;9:53;2;4;0;0;1;2;1;0;1;1;0;1;0;2;5;
