01-05;PHI-SAS;86-109;
21-31;21-23;21-27;23-28;
PHI
Thaddeus Young;F;28:10;5;13;0;1;1;4;0;5;5;1;0;2;0;2;11;
Evan Turner;F;30:52;4;13;0;4;4;4;0;7;7;5;3;0;3;1;12;
Lavoy Allen;C;15:25;1;2;0;0;0;0;0;3;3;1;1;3;0;2;2;
Jason Richardson;G;24:36;4;10;2;4;1;2;0;2;2;2;1;1;1;3;11;
Jrue Holiday;G;32:55;5;15;1;2;0;0;2;6;8;8;0;1;5;1;11;
Kwame Brown;;7:53;0;0;0;0;0;2;1;2;3;0;0;0;1;2;0;
Nick Young;;null;4;11;0;2;2;2;2;1;3;0;1;0;1;1;10;
Dorell Wright;;31:26;0;3;0;2;0;0;0;3;3;1;2;0;0;3;0;
Spencer Hawes;;28:22;10;13;0;0;2;2;0;6;6;1;1;0;2;2;22;
Damien Wilkins;;8:35;0;1;0;1;1;2;0;1;1;0;1;0;0;0;1;
Maalik Wayns;;7:53;2;3;0;1;2;2;0;0;0;0;0;0;1;0;6;
SAS
Kawhi Leonard;F;27:12;1;4;0;1;0;0;2;7;9;1;1;1;0;4;2;
Tim Duncan;F;25:41;7;10;0;0;2;2;1;7;8;3;1;4;2;1;16;
Tiago Splitter;C;28:07;4;13;0;0;4;5;1;9;10;1;0;0;1;2;12;
Danny Green;G;26:23;4;10;3;7;2;2;0;4;4;3;1;0;3;0;13;
Tony Parker;G;29:04;8;16;0;2;4;5;1;1;2;5;2;0;0;1;20;
Manu Ginobili;;26:11;6;10;2;5;5;5;1;6;7;4;1;0;5;2;19;
Boris Diaw;;null;0;1;0;1;0;0;0;2;2;0;0;0;1;1;0;
Gary Neal;;25:19;5;9;2;3;0;0;0;3;3;1;3;0;1;2;12;
Nando De Colo;;10:06;1;3;1;3;0;0;0;2;2;3;1;0;2;2;3;
Matt Bonner;;14:04;1;2;0;1;0;0;1;0;1;2;0;0;0;0;2;
DeJuan Blair;;7:01;3;4;0;0;2;4;1;1;2;0;1;0;0;0;8;
Patty Mills;;5:25;1;3;0;2;0;0;0;0;0;1;0;0;0;2;2;
