03-11;DET-UTA;90-103;
19-20;18-31;33-25;20-27;
DET
Kyle Singler;F;23:19;1;6;0;0;3;4;2;0;2;0;0;2;0;2;5;
Jonas Jerebko;F;29:12;5;14;1;4;4;4;2;5;7;0;1;0;1;2;15;
Greg Monroe;C;41:26;7;15;0;0;1;1;1;12;13;3;0;1;0;2;15;
Brandon Knight;G;3:32;0;2;0;1;0;0;0;0;0;0;0;0;0;1;0;
Jose Calderon;G;37:11;6;8;1;2;1;1;0;2;2;7;2;1;2;0;14;
Viacheslav Kravtsov;;5:08;0;0;0;0;0;2;0;0;0;0;0;0;0;0;0;
Rodney Stuckey;;35:19;6;10;1;3;2;2;1;3;4;2;2;0;2;2;15;
Khris Middleton;;24:41;4;7;4;5;0;0;0;1;1;0;0;1;0;3;12;
Charlie Villanueva;;21:11;1;7;0;4;0;0;0;1;1;1;0;0;0;3;2;
Will Bynum;;19:01;4;11;0;1;4;4;0;0;0;1;0;0;2;0;12;
UTA
DeMarre Carroll;F;18:28;2;6;0;2;1;1;1;1;2;1;0;1;1;3;5;
Derrick Favors;F;20:54;2;5;0;0;2;2;4;4;8;0;0;3;1;2;6;
Al Jefferson;C;31:07;7;15;0;0;2;2;2;8;10;3;1;1;2;0;16;
Randy Foye;G;19:57;1;5;0;4;0;0;0;1;1;2;1;1;0;2;2;
Mo Williams;G;26:23;9;14;1;2;1;1;0;1;1;6;0;0;1;1;20;
Alec Burks;;21:37;2;7;1;2;0;0;0;2;2;2;1;0;4;2;5;
Gordon Hayward;;28:03;4;8;2;3;3;4;0;2;2;3;0;0;0;1;13;
Marvin Williams;;29:32;5;8;2;3;2;2;2;4;6;4;2;0;0;0;14;
Enes Kanter;;19:59;7;9;0;0;0;0;0;8;8;0;0;1;2;1;14;
Jeremy Evans;;24:00;3;4;0;0;2;3;2;5;7;5;0;2;0;2;8;
