03-06;WAS-MIN;82-87;
29-24;14-24;20-17;19-22;
WAS
Trevor Ariza;F;38:02;4;10;3;7;5;5;1;6;7;6;1;0;4;1;16;
Nene;F;35:58;3;8;0;0;6;8;3;5;8;1;1;1;7;5;12;
Emeka Okafor;C;33:00;5;9;0;0;0;0;0;14;14;1;0;1;2;3;10;
Martell Webster;G;41:49;4;11;2;8;1;2;1;6;7;2;0;0;0;4;11;
John Wall;G;38:49;7;15;0;1;5;5;1;2;3;7;3;1;6;3;19;
A.J. Price;;19:59;1;4;1;3;0;0;0;1;1;0;0;0;3;5;3;
Jan Vesely;;8:13;0;1;0;0;0;0;0;3;3;0;0;1;1;3;0;
Garrett Temple;;5:51;1;2;0;0;1;2;0;0;0;0;0;0;0;0;3;
Trevor Booker;;6:20;0;0;0;0;0;0;0;0;0;0;1;0;0;1;0;
Kevin Seraphin;;11:59;4;5;0;0;0;0;0;1;1;0;0;1;1;4;8;
MIN
Mickael Gelabale;F;24:36;3;4;0;0;0;0;4;3;7;1;0;0;1;1;6;
Derrick Williams;F;36:46;4;12;1;3;7;11;0;8;8;0;2;0;2;2;16;
Greg Stiemsma;C;21:56;1;4;0;0;0;0;1;2;3;0;0;0;1;3;2;
Luke Ridnour;G;37:11;5;13;1;3;4;4;0;0;0;2;0;0;4;2;15;
Ricky Rubio;G;37:56;4;15;0;2;7;10;0;7;7;11;6;0;3;3;15;
Jose Juan Barea;;23:24;5;12;2;4;0;0;0;2;2;0;0;0;1;0;12;
Alexey Shved;;20:53;1;6;0;2;2;4;1;0;1;1;0;0;1;0;4;
Dante Cunningham;;21:27;5;7;0;0;1;2;3;2;5;1;2;0;1;2;11;
Chris Johnson;;15:51;3;3;0;0;0;0;0;1;1;0;1;1;0;1;6;
