12-22;UTA-MIA;89-105;
25-28;18-19;20-26;26-32;
UTA
Marvin Williams;F;27:19;7;12;2;5;0;0;3;1;4;1;0;0;1;1;16;
Paul Millsap;F;29:04;3;9;0;0;5;6;2;3;5;1;1;0;3;3;11;
Al Jefferson;C;31:46;2;8;0;0;2;2;1;10;11;2;0;2;1;2;6;
Randy Foye;G;22:45;1;9;0;4;0;0;0;2;2;1;1;0;0;3;2;
Mo Williams;G;16:17;2;3;1;1;0;0;0;2;2;4;1;0;3;0;5;
Derrick Favors;;23:32;2;8;0;0;6;6;2;2;4;0;2;0;1;2;10;
Gordon Hayward;;26:33;5;8;2;2;3;3;0;1;1;0;0;0;3;2;15;
DeMarre Carroll;;15:08;1;4;0;1;1;2;1;2;3;2;1;0;1;2;3;
Earl Watson;;17:03;1;3;0;0;0;0;0;2;2;4;2;0;2;1;2;
Enes Kanter;;10:33;2;2;0;0;0;0;2;1;3;0;1;0;2;2;4;
Jamaal Tinsley;;14:08;2;3;2;3;2;2;0;0;0;3;1;0;2;0;8;
Alec Burks;;2:56;2;3;0;0;1;3;0;0;0;0;0;0;0;0;5;
Jeremy Evans;;2:56;0;1;0;0;2;2;0;1;1;0;0;0;0;0;2;
MIA
LeBron James;F;37:30;11;20;1;1;7;10;1;8;9;7;0;0;4;0;30;
Shane Battier;F;33:58;4;8;4;8;3;3;0;3;3;1;1;3;0;1;15;
Udonis Haslem;C;30:26;3;6;0;0;0;0;0;9;9;2;1;1;0;4;6;
Dwyane Wade;G;34:17;8;14;0;2;5;6;1;6;7;7;2;0;4;2;21;
Mario Chalmers;G;26:21;2;5;1;4;0;0;1;1;2;1;1;0;2;1;5;
Ray Allen;;24:32;4;5;2;2;3;3;0;3;3;1;2;0;0;1;13;
Mike Miller;;11:59;2;3;2;3;0;0;0;0;0;1;2;0;0;2;6;
Norris Cole;;19:41;2;6;1;3;0;0;0;1;1;2;2;0;1;3;5;
Joel Anthony;;15:43;2;4;0;0;0;0;2;1;3;0;1;1;3;2;4;
Terrel Harris;;1:51;0;1;0;0;0;0;0;0;0;0;0;0;0;1;0;
Dexter Pittman;;1:51;0;0;0;0;0;0;1;1;2;0;0;0;2;2;0;
James Jones;;1:51;0;1;0;1;0;0;0;0;0;1;0;0;0;0;0;
