12-26;GSW-UTA;94-83;
24-19;25-18;26-21;19-25;
GSW
Harrison Barnes;F;16:13;2;5;1;2;2;2;0;2;2;0;0;1;0;0;7;
David Lee;F;35:13;7;16;0;1;4;4;3;6;9;2;1;1;0;4;18;
Festus Ezeli;C;13:42;1;2;0;0;0;0;2;3;5;1;1;0;0;0;2;
Klay Thompson;G;31:34;5;13;2;3;3;3;0;1;1;2;3;0;0;2;15;
Stephen Curry;G;37:51;7;18;4;7;5;6;2;6;8;7;1;1;2;0;23;
Andris Biedrins;;18:46;0;0;0;0;0;0;1;11;12;1;0;1;2;4;0;
Jarrett Jack;;31:15;5;9;2;3;3;3;0;2;2;3;2;0;2;1;15;
Draymond Green;;15:12;1;3;0;1;2;2;0;1;1;1;1;0;1;3;4;
Carl Landry;;22:02;4;12;0;0;0;0;1;1;2;1;0;1;2;2;8;
Charles Jenkins;;8:17;0;0;0;0;0;0;0;1;1;1;0;0;0;0;0;
Jeremy Tyler;;3:43;0;1;0;0;0;0;0;0;0;0;0;1;1;2;0;
Kent Bazemore;;3:06;1;2;0;1;0;0;0;0;0;0;1;0;0;0;2;
Richard Jefferson;;3:06;0;1;0;0;0;0;0;0;0;0;0;0;0;0;0;
UTA
Marvin Williams;F;18:40;1;6;0;1;0;0;0;1;1;1;0;1;1;0;2;
Paul Millsap;F;24:45;4;10;0;0;6;6;1;6;7;2;0;0;0;1;14;
Al Jefferson;C;29:44;8;15;0;0;2;2;3;7;10;1;0;1;0;1;18;
Randy Foye;G;23:43;3;10;2;8;0;0;0;2;2;1;0;0;1;1;8;
Jamaal Tinsley;G;21:19;0;3;0;1;0;0;0;2;2;4;0;0;3;3;0;
Earl Watson;;26:41;0;2;0;0;0;0;0;3;3;3;1;0;4;3;0;
Derrick Favors;;19:32;3;8;0;0;3;4;0;3;3;0;2;0;2;5;9;
Gordon Hayward;;25:37;3;10;2;5;1;4;1;2;3;3;0;0;1;1;9;
Alec Burks;;24:17;4;11;0;1;1;2;3;5;8;2;0;0;1;0;9;
Enes Kanter;;18:16;4;4;0;0;2;4;1;2;3;0;0;0;1;1;10;
Jeremy Evans;;3:43;1;1;0;0;0;0;0;0;0;0;2;0;0;0;2;
DeMarre Carroll;;3:43;1;3;0;1;0;0;0;2;2;0;0;0;0;1;2;
