03-09;HOU-PHX;105-107;
28-24;18-26;30-27;29-30;
HOU
Chandler Parsons;F;34:53;5;16;3;6;1;3;1;0;1;2;2;1;0;1;14;
Donatas Motiejunas;F;17:30;3;7;2;5;0;0;1;2;3;0;0;1;1;5;8;
Omer Asik;C;38:24;2;6;0;0;0;0;6;10;16;0;0;2;3;3;4;
James Harden;G;42:01;11;17;7;10;9;12;1;4;5;8;1;0;8;3;38;
Jeremy Lin;G;30:34;4;9;1;5;2;2;1;0;1;4;1;0;5;6;11;
Greg Smith;;9:25;2;4;0;0;0;1;2;0;2;0;0;0;0;2;4;
Thomas Robinson;;8:13;0;1;0;0;0;0;0;2;2;0;0;0;0;1;0;
Carlos Delfino;;28:30;8;15;5;9;0;0;0;5;5;1;2;0;0;1;21;
Patrick Beverley;;17:26;0;4;0;2;0;0;3;0;3;5;1;0;1;1;0;
Francisco Garcia;;13:04;2;7;1;4;0;0;0;1;1;2;3;1;1;1;5;
PHX
Marcus Morris;F;24:29;4;8;0;2;1;4;2;2;4;0;3;0;1;3;9;
Markieff Morris;F;19:13;3;7;1;1;7;8;4;1;5;0;1;0;2;3;14;
Luis Scola;C;16:20;1;6;0;0;4;5;1;3;4;2;2;1;1;1;6;
Wesley Johnson;G;15:20;2;7;1;3;0;0;1;0;1;1;0;0;0;3;5;
Goran Dragic;G;28:55;6;13;0;2;6;8;1;2;3;1;2;0;1;1;18;
Michael Beasley;;23:36;4;7;1;1;1;2;0;4;4;2;0;0;2;1;10;
Jared Dudley;;33:13;8;12;3;5;3;4;2;1;3;7;2;0;4;1;22;
PJ Tucker;;22:06;3;8;0;0;2;2;3;7;10;1;1;0;1;4;8;
Kendall Marshall;;28:35;3;7;2;4;1;2;0;2;2;4;1;0;2;0;9;
Hamed Haddadi;;28:13;3;7;0;0;0;4;3;8;11;0;1;3;2;3;6;
