11-07;PHX-CHA;117-110;
31-22;29-24;25-35;32-29;
PHX
Michael Beasley;F;42:47;7;21;1;5;6;8;6;9;15;7;1;3;5;2;21;
Luis Scola;F;28:00;4;9;0;0;1;2;6;1;7;5;1;0;1;2;9;
Marcin Gortat;C;38:19;10;14;0;0;3;4;3;7;10;2;1;7;1;5;23;
Jared Dudley;G;31:13;4;10;2;5;0;0;0;4;4;3;0;0;0;3;10;
Goran Dragic;G;32:50;5;10;3;6;3;5;1;1;2;8;0;0;2;3;16;
Markieff Morris;;15:15;5;12;0;1;0;0;3;1;4;0;0;0;1;3;10;
Shannon Brown;;23:40;7;12;6;8;4;5;1;1;2;2;1;0;1;1;24;
Sebastian Telfair;;15:28;0;4;0;2;0;0;0;3;3;1;3;0;1;2;0;
PJ Tucker;;12:28;1;1;0;0;2;4;2;1;3;1;1;1;0;3;4;
CHA
Michael Kidd-Gilchrist;F;29:09;4;10;0;0;1;1;2;6;8;3;0;3;3;3;9;
Byron Mullens;F;36:50;9;16;6;10;0;0;2;6;8;0;1;0;1;5;24;
Brendan Haywood;C;17:25;3;4;0;0;1;1;3;4;7;0;0;2;2;2;7;
Jeff Taylor;G;10:04;0;3;0;0;0;0;0;0;0;0;0;0;0;0;0;
Kemba Walker;G;40:03;6;14;0;2;5;6;0;1;1;8;1;0;0;5;17;
Bismack Biyombo;;21:56;2;3;0;0;1;1;2;3;5;0;0;3;1;2;5;
Ben Gordon;;24:54;5;14;2;6;0;0;1;2;3;5;1;2;2;1;12;
Ramon Sessions;;34:32;2;10;1;3;12;14;1;2;3;9;0;0;3;0;17;
Tyrus Thomas;;15:32;3;8;0;0;4;4;2;0;2;1;1;2;0;2;10;
Reggie Williams;;9:35;4;5;1;1;0;0;2;0;2;0;0;0;0;0;9;
