02-20;DET-CHA;105-99;
28-25;27-31;22-20;28-23;
DET
Kyle Singler;F;23:01;4;6;0;2;0;0;1;2;3;0;0;2;3;6;8;
Jason Maxiell;F;17:24;2;6;0;0;1;2;0;1;1;0;0;1;0;1;5;
Greg Monroe;C;35:01;7;13;0;0;5;5;1;6;7;7;1;3;1;2;19;
Brandon Knight;G;29:58;7;11;3;4;4;4;0;3;3;5;1;0;1;2;21;
Jose Calderon;G;29:10;4;8;4;4;5;6;1;1;2;2;0;0;0;1;17;
Rodney Stuckey;;30:20;5;11;0;2;2;4;1;6;7;3;1;0;1;4;12;
Charlie Villanueva;;26:12;3;8;1;3;0;0;1;8;9;2;0;2;0;1;7;
Will Bynum;;26:29;4;9;0;1;0;0;1;2;3;7;1;0;2;3;8;
Viacheslav Kravtsov;;12:59;3;4;0;0;0;2;2;2;4;0;0;0;1;3;6;
Jonas Jerebko;;9:26;1;5;0;1;0;0;0;3;3;0;0;0;0;0;2;
CHA
Michael Kidd-Gilchrist;F;29:40;5;10;0;0;1;2;3;3;6;3;0;3;1;2;11;
Byron Mullens;F;28:47;6;12;3;5;0;0;2;4;6;1;0;0;0;5;15;
Bismack Biyombo;C;21:04;0;4;0;0;0;0;3;5;8;2;0;1;0;1;0;
Gerald Henderson;G;34:52;4;14;1;3;4;4;1;6;7;5;0;0;1;2;13;
Kemba Walker;G;41:21;8;19;4;9;4;4;1;3;4;3;0;2;5;1;24;
Ramon Sessions;;31:44;6;11;2;3;4;6;1;5;6;8;2;0;1;2;18;
Jeff Adrien;;17:50;3;5;0;0;2;2;3;0;3;2;1;2;0;0;8;
Brendan Haywood;;18:20;1;4;0;0;0;1;2;3;5;0;0;1;0;3;2;
Ben Gordon;;10:30;2;7;1;3;0;0;0;1;1;1;0;0;0;1;5;
Jeff Taylor;;5:52;1;3;0;2;1;2;0;0;0;0;0;0;0;1;3;
