01-08;ATL-MIN;103-108;
20-30;22-28;29-27;32-23;
ATL
Kyle Korver;F;30:50;5;11;4;7;1;2;0;4;4;1;0;0;1;5;15;
Josh Smith;F;37:42;8;14;2;4;3;5;1;12;13;7;1;2;4;1;21;
Al Horford;C;38:29;9;16;0;0;1;1;6;5;11;4;2;1;3;2;19;
Lou Williams;G;43:06;6;15;1;4;8;9;1;3;4;8;0;0;3;4;21;
Jeff Teague;G;22:14;2;6;1;2;0;0;0;3;3;0;0;1;1;5;5;
DeShawn Stevenson;;5:17;0;2;0;2;0;0;0;1;1;0;0;0;0;0;0;
John Jenkins;;25:31;4;6;2;3;0;0;1;1;2;0;0;2;0;3;10;
Zaza Pachulia;;23:31;3;4;0;0;2;2;0;3;3;1;2;0;3;1;8;
Mike Scott;;8:49;1;2;0;0;2;2;1;1;2;0;0;0;0;1;4;
Anthony Tolliver;;4:31;0;1;0;0;0;0;0;1;1;0;0;0;0;1;0;
MIN
Andrei Kirilenko;F;34:12;7;11;2;2;5;5;1;5;6;5;0;0;0;0;21;
Dante Cunningham;F;26:38;3;9;0;0;0;0;2;3;5;1;3;0;1;2;6;
Nikola Pekovic;C;35:20;9;15;0;0;7;8;6;12;18;1;0;1;1;2;25;
Alexey Shved;G;41:53;6;15;2;5;1;3;0;2;2;7;2;2;3;2;15;
Luke Ridnour;G;30:22;4;11;0;0;2;2;2;3;5;4;0;0;1;2;10;
Derrick Williams;;21:22;7;13;3;5;0;0;0;1;1;1;0;0;0;1;17;
Ricky Rubio;;18:31;0;0;0;0;4;6;0;1;1;8;4;0;2;4;4;
Jose Juan Barea;;19:02;2;10;1;3;0;0;1;1;2;1;0;0;1;0;5;
Greg Stiemsma;;12:40;2;3;0;0;1;2;1;2;3;1;0;0;0;3;5;
