02-13;TOR-NYK;92-88;
14-18;23-24;28-18;27-28;
TOR
Landry Fields;F;23:44;2;4;0;0;0;0;1;9;10;0;0;1;2;1;4;
Rudy Gay;F;40:55;4;21;0;5;3;4;1;7;8;4;1;1;1;2;11;
Jonas Valanciunas;C;13:10;0;1;0;0;0;0;3;2;5;0;1;1;1;4;0;
DeMar DeRozan;G;39:36;5;11;0;1;10;10;0;4;4;3;0;0;3;2;20;
Kyle Lowry;G;25:51;3;8;1;4;5;6;0;1;1;1;1;0;0;2;12;
Amir Johnson;;29:06;2;4;0;0;1;2;2;3;5;0;0;4;0;4;5;
Andrea Bargnani;;11:50;1;1;0;0;0;0;0;0;0;0;0;1;1;0;2;
John Lucas III;;22:09;4;5;2;3;2;2;0;1;1;1;0;0;0;1;12;
Alan Anderson;;29:46;10;16;6;8;0;0;1;0;1;3;0;0;2;2;26;
Terrence Ross;;3:53;0;2;0;0;0;0;0;0;0;0;0;0;0;2;0;
NYK
Carmelo Anthony;F;40:39;5;24;1;6;1;4;2;10;12;2;1;0;4;4;12;
Iman Shumpert;F;21:21;1;3;0;0;3;4;2;5;7;1;1;0;0;1;5;
Tyson Chandler;C;34:22;4;6;0;0;2;2;4;5;9;0;0;2;1;5;10;
Raymond Felton;G;41:29;3;9;0;2;10;12;2;2;4;5;4;0;4;2;16;
Jason Kidd;G;31:32;0;3;0;3;0;0;2;2;4;2;1;0;0;1;0;
Amar'e Stoudemire;;17:43;4;13;0;0;2;2;5;2;7;0;0;0;1;3;10;
J.R. Smith;;33:56;8;17;5;10;5;8;1;3;4;1;0;0;1;4;26;
Steve Novak;;11:58;3;4;3;4;0;0;1;3;4;0;0;0;0;1;9;
Pablo Prigioni;;7:00;0;0;0;0;0;0;1;0;1;1;0;0;0;0;0;
