11-21;LAL-SAC;97-113;
21-15;20-27;28-31;28-40;
LAL
Metta World Peace;F;36:31;4;10;2;5;3;4;1;5;6;1;0;1;1;3;13;
Pau Gasol;F;37:16;3;10;1;1;1;4;1;8;9;4;1;2;3;3;8;
Dwight Howard;C;40:39;2;4;0;0;3;4;1;8;9;3;2;1;2;4;7;
Kobe Bryant;G;38:46;11;20;5;9;11;13;0;3;3;3;2;0;7;3;38;
Darius Morris;G;31:07;3;5;1;3;5;6;0;1;1;2;0;0;5;3;12;
Chris Duhon;;16:24;0;1;0;0;1;2;0;0;0;2;0;0;0;2;1;
Jordan Hill;;17:01;1;4;0;0;1;4;3;1;4;1;0;0;1;2;3;
Antawn Jamison;;5:27;0;2;0;2;0;0;0;0;0;0;1;0;0;1;0;
Jodie Meeks;;15:45;5;9;3;6;2;2;0;1;1;0;0;0;1;1;15;
Robert Sacre;;1:04;0;0;0;0;0;0;0;0;0;0;0;0;0;0;0;
SAC
John Salmons;F;31:10;5;12;2;4;1;2;0;3;3;1;2;0;0;3;13;
Jason Thompson;F;40:28;6;12;0;1;1;2;4;6;10;1;1;1;1;1;13;
DeMarcus Cousins;C;21:10;3;9;0;0;1;2;2;6;8;2;0;0;3;6;7;
Tyreke Evans;G;28:47;7;11;0;0;4;4;1;3;4;6;0;1;5;3;18;
Aaron Brooks;G;21:58;5;9;2;5;1;1;1;3;4;3;1;0;0;2;13;
Charles Hayes;;22:56;4;5;0;0;2;2;1;4;5;1;2;0;1;3;10;
Isaiah Thomas;;16:10;1;2;0;0;4;4;0;0;0;2;0;0;2;1;6;
Marcus Thornton;;27:54;8;13;3;5;4;4;0;4;4;1;1;0;1;3;23;
James Johnson;;19:07;3;5;0;0;0;1;0;0;0;5;2;1;2;4;6;
Thomas Robinson;;10:12;2;3;0;0;0;0;0;3;3;0;0;1;1;1;4;
Jimmer Fredette;;0:08;0;0;0;0;0;0;0;0;0;1;0;0;0;0;0;
