01-26;BKN-HOU;106-119;
29-28;20-34;31-27;26-30;
BKN
Gerald Wallace;F;21:48;4;10;1;4;2;2;0;4;4;0;2;0;1;1;11;
Reggie Evans;F;25:27;0;4;0;0;1;2;2;6;8;0;1;0;1;3;1;
Brook Lopez;C;32:55;6;13;0;0;9;10;4;3;7;0;0;5;0;3;21;
Joe Johnson;G;37:16;5;14;3;7;0;0;0;3;3;6;0;2;1;1;13;
Deron Williams;G;41:29;10;15;5;9;2;2;0;4;4;11;2;2;4;3;27;
Andray Blatche;;6:23;0;1;0;0;0;0;0;0;0;1;0;0;1;0;0;
Keith Bogans;;22:28;2;6;2;6;0;0;0;3;3;0;0;1;0;3;6;
Kris Humphries;;11:12;1;1;0;0;2;2;0;0;0;0;0;0;0;1;4;
Jerry Stackhouse;;8:14;2;3;1;2;1;2;0;0;0;0;0;0;0;0;6;
CJ Watson;;19:31;3;6;2;5;0;0;0;1;1;3;1;0;1;3;8;
Mirza Teletovic;;12:10;3;7;2;3;1;1;1;0;1;0;1;0;1;2;9;
MarShon Brooks;;1:07;0;0;0;0;0;0;0;0;0;0;0;0;0;0;0;
HOU
Chandler Parsons;F;39:56;7;11;2;5;0;0;1;5;6;11;1;1;1;3;16;
Patrick Patterson;F;22:55;3;7;0;1;1;1;0;2;2;1;0;0;1;2;7;
Omer Asik;C;31:19;9;12;0;0;2;6;6;10;16;1;0;0;2;5;20;
James Harden;G;34:02;7;15;2;5;13;14;1;2;3;7;2;1;0;1;29;
Jeremy Lin;G;34:56;5;14;2;4;2;2;0;5;5;9;1;1;6;2;14;
Toney Douglas;;11:57;2;5;2;3;0;0;1;1;2;0;0;0;0;2;6;
Greg Smith;;15:34;3;3;0;0;3;4;0;1;1;1;0;0;0;0;9;
Carlos Delfino;;27:48;5;9;3;5;0;0;0;5;5;0;2;0;1;2;13;
Marcus Morris;;18:04;2;9;1;4;0;0;5;5;10;1;0;0;0;1;5;
Patrick Beverley;;1:15;0;2;0;1;0;0;0;0;0;0;0;0;0;0;0;
Cole Aldrich;;1:07;0;0;0;0;0;0;0;0;0;0;0;0;0;0;0;
James Anderson;;1:07;0;0;0;0;0;0;0;0;0;0;0;0;0;0;0;
