12-04;MIN-PHI;105-88;
34-21;31-26;22-20;18-21;
MIN
Josh Howard;F;29:01;7;12;2;3;0;2;2;8;10;0;1;0;4;2;16;
Kevin Love;F;25:51;2;10;1;5;1;2;2;8;10;5;0;0;1;0;6;
Nikola Pekovic;C;26:50;3;7;0;0;0;0;1;4;5;2;0;0;2;1;6;
Malcolm Lee;G;18:33;4;4;2;2;0;0;1;1;2;1;0;0;0;1;10;
Luke Ridnour;G;21:20;4;8;0;1;2;2;0;0;0;4;2;0;1;3;10;
Alexey Shved;;29:27;5;8;4;7;3;3;0;3;3;4;0;1;3;3;17;
Jose Juan Barea;;26:40;5;10;1;3;0;0;0;2;2;10;1;0;2;1;11;
Greg Stiemsma;;17:48;2;2;0;0;2;2;0;5;5;1;1;1;2;3;6;
Dante Cunningham;;25:29;6;10;0;0;1;2;0;4;4;1;1;0;0;2;13;
Derrick Williams;;15:39;3;5;3;4;1;4;0;4;4;0;0;0;0;2;10;
Lou Amundson;;3:22;0;1;0;0;0;0;1;1;2;0;0;0;0;0;0;
PHI
Evan Turner;F;36:27;8;20;2;4;1;3;1;4;5;2;1;0;3;3;19;
Thaddeus Young;F;26:44;6;10;0;0;1;1;0;2;2;0;0;0;1;4;13;
Lavoy Allen;C;24:29;3;6;0;0;0;0;1;4;5;1;2;1;1;2;6;
Jason Richardson;G;29:31;6;10;0;3;2;4;2;5;7;4;2;1;2;1;14;
Jrue Holiday;G;31:11;5;13;0;4;3;4;1;4;5;9;1;0;3;1;13;
Dorell Wright;;12:26;2;6;2;5;0;0;1;2;3;1;1;0;0;2;6;
Spencer Hawes;;21:51;2;6;1;2;1;2;2;2;4;2;0;0;1;0;6;
Kwame Brown;;11:42;0;0;0;0;1;2;1;1;2;0;0;0;0;0;1;
Maalik Wayns;;14:20;1;6;0;2;0;0;0;0;0;2;0;0;1;1;2;
Damien Wilkins;;18:40;1;3;0;0;2;2;1;1;2;2;1;0;1;1;4;
Royal Ivey;;1:37;0;0;0;0;0;0;0;1;1;0;0;0;0;0;0;
Arnett Moultrie;;11:02;1;3;0;0;2;5;3;1;4;1;1;0;0;0;4;
