02-10;LAL-MIA;97-107;
26-25;27-28;20-25;24-29;
LAL
Metta World Peace;F;36:23;3;11;2;2;1;2;0;0;0;1;2;0;0;2;9;
Earl Clark;F;41:38;8;17;1;3;1;1;1;8;9;1;1;1;2;4;18;
Dwight Howard;C;41:18;6;9;0;0;3;5;2;7;9;1;2;2;3;4;15;
Kobe Bryant;G;37:03;11;19;0;0;6;8;1;5;6;9;1;0;4;2;28;
Steve Nash;G;32:52;3;5;1;1;8;8;0;2;2;2;1;0;3;1;15;
Antawn Jamison;;24:41;1;5;0;2;1;2;1;1;2;1;0;0;1;2;3;
Steve Blake;;15:08;1;1;1;1;0;0;0;1;1;1;0;0;1;1;3;
Jodie Meeks;;10:57;2;3;2;3;0;0;0;0;0;0;2;0;0;1;6;
MIA
LeBron James;F;36:15;12;18;1;2;7;8;1;6;7;4;3;0;4;4;32;
Udonis Haslem;F;12:22;1;2;0;0;0;0;1;4;5;0;0;0;0;4;2;
Chris Bosh;C;33:52;6;13;0;1;0;0;4;7;11;1;2;1;0;2;12;
Dwyane Wade;G;38:54;12;18;0;1;6;6;0;2;2;5;3;1;4;4;30;
Mario Chalmers;G;29:17;6;11;1;2;0;0;1;3;4;3;0;1;0;4;13;
Shane Battier;;29:11;3;5;3;5;0;0;1;1;2;2;1;1;1;2;9;
Chris Andersen;;12:40;0;0;0;0;0;0;0;3;3;0;1;2;0;4;0;
Ray Allen;;20:35;1;6;0;2;0;0;1;0;1;2;0;0;1;3;2;
Norris Cole;;18:43;3;6;1;2;0;0;0;2;2;2;0;0;0;0;7;
Rashard Lewis;;3:19;0;1;0;1;0;0;0;0;0;0;0;0;1;0;0;
Joel Anthony;;4:52;0;0;0;0;0;0;1;0;1;0;0;0;0;0;0;
