11-09;MIA-ATL;95-89;
25-25;17-21;30-25;23-18;
MIA
Shane Battier;F;20:20;1;4;0;2;0;0;0;0;0;0;1;1;1;4;2;
LeBron James;F;35:40;10;17;0;2;1;3;2;9;11;9;1;0;2;2;21;
Chris Bosh;C;37:42;7;13;0;2;10;10;3;2;5;2;3;1;2;2;24;
Mike Miller;G;30:47;1;4;1;4;1;1;2;4;6;2;0;0;1;2;4;
Mario Chalmers;G;26:39;5;10;2;4;0;0;0;1;1;3;1;0;0;2;12;
Ray Allen;;24:03;6;12;3;5;2;2;0;1;1;1;0;0;2;4;17;
Norris Cole;;20:20;3;7;0;2;0;0;0;2;2;4;1;0;0;1;6;
Rashard Lewis;;20:33;3;6;1;1;0;0;0;0;0;1;1;0;4;4;7;
Udonis Haslem;;23:57;1;3;0;0;0;0;1;9;10;0;0;0;2;1;2;
ATL
DeShawn Stevenson;F;24:02;1;7;1;5;0;0;0;1;1;0;0;0;0;0;3;
Josh Smith;F;36:02;6;19;0;2;1;5;3;5;8;0;2;2;3;2;13;
Al Horford;C;34:59;5;9;0;0;0;0;1;6;7;2;0;2;0;1;10;
Kyle Korver;G;30:08;4;10;3;7;0;0;1;1;2;0;1;0;1;5;11;
Jeff Teague;G;27:20;7;8;2;2;4;4;0;3;3;11;0;1;2;2;20;
Devin Harris;;19:37;1;3;0;1;2;2;0;2;2;3;0;0;2;1;4;
Lou Williams;;19:25;0;6;0;3;2;2;0;3;3;3;0;0;2;0;2;
Anthony Tolliver;;13:53;2;3;1;2;0;0;0;3;3;0;1;0;2;1;5;
Zaza Pachulia;;13:41;1;3;0;1;0;0;0;4;4;1;0;0;1;2;2;
Anthony Morrow;;15:29;6;11;2;2;3;3;1;0;1;0;0;0;0;2;17;
Ivan Johnson;;5:24;1;2;0;0;0;0;1;1;2;0;0;0;0;0;2;
