12-20;DEN-POR;93-101;
14-25;26-25;21-19;32-32;
DEN
Danilo Gallinari;F;26:54;1;10;0;2;4;4;3;2;5;0;0;0;1;3;6;
Kenneth Faried;F;17:30;3;10;0;0;0;0;3;5;8;0;0;0;0;3;6;
Kosta Koufos;C;19:49;3;3;0;0;1;2;2;7;9;0;0;2;1;3;7;
Andre Iguodala;G;26:48;5;13;0;6;3;6;2;3;5;4;1;0;3;2;13;
Ty Lawson;G;36:35;6;15;0;4;1;1;0;3;3;8;0;0;0;3;13;
JaVale McGee;;15:29;3;8;0;0;1;2;2;1;3;0;0;2;0;2;7;
Andre Miller;;27:46;5;14;0;2;2;2;0;9;9;7;0;0;1;0;12;
Corey Brewer;;28:56;4;10;0;3;5;6;3;6;9;0;2;0;1;2;13;
Timofey Mozgov;;10:05;2;2;0;0;0;0;1;1;2;0;0;1;1;0;4;
Evan Fournier;;9:14;1;3;0;2;0;0;1;0;1;1;1;0;1;1;2;
Anthony Randolph;;7:48;2;3;0;0;0;0;0;1;1;0;0;1;0;0;4;
Jordan Hamilton;;13:06;3;7;0;3;0;1;0;4;4;0;1;0;0;1;6;
POR
Nicolas Batum;F;39:38;7;15;5;9;3;3;2;4;6;3;1;2;1;3;22;
JJ Hickson;F;34:16;7;16;0;0;4;6;6;12;18;0;0;3;1;3;18;
Joel Freeland;C;14:54;1;4;0;0;0;0;1;2;3;0;0;0;0;1;2;
Wesley Matthews;G;38:42;7;19;4;9;2;2;0;3;3;4;1;1;1;3;20;
Damian Lillard;G;35:23;3;14;1;6;5;6;1;3;4;10;1;0;2;0;12;
Luke Babbitt;;26:19;4;10;4;7;2;2;0;8;8;1;0;0;0;6;14;
Meyers Leonard;;13:42;2;4;0;0;3;3;1;1;2;1;0;0;1;1;7;
Victor Claver;;7:13;0;1;0;1;0;2;1;1;2;0;0;0;2;0;0;
Ronnie Price;;12:50;1;6;0;2;2;2;0;1;1;3;1;1;2;0;4;
Sasha Pavlovic;;14:09;1;2;0;1;0;0;0;2;2;3;1;0;1;4;2;
Will Barton;;2:54;0;1;0;1;0;0;0;1;1;0;0;0;0;0;0;
