01-22;PHI-MIL;102-110;
18-28;29-27;24-28;31-27;
PHI
Evan Turner;F;44:36;8;19;4;7;3;4;0;6;6;7;1;1;2;4;23;
Thaddeus Young;F;37:55;5;16;0;0;1;2;4;5;9;2;2;0;2;1;11;
Lavoy Allen;C;11:43;2;6;0;0;0;0;2;3;5;0;0;1;1;1;4;
Jrue Holiday;G;39:40;3;12;0;1;3;4;3;3;6;12;0;1;8;5;9;
Royal Ivey;G;19:11;3;3;2;2;0;0;3;1;4;0;1;0;0;0;8;
Spencer Hawes;;36:17;10;16;0;1;1;1;6;6;12;2;0;0;1;4;21;
Nick Young;;32:29;8;16;2;5;2;2;1;2;3;3;0;0;2;4;20;
Dorell Wright;;4:12;0;1;0;0;0;0;0;0;0;1;0;0;0;1;0;
Damien Wilkins;;13:57;3;6;0;0;0;0;0;1;1;2;2;0;0;2;6;
MIL
Luc Mbah a Moute;F;20:17;2;6;0;0;1;4;1;2;3;1;0;0;1;1;5;
Ersan Ilyasova;F;36:22;10;17;2;4;5;6;7;9;16;2;3;1;0;2;27;
Larry Sanders;C;32:49;4;10;0;0;1;2;3;2;5;1;0;2;2;3;9;
Monta Ellis;G;43:32;7;10;0;1;4;6;0;5;5;10;2;0;2;2;18;
Brandon Jennings;G;39:02;8;17;3;6;6;6;1;0;1;7;3;0;4;0;25;
Ekpe Udoh;;15:11;2;3;0;0;0;2;0;1;1;1;1;1;0;0;4;
Mike Dunleavy;;27:43;4;7;2;4;1;3;0;3;3;0;1;1;1;4;11;
John Henson;;11:38;4;7;0;0;1;2;0;3;3;0;0;0;1;0;9;
Beno Udrih;;13:26;0;2;0;1;2;2;0;1;1;2;0;0;1;1;2;
