12-28;TOR-NOH;104-97;
21-23;27-19;22-22;21-27;13-6;
TOR
Mickael Pietrus;F;10:41;2;3;1;1;0;0;0;0;0;0;1;0;1;3;5;
Ed Davis;F;29:11;6;12;0;0;1;1;0;5;5;3;0;1;1;4;13;
Aaron Gray;C;15:21;2;3;0;0;1;3;2;2;4;1;0;0;1;4;5;
DeMar DeRozan;G;49:29;9;22;1;3;11;13;1;5;6;1;3;0;0;1;30;
Jose Calderon;G;30:23;1;6;0;3;0;0;0;5;5;6;0;0;1;0;2;
Alan Anderson;;36:10;5;14;2;9;4;5;1;1;2;3;3;0;1;1;16;
Amir Johnson;;37:39;6;9;0;0;0;2;3;5;8;2;1;3;2;4;12;
Kyle Lowry;;27:31;5;7;1;2;6;6;0;3;3;8;1;2;0;4;17;
Linas Kleiza;;4:59;0;1;0;0;0;0;1;2;3;0;0;0;0;0;0;
Terrence Ross;;23:36;1;8;0;6;2;2;1;4;5;0;1;0;0;1;4;
NOH
Lance Thomas;F;27:32;0;0;0;0;1;2;0;4;4;1;0;1;0;5;1;
Anthony Davis;F;34:46;11;20;0;0;3;3;1;8;9;0;1;3;2;4;25;
Robin Lopez;C;27:56;3;8;0;0;3;5;3;5;8;1;0;0;2;1;9;
Austin Rivers;G;41:11;5;12;1;2;0;2;0;3;3;1;1;1;3;1;11;
Greivis Vasquez;G;41:36;7;15;0;1;6;6;1;8;9;14;0;0;6;1;20;
Ryan Anderson;;31:08;7;15;3;6;0;0;4;8;12;0;0;1;1;0;17;
Roger Mason Jr.;;11:12;0;0;0;0;0;0;0;0;0;1;0;0;0;1;0;
Brian Roberts;;16:57;3;9;1;4;3;4;1;0;1;2;0;0;0;5;10;
Jason Smith;;12:10;1;3;0;0;0;0;1;2;3;1;0;0;1;2;2;
Dominic McGuire;;12:03;0;0;0;0;0;0;0;2;2;2;0;0;1;0;0;
Al-Farouq Aminu;;3:48;0;0;0;0;0;0;0;0;0;0;0;0;0;3;0;
Xavier Henry;;4:41;0;0;0;0;2;2;0;0;0;0;0;0;0;0;2;
