12-15;LAC-MIL;111-85;
28-15;27-20;24-27;32-23;
LAC
Caron Butler;F;22:14;3;9;0;1;2;2;1;1;2;2;1;0;1;2;8;
Blake Griffin;F;27:29;7;12;0;0;4;5;3;8;11;1;2;0;0;0;18;
DeAndre Jordan;C;25:29;7;10;0;0;1;4;3;8;11;2;0;0;1;2;15;
Willie Green;G;21:38;2;7;1;3;2;2;1;3;4;0;0;0;0;3;7;
Chris Paul;G;26:26;4;10;1;1;1;1;1;2;3;13;2;0;1;3;10;
Eric Bledsoe;;18:40;3;5;0;0;2;2;0;1;1;5;1;0;2;2;8;
Jamal Crawford;;26:30;2;6;1;2;1;1;0;2;2;5;1;0;3;2;6;
Matt Barnes;;28:32;8;10;0;2;5;6;0;3;3;4;2;1;2;4;21;
Lamar Odom;;22:31;4;5;2;2;0;0;1;4;5;1;0;1;0;2;10;
Ronny Turiaf;;16:55;2;4;0;0;0;0;1;4;5;0;1;1;1;2;4;
Ryan Hollins;;3:36;2;4;0;0;0;1;0;2;2;0;0;0;0;0;4;
MIL
Marquis Daniels;F;36:05;6;13;2;4;2;2;2;3;5;2;2;1;1;3;16;
Luc Mbah a Moute;F;24:30;4;7;1;1;2;2;2;4;6;1;0;0;1;2;11;
Larry Sanders;C;16:57;1;3;0;0;2;2;0;3;3;1;0;1;1;2;4;
Monta Ellis;G;31:32;4;14;0;3;5;7;1;2;3;4;1;0;1;1;13;
Brandon Jennings;G;30:37;3;13;1;6;2;2;0;1;1;3;1;0;4;4;9;
Ekpe Udoh;;20:59;4;5;0;0;1;2;3;2;5;1;0;1;0;3;9;
Ersan Ilyasova;;19:58;2;6;2;4;2;2;1;3;4;0;0;0;0;2;8;
Doron Lamb;;26:33;3;11;0;2;2;6;1;2;3;3;1;0;3;2;8;
Drew Gooden;;12:50;2;6;1;1;0;0;2;2;4;0;1;0;2;3;5;
John Henson;;12:41;1;5;0;0;0;0;2;3;5;0;0;2;0;0;2;
Joel Przybilla;;7:18;0;0;0;0;0;0;0;1;1;0;0;0;0;0;0;
