01-10;MIA-POR;90-92;
21-18;31-21;16-24;22-29;
MIA
LeBron James;F;42:39;6;16;1;5;2;5;0;10;10;9;2;1;4;3;15;
Udonis Haslem;F;26:38;0;2;0;0;0;0;2;6;8;0;0;1;1;3;0;
Chris Bosh;C;39:04;13;18;0;2;3;5;2;2;4;1;2;4;2;5;29;
Dwyane Wade;G;35:21;6;18;0;0;6;6;0;3;3;2;2;0;1;3;18;
Mario Chalmers;G;18:04;1;2;0;1;0;0;0;2;2;3;1;0;1;2;2;
Ray Allen;;29:29;5;11;2;5;3;4;0;5;5;1;1;0;3;2;15;
Mike Miller;;24:16;2;6;1;4;0;0;2;6;8;4;1;0;3;1;5;
Joel Anthony;;11:49;0;1;0;0;0;0;2;2;4;0;0;0;2;2;0;
Norris Cole;;12:39;2;3;2;2;0;0;0;1;1;0;0;0;0;0;6;
POR
Nicolas Batum;F;42:14;8;15;3;9;9;11;3;4;7;5;2;1;2;2;28;
LaMarcus Aldridge;F;42:03;6;19;0;0;8;10;2;13;15;1;2;0;3;3;20;
JJ Hickson;C;34:33;3;11;0;0;2;2;3;7;10;1;0;0;2;3;8;
Wesley Matthews;G;40:03;7;18;3;8;1;1;1;3;4;2;2;0;1;3;18;
Damian Lillard;G;41:13;4;11;2;7;0;2;0;3;3;8;2;0;2;0;10;
Joel Freeland;;6:54;0;0;0;0;0;0;2;1;3;0;0;0;0;2;0;
Sasha Pavlovic;;10:20;1;3;1;2;0;0;0;1;1;1;0;1;2;2;3;
Luke Babbitt;;2:38;0;1;0;1;0;0;0;0;0;0;0;0;0;0;0;
Ronnie Price;;10:53;1;1;0;0;3;4;0;0;0;0;2;0;1;0;5;
Jared Jeffries;;9:09;0;1;0;0;0;0;0;2;2;0;0;0;1;0;0;
