01-02;MEM-BOS;93-83;
25-26;25-15;25-18;18-24;
MEM
Rudy Gay;F;35:35;6;15;2;6;5;6;0;6;6;5;1;1;2;4;19;
Zach Randolph;F;30:07;3;8;0;0;0;2;2;6;8;2;0;1;1;1;6;
Marc Gasol;C;39:40;1;7;0;0;3;4;1;6;7;4;4;0;3;3;5;
Tony Allen;G;30:19;6;8;0;1;3;4;2;3;5;2;1;0;0;3;15;
Mike Conley;G;43:35;8;15;3;6;4;4;0;3;3;9;1;0;1;3;23;
Marreese Speights;;13:55;4;6;0;0;2;2;2;4;6;0;0;0;1;0;10;
Jerryd Bayless;;1:57;0;0;0;0;0;0;0;0;0;0;0;0;2;0;0;
Darrell Arthur;;22:34;4;7;2;3;0;0;1;2;3;0;0;1;0;1;10;
Wayne Ellington;;19:10;2;5;1;2;0;0;0;1;1;0;1;0;2;1;5;
Tony Wroten;;2:28;0;0;0;0;0;0;0;0;0;1;0;0;1;0;0;
Hamed Haddadi;;0:40;0;0;0;0;0;0;0;0;0;0;0;0;0;1;0;
BOS
Paul Pierce;F;34:05;6;14;4;8;1;2;0;7;7;2;2;0;0;4;17;
Kevin Garnett;F;31:55;5;14;0;1;2;5;0;7;7;5;0;0;3;1;12;
Jason Collins;C;18:18;1;1;0;0;0;0;0;1;1;0;1;0;1;2;2;
Avery Bradley;G;19:31;2;6;0;2;0;0;0;0;0;0;1;0;0;3;4;
Rajon Rondo;G;39:46;4;11;0;4;3;4;1;1;2;10;0;0;3;1;11;
Brandon Bass;;23:15;3;5;0;0;3;3;0;1;1;1;2;0;1;1;9;
Jason Terry;;27:03;3;5;2;4;0;0;0;2;2;2;1;0;1;0;8;
Jared Sullinger;;19:18;1;6;0;0;0;0;1;4;5;0;0;0;0;6;2;
Jeff Green;;14:30;4;5;2;3;0;0;1;1;2;1;1;1;1;2;10;
Courtney Lee;;12:19;3;4;0;0;2;2;0;0;0;1;0;0;0;2;8;
