02-24;SAC-NOH;95-110;
27-30;20-23;26-26;22-31;
SAC
John Salmons;F;36:43;6;14;6;7;0;0;1;2;3;3;0;1;2;0;18;
Jason Thompson;F;28:16;8;11;0;0;0;0;4;5;9;0;0;1;3;2;16;
DeMarcus Cousins;C;37:20;5;13;0;0;6;6;1;9;10;2;2;0;2;2;16;
Tyreke Evans;G;34:10;4;16;2;3;2;2;1;2;3;4;1;0;0;2;12;
Isaiah Thomas;G;33:48;6;14;1;3;3;3;1;2;3;5;2;0;1;2;16;
Marcus Thornton;;30:30;4;7;2;3;2;2;2;2;4;3;0;0;2;1;12;
James Johnson;;15:02;0;2;0;1;0;0;0;1;1;0;0;2;1;4;0;
Jimmer Fredette;;9:13;1;4;1;2;0;0;0;2;2;2;0;0;1;1;3;
Charles Hayes;;12:33;0;0;0;0;0;0;1;2;3;1;0;0;0;1;0;
Patrick Patterson;;2:25;1;2;0;0;0;0;0;0;0;0;0;0;1;1;2;
NOH
Al-Farouq Aminu;F;30:42;2;6;0;1;0;0;1;7;8;2;3;3;1;2;4;
Anthony Davis;F;27:45;9;14;0;0;2;2;3;5;8;1;0;0;0;1;20;
Robin Lopez;C;26:45;6;11;0;0;0;0;3;4;7;1;0;2;0;1;12;
Eric Gordon;G;29:17;6;13;0;3;5;5;0;1;1;8;1;0;5;2;17;
Greivis Vasquez;G;38:12;5;12;0;2;2;2;1;4;5;13;0;0;1;2;12;
Ryan Anderson;;23:39;7;12;2;3;1;1;5;4;9;3;0;1;1;1;17;
Austin Rivers;;21:41;2;5;1;2;0;1;0;1;1;0;0;0;0;1;5;
Roger Mason Jr.;;16:43;4;7;3;4;2;2;0;2;2;0;0;1;1;0;13;
Jason Smith;;15:29;3;6;0;0;2;2;2;2;4;2;1;2;0;2;8;
Brian Roberts;;6:50;1;3;0;1;0;0;0;1;1;1;0;0;0;1;2;
Darius Miller;;0:59;0;0;0;0;0;0;0;0;0;0;0;0;0;0;0;
Xavier Henry;;0:59;0;0;0;0;0;0;0;0;0;0;0;0;0;0;0;
Lance Thomas;;0:59;0;0;0;0;0;0;0;0;0;0;0;0;0;0;0;
