11-21;DEN-MIN;101-94;
15-26;29-32;25-15;32-21;
DEN
Danilo Gallinari;F;34:49;6;11;1;2;6;6;1;5;6;0;0;2;2;3;19;
Kenneth Faried;F;35:20;2;4;0;0;0;0;3;11;14;0;0;0;4;6;4;
Kosta Koufos;C;23:10;3;6;0;0;0;0;3;5;8;0;1;3;1;2;6;
Andre Iguodala;G;35:35;7;16;3;5;1;1;2;7;9;2;2;1;2;1;18;
Ty Lawson;G;33:15;5;12;2;5;6;8;1;1;2;9;1;0;4;3;18;
JaVale McGee;;14:47;2;7;0;0;2;2;1;0;1;0;1;1;2;4;6;
Jordan Hamilton;;18:50;3;8;3;6;3;4;1;5;6;0;0;0;1;2;12;
Andre Miller;;27:26;4;9;0;2;3;4;1;1;2;5;0;0;3;2;11;
Corey Brewer;;16:48;3;6;0;1;1;1;1;0;1;0;0;1;1;1;7;
MIN
Andrei Kirilenko;F;34:54;2;7;0;1;3;4;3;5;8;2;3;1;2;2;7;
Kevin Love;F;34:51;12;25;2;9;8;14;5;9;14;2;2;1;3;4;34;
Nikola Pekovic;C;30:16;4;8;0;0;2;2;2;5;7;0;0;1;2;2;10;
Malcolm Lee;G;24:36;1;8;0;2;0;2;2;1;3;3;2;0;0;1;2;
Luke Ridnour;G;30:50;3;8;1;2;1;1;0;0;0;6;0;0;3;4;8;
Jose Juan Barea;;19:51;4;12;4;7;0;0;2;2;4;3;1;0;3;3;12;
Dante Cunningham;;22:19;2;4;0;0;0;0;1;2;3;0;0;1;1;0;4;
Alexey Shved;;20:43;3;9;2;5;0;0;0;2;2;3;0;0;1;2;8;
Josh Howard;;13:06;2;6;1;2;2;2;1;2;3;0;2;0;0;2;7;
Greg Stiemsma;;4:31;0;1;0;0;0;0;0;0;0;0;0;0;0;0;0;
Lou Amundson;;4:03;1;1;0;0;0;0;1;0;1;0;1;0;0;1;2;
