10-30;DAL-LAL;99-91;
25-29;23-17;26-20;25-25;
DAL
Shawn Marion;F;32:53;5;11;0;0;1;1;2;7;9;4;1;1;2;4;11;
Elton Brand;F;36:12;3;10;0;0;2;2;2;9;11;2;1;1;0;4;8;
Brandan Wright;C;19:31;5;5;0;0;4;5;1;4;5;0;0;3;3;3;14;
O.J. Mayo;G;31:10;4;13;2;4;2;2;1;0;1;3;1;0;2;0;12;
Darren Collison;G;32:00;8;12;0;1;1;2;0;2;2;4;3;0;2;2;17;
Vince Carter;;26:50;5;12;0;4;1;2;0;4;4;2;1;0;1;3;11;
Eddy Curry;;16:44;3;7;0;0;1;2;2;2;4;0;0;0;1;4;7;
Jae Crowder;;19:30;3;7;2;4;0;0;0;3;3;2;1;0;0;1;8;
Rodrigue Beaubois;;16:50;4;8;1;2;2;2;1;0;1;5;1;0;0;2;11;
Dahntay Jones;;8:22;0;0;0;0;0;0;0;0;0;0;0;0;0;2;0;
LAL
Metta World Peace;F;36:29;1;8;0;3;1;2;2;6;8;4;3;0;3;1;3;
Pau Gasol;F;40:19;8;19;1;1;6;8;4;9;13;6;0;3;2;2;23;
Dwight Howard;C;37:59;8;12;0;0;3;14;4;6;10;2;0;1;3;6;19;
Kobe Bryant;G;34:52;11;14;0;0;0;0;0;1;1;0;1;0;2;3;22;
Steve Nash;G;34:09;3;9;1;4;0;0;0;2;2;4;0;1;1;1;7;
Steve Blake;;13:51;0;2;0;1;0;0;0;0;0;6;1;0;1;2;0;
Jodie Meeks;;13:04;1;3;1;3;0;0;0;2;2;0;0;0;1;1;3;
Antawn Jamison;;15:02;2;4;0;1;1;1;1;4;5;2;1;0;0;3;5;
Jordan Hill;;14:15;4;6;0;0;1;6;4;1;5;0;0;0;1;2;9;
