01-16;CHI-TOR;107-105;
29-22;23-22;27-29;21-27;7-5;
CHI
Luol Deng;F;47:41;6;14;1;2;6;6;1;5;6;7;1;1;1;1;19;
Carlos Boozer;F;40:33;16;24;0;1;4;4;4;8;12;3;1;0;2;5;36;
Joakim Noah;C;47:40;5;14;0;0;6;8;6;8;14;4;2;1;0;3;16;
Richard Hamilton;G;18:18;6;9;2;3;1;1;0;1;1;5;0;0;1;2;15;
Kirk Hinrich;G;33:50;1;3;0;1;1;2;1;3;4;3;3;0;3;6;3;
Marco Belinelli;;34:36;2;9;0;3;6;9;0;3;3;2;0;0;3;3;10;
Taj Gibson;;17:43;3;9;0;0;2;6;2;2;4;0;0;0;3;6;8;
Jimmy Butler;;6:09;0;1;0;0;0;0;0;0;0;0;0;0;1;1;0;
Nate Robinson;;18:25;0;3;0;1;0;0;0;2;2;2;0;0;0;3;0;
Daequan Cook;;0:04;0;0;0;0;0;0;0;0;0;0;0;0;0;0;0;
TOR
Landry Fields;F;18:24;0;3;0;0;1;2;2;3;5;0;0;1;1;1;1;
Ed Davis;F;38:06;5;12;0;0;1;2;2;4;6;1;0;2;1;4;11;
Aaron Gray;C;4:37;0;0;0;0;0;0;0;0;0;0;0;0;1;2;0;
DeMar DeRozan;G;40:07;6;13;0;0;6;6;0;3;3;1;0;0;2;4;18;
Jose Calderon;G;21:10;3;10;0;3;3;3;0;2;2;6;0;0;1;0;9;
Amir Johnson;;44:03;2;9;0;0;1;4;5;5;10;2;2;1;4;5;5;
Alan Anderson;;35:01;10;18;4;9;3;4;1;4;5;1;1;0;1;6;27;
Kyle Lowry;;34:29;8;15;2;4;8;11;2;3;5;7;2;0;0;2;26;
Quincy Acy;;14:50;4;4;0;0;0;0;1;5;6;2;1;1;0;4;8;
Terrence Ross;;14:13;0;1;0;0;0;0;0;1;1;0;0;0;1;1;0;
