12-10;DET-PHI;97-104;
21-25;28-21;26-30;22-28;
DET
Tayshaun Prince;F;37:12;6;12;0;1;4;4;4;4;8;2;1;1;1;0;16;
Jason Maxiell;F;26:00;1;10;0;0;0;0;4;7;11;0;1;2;4;3;2;
Greg Monroe;C;34:30;7;13;0;0;8;10;1;6;7;3;1;0;2;3;22;
Kyle Singler;G;29:08;2;4;1;1;0;0;0;2;2;2;0;0;0;2;5;
Brandon Knight;G;37:58;8;18;2;6;4;6;2;1;3;4;2;0;2;4;22;
Rodney Stuckey;;31:24;5;14;0;4;9;9;0;2;2;5;0;0;2;2;19;
Corey Maggette;;8:21;0;2;0;1;3;4;1;1;2;0;0;0;0;0;3;
Andre Drummond;;13:30;0;1;0;0;0;0;0;0;0;1;0;2;0;2;0;
Charlie Villanueva;;21:57;3;7;2;5;0;0;2;3;5;1;2;0;2;4;8;
PHI
Evan Turner;F;39:54;8;13;1;1;1;2;1;10;11;7;0;0;1;2;18;
Thaddeus Young;F;37:12;9;13;0;0;2;6;3;1;4;1;5;0;2;3;20;
Lavoy Allen;C;17:12;2;5;0;0;0;0;2;3;5;0;1;2;0;4;4;
Jason Richardson;G;35:55;4;11;2;5;3;4;1;6;7;1;0;0;1;3;13;
Jrue Holiday;G;36:49;11;20;1;4;2;4;1;4;5;8;2;1;3;4;25;
Nick Young;;17:56;1;2;0;0;1;2;0;1;1;1;0;0;2;2;3;
Spencer Hawes;;31:34;7;14;0;1;1;2;4;4;8;2;0;3;1;4;15;
Dorell Wright;;18:05;1;2;0;0;1;2;1;3;4;2;0;1;0;1;3;
Arnett Moultrie;;1:34;0;0;0;0;0;0;0;0;0;0;0;0;0;0;0;
Maalik Wayns;;3:49;1;2;0;0;1;1;0;0;0;1;0;0;1;2;3;
