12-29;BOS-GSW;83-101;
23-29;17-28;27-19;16-25;
BOS
Paul Pierce;F;32:46;4;20;2;9;3;3;1;3;4;3;1;0;2;4;13;
Kevin Garnett;F;23:21;3;6;0;0;0;0;0;3;3;4;2;0;2;1;6;
Jason Collins;C;8:35;0;0;0;0;2;2;0;1;1;1;0;0;1;1;2;
Jason Terry;G;39:56;6;19;1;7;0;0;0;2;2;3;2;0;3;2;13;
Courtney Lee;G;40:25;6;13;2;3;4;4;0;5;5;0;1;0;0;2;18;
Brandon Bass;;25:39;3;6;0;0;4;5;3;2;5;3;1;1;2;2;10;
Jared Sullinger;;24:54;6;8;0;0;0;1;5;3;8;1;1;0;1;2;12;
Jeff Green;;33:38;2;11;0;2;2;4;4;5;9;3;2;2;2;1;6;
Kris Joseph;;5:27;1;3;0;1;0;0;0;1;1;0;0;0;0;0;2;
Jarvis Varnado;;5:19;0;0;0;0;1;2;0;0;0;0;0;0;0;0;1;
GSW
Harrison Barnes;F;25:55;5;6;3;4;2;2;0;8;8;0;0;0;2;0;15;
David Lee;F;32:14;10;15;0;0;0;0;0;5;5;4;1;0;3;2;20;
Festus Ezeli;C;20:40;0;3;0;0;2;2;1;2;3;1;1;5;3;2;2;
Klay Thompson;G;26:12;4;9;3;6;2;2;0;6;6;1;1;2;0;3;13;
Stephen Curry;G;34:43;8;13;4;5;2;2;1;3;4;9;3;2;5;3;22;
Jarrett Jack;;32:32;6;14;2;4;0;0;1;3;4;4;0;0;1;1;14;
Carl Landry;;22:37;1;4;0;0;1;2;1;6;7;1;0;0;3;3;3;
Andris Biedrins;;14:29;0;0;0;0;0;2;0;5;5;0;1;1;0;3;0;
Draymond Green;;12:03;1;2;0;0;4;4;0;2;2;0;0;0;1;4;6;
Charles Jenkins;;10:20;2;4;0;0;0;0;0;0;0;0;1;0;0;0;4;
Jeremy Tyler;;2:45;0;1;0;0;0;0;1;1;2;0;0;0;0;1;0;
Richard Jefferson;;2:45;0;1;0;0;0;0;0;0;0;0;0;0;0;0;0;
Kent Bazemore;;2:45;1;1;0;0;0;0;0;0;0;1;0;0;0;0;2;
