02-20;NYK-IND;91-125;
18-30;26-44;22-28;25-23;
NYK
Iman Shumpert;F;25:19;1;7;0;4;2;2;1;1;2;1;1;1;1;1;4;
Carmelo Anthony;F;28:23;7;21;1;6;0;2;2;4;6;1;0;0;2;5;15;
Tyson Chandler;C;33:50;4;9;0;0;11;11;4;7;11;0;1;1;1;2;19;
Raymond Felton;G;27:48;5;13;0;2;2;2;1;0;1;3;1;0;2;3;12;
Jason Kidd;G;17:05;0;3;0;3;0;0;0;1;1;2;3;0;1;2;0;
J.R. Smith;;19:03;1;7;0;1;3;6;0;1;1;1;1;0;3;1;5;
Amar'e Stoudemire;;21:46;1;5;0;0;5;6;2;5;7;1;0;0;2;4;7;
Steve Novak;;22:41;3;7;3;7;2;2;0;6;6;0;2;1;0;2;11;
Pablo Prigioni;;20:12;1;2;1;2;2;2;2;0;2;8;2;0;2;1;5;
Kurt Thomas;;9:40;0;1;0;0;0;0;1;0;1;0;1;0;0;6;0;
Chris Copeland;;10:09;6;9;0;2;1;3;0;1;1;0;1;0;1;2;13;
Ronnie Brewer;;2:02;0;1;0;0;0;0;0;0;0;0;0;0;0;0;0;
James White;;2:02;0;1;0;1;0;0;0;0;0;0;0;0;0;0;0;
IND
Paul George;F;33:21;11;19;4;9;1;1;1;7;8;3;1;2;2;2;27;
David West;F;27:24;6;11;0;0;6;8;3;6;9;4;1;2;3;2;18;
Roy Hibbert;C;17:39;4;5;0;0;0;0;0;4;4;1;0;2;3;6;8;
Lance Stephenson;G;28:14;5;8;1;3;3;4;0;5;5;3;2;0;3;1;14;
George Hill;G;28:21;3;5;1;3;3;4;0;2;2;5;2;1;1;1;10;
Tyler Hansbrough;;18:43;2;3;0;0;6;10;3;2;5;1;0;1;1;2;10;
Ian Mahinmi;;9:33;1;3;0;0;0;0;0;1;1;0;0;0;2;5;2;
Orlando Johnson;;13:37;2;7;2;2;2;2;2;2;4;1;1;0;0;0;8;
D.J. Augustin;;14:15;2;3;2;3;3;3;0;2;2;4;0;0;2;1;9;
Sam Young;;14:39;2;3;0;0;3;4;3;2;5;4;1;0;2;2;7;
Jeff Ayres;;22:41;3;5;0;0;3;3;2;5;7;2;0;0;1;2;9;
Gerald Green;;6:09;1;5;1;2;0;0;0;2;2;0;0;1;0;0;3;
Ben Hansbrough;;5:24;0;2;0;2;0;0;0;0;0;0;0;0;1;1;0;
