02-19;TOR-WAS;96-88;
27-19;28-27;18-19;23-23;
TOR
Rudy Gay;F;37:15;10;25;3;6;1;1;3;5;8;1;3;0;5;1;24;
Amir Johnson;F;39:24;2;4;0;0;2;2;2;3;5;2;2;2;0;4;6;
Jonas Valanciunas;C;20:43;2;2;0;0;3;4;0;8;8;1;0;1;1;3;7;
DeMar DeRozan;G;36:38;9;18;0;0;6;7;0;3;3;3;3;0;4;4;24;
Kyle Lowry;G;31:40;3;6;1;3;4;4;1;5;6;10;1;0;4;2;11;
Andrea Bargnani;;25:36;4;7;1;3;0;0;1;3;4;1;1;1;1;1;9;
Alan Anderson;;23:37;1;9;1;5;2;2;0;5;5;1;0;1;0;3;5;
John Lucas III;;16:20;4;7;2;3;0;0;0;1;1;1;0;0;0;0;10;
Aaron Gray;;5:25;0;0;0;0;0;0;1;1;2;0;0;0;1;1;0;
Terrence Ross;;3:22;0;0;0;0;0;0;0;0;0;0;0;0;0;0;0;
WAS
Martell Webster;F;37:51;5;9;3;5;3;4;2;6;8;4;0;0;1;4;16;
Nene;F;35:39;3;11;0;0;1;2;3;4;7;3;0;0;3;3;7;
Emeka Okafor;C;28:40;5;10;0;0;2;2;2;7;9;1;0;1;1;1;12;
Bradley Beal;G;33:01;9;19;3;6;4;6;2;2;4;1;0;0;0;1;25;
John Wall;G;31:11;1;12;0;0;7;8;0;3;3;6;3;2;7;3;9;
Kevin Seraphin;;3:48;0;0;0;0;0;0;0;2;2;0;0;0;2;2;0;
Trevor Ariza;;30:46;1;4;0;1;3;3;0;3;3;3;3;0;1;3;5;
Trevor Booker;;20:22;4;6;0;0;2;2;3;3;6;1;0;0;1;1;10;
A.J. Price;;16:49;2;7;0;3;0;0;0;2;2;1;0;0;0;1;4;
Chris Singleton;;1:53;0;0;0;0;0;0;0;0;0;0;0;0;0;1;0;
