12-07;LAL-OKC;108-114;
27-26;26-41;22-22;33-25;
LAL
Metta World Peace;F;36:33;2;6;1;5;3;4;1;3;4;0;1;0;1;1;8;
Antawn Jamison;F;29:29;4;11;0;4;1;2;4;1;5;1;2;0;1;2;9;
Dwight Howard;C;41:14;9;17;0;1;5;7;6;12;18;3;0;1;6;4;23;
Kobe Bryant;G;43:30;11;24;4;5;9;10;0;3;3;7;3;2;5;5;35;
Chris Duhon;G;36:03;5;8;4;7;0;0;0;3;3;3;2;0;2;2;14;
Darius Morris;;8:34;0;3;0;0;0;0;0;0;0;2;0;0;0;1;0;
Jordan Hill;;15:33;1;4;0;0;0;0;3;4;7;0;1;2;0;1;2;
Jodie Meeks;;19:49;4;8;2;4;7;8;1;4;5;0;2;0;1;4;17;
Devin Ebanks;;9:15;0;3;0;2;0;0;0;0;0;1;0;0;1;3;0;
OKC
Kevin Durant;F;43:44;10;19;2;4;14;16;2;7;9;4;0;0;3;4;36;
Serge Ibaka;F;30:40;7;14;0;1;0;0;3;3;6;0;1;1;0;2;14;
Kendrick Perkins;C;23:17;0;2;0;0;0;0;0;3;3;2;0;1;2;5;0;
Thabo Sefolosha;G;34:13;2;4;1;1;0;0;2;3;5;2;3;0;1;3;5;
Russell Westbrook;G;40:05;12;26;5;8;4;6;0;1;1;8;1;0;2;3;33;
Kevin Martin;;25:36;4;8;1;2;2;2;0;1;1;3;1;0;1;1;11;
Nick Collison;;16:49;5;7;0;0;3;4;3;4;7;1;0;1;2;3;13;
Hasheem Thabeet;;18:06;1;3;0;0;0;0;1;3;4;0;0;0;1;3;2;
Eric Maynor;;7:30;0;1;0;1;0;0;0;0;0;2;0;0;2;0;0;
