02-02;NOH-MIN;86-115;
14-33;17-25;24-23;31-34;
NOH
Al-Farouq Aminu;F;23:37;0;2;0;0;2;2;0;3;3;0;3;1;4;2;2;
Anthony Davis;F;28:59;6;12;0;0;6;7;4;0;4;1;2;1;1;5;18;
Robin Lopez;C;25:15;7;10;0;0;2;2;0;2;2;0;1;0;3;2;16;
Roger Mason Jr.;G;19:35;1;4;1;4;0;0;0;3;3;0;2;0;2;0;3;
Greivis Vasquez;G;26:01;3;11;0;1;1;1;1;5;6;7;0;0;5;3;7;
Ryan Anderson;;19:49;2;8;1;5;3;4;1;1;2;1;0;0;2;2;8;
Xavier Henry;;16:20;2;5;0;0;2;3;0;2;2;0;1;0;1;4;6;
Austin Rivers;;22:25;2;6;0;0;5;8;1;0;1;4;0;1;1;2;9;
Darius Miller;;13:18;1;2;0;1;0;0;0;0;0;0;0;1;0;2;2;
Jason Smith;;17:09;2;4;0;0;2;2;1;2;3;0;0;0;3;2;6;
Brian Roberts;;14:46;2;6;1;3;2;2;1;1;2;2;2;0;1;0;7;
Lance Thomas;;12:46;0;0;0;0;2;2;0;0;0;0;1;0;0;1;2;
MIN
Andrei Kirilenko;F;26:32;4;7;1;2;3;6;1;5;6;3;2;0;3;1;12;
Derrick Williams;F;13:53;1;3;0;1;3;4;1;2;3;0;1;0;1;1;5;
Nikola Pekovic;C;23:51;5;10;0;0;4;5;3;4;7;0;1;1;3;4;14;
Luke Ridnour;G;23:54;3;8;1;3;0;0;0;1;1;4;2;0;3;1;7;
Ricky Rubio;G;22:31;3;5;0;0;3;4;2;1;3;7;1;0;1;3;9;
Dante Cunningham;;26:08;9;9;0;0;0;0;2;2;4;1;2;0;1;2;18;
Alexey Shved;;25:29;4;11;1;5;3;4;1;3;4;8;0;1;2;1;12;
Jose Juan Barea;;24:06;2;7;1;2;0;0;0;4;4;6;0;0;3;1;5;
Greg Stiemsma;;16:10;3;4;0;0;2;2;1;2;3;0;1;2;0;3;8;
Mickael Gelabale;;21:28;4;5;1;2;2;2;1;4;5;0;1;0;1;3;11;
Lou Amundson;;7:59;4;5;0;0;0;2;2;1;3;1;0;0;0;2;8;
Chris Johnson;;7:59;3;3;0;0;0;0;1;0;1;0;1;1;0;5;6;
