11-27;IND-LAL;79-77;
25-21;15-12;21-24;18-20;
IND
Paul George;F;32:40;5;13;2;6;0;2;1;8;9;2;2;0;2;4;12;
David West;F;36:23;7;15;0;0;2;4;0;10;10;8;0;2;5;4;16;
Roy Hibbert;C;17:57;4;7;0;0;0;1;3;2;5;0;2;3;2;6;8;
Lance Stephenson;G;28:36;2;7;0;3;0;0;1;3;4;0;0;0;0;3;4;
George Hill;G;36:19;7;13;1;4;4;5;1;4;5;5;1;0;4;3;19;
Ian Mahinmi;;30:03;2;5;0;0;7;10;2;4;6;0;1;1;1;4;11;
Gerald Green;;16:26;1;8;1;3;0;0;1;1;2;0;1;0;0;2;3;
D.J. Augustin;;11:41;1;5;0;2;1;1;0;1;1;0;0;0;2;2;3;
Sam Young;;18:18;0;4;0;1;0;0;0;4;4;1;1;0;1;3;0;
Tyler Hansbrough;;11:37;0;2;0;0;3;4;1;3;4;1;1;0;0;1;3;
LAL
Metta World Peace;F;38:60;1;8;1;5;1;4;5;7;12;4;1;0;2;4;4;
Pau Gasol;F;31:54;2;9;0;1;6;6;4;5;9;3;0;1;1;3;10;
Dwight Howard;C;34:28;7;10;0;0;3;12;1;7;8;0;1;4;2;5;17;
Kobe Bryant;G;43:44;12;28;5;11;11;13;0;10;10;3;3;0;10;2;40;
Darius Morris;G;22:11;0;6;0;3;1;4;1;0;1;0;3;0;0;1;1;
Antawn Jamison;;22:42;1;7;0;2;1;4;2;2;4;0;1;0;2;1;3;
Chris Duhon;;24:49;0;3;0;3;0;0;0;3;3;3;1;0;0;4;0;
Jordan Hill;;14:04;1;2;0;0;0;0;2;5;7;0;0;0;1;3;2;
Jodie Meeks;;7:09;0;3;0;3;0;0;0;2;2;0;0;0;1;2;0;
