11-18;HOU-LAL;108-119;
29-40;31-28;27-30;21-21;
HOU
Chandler Parsons;F;29:18;8;10;4;5;4;5;0;1;1;3;1;0;1;4;24;
Patrick Patterson;F;26:32;7;13;0;1;0;0;2;6;8;1;1;0;0;2;14;
Omer Asik;C;27:16;4;6;0;0;0;4;2;7;9;2;1;0;2;3;8;
James Harden;G;38:19;7;18;3;7;3;5;0;2;2;7;1;0;5;2;20;
Jeremy Lin;G;31:13;2;9;0;1;1;1;0;1;1;10;1;0;3;2;5;
Greg Smith;;7:38;2;2;0;0;2;2;3;2;5;1;0;0;0;0;6;
Marcus Morris;;25:28;5;12;2;6;0;0;3;5;8;1;0;0;1;1;12;
Terrence Jones;;19:54;4;7;0;1;0;0;0;4;4;3;2;1;0;2;8;
Toney Douglas;;16:47;2;5;0;1;1;1;0;0;0;1;0;0;2;3;5;
Cole Aldrich;;12:44;3;6;0;0;0;0;1;3;4;1;0;0;1;3;6;
Daequan Cook;;4:52;0;2;0;1;0;0;0;0;0;0;1;0;0;0;0;
LAL
Metta World Peace;F;29:14;5;8;1;3;4;5;0;3;3;2;1;0;1;4;15;
Pau Gasol;F;36:09;7;13;0;0;3;4;3;2;5;3;1;0;1;0;17;
Dwight Howard;C;38:54;11;18;0;0;6;12;2;11;13;1;1;3;1;1;28;
Kobe Bryant;G;35:12;9;18;1;3;3;5;1;10;11;11;3;0;3;4;22;
Darius Morris;G;31:14;5;8;2;3;0;0;0;2;2;5;2;0;2;0;12;
Chris Duhon;;19:35;2;3;2;3;0;0;1;0;1;2;2;0;1;3;6;
Jordan Hill;;16:38;3;3;0;0;2;2;2;3;5;1;0;0;3;1;8;
Antawn Jamison;;19:07;3;8;2;5;0;0;0;1;1;1;0;0;1;1;8;
Jodie Meeks;;12:48;1;6;1;3;0;0;0;0;0;1;0;0;0;1;3;
Robert Sacre;;1:09;0;0;0;0;0;0;0;0;0;0;0;0;0;0;0;
