03-05;BOS-PHI;109-101;
26-23;27-23;26-28;30-27;
BOS
Paul Pierce;F;29:41;6;10;4;4;2;2;3;8;11;7;0;0;5;3;18;
Brandon Bass;F;24:45;2;5;0;0;1;1;1;3;4;1;0;1;0;2;5;
Kevin Garnett;C;28:04;9;17;0;0;0;0;1;5;6;1;0;2;6;4;18;
Courtney Lee;G;29:35;2;7;1;3;0;0;2;2;4;4;3;0;1;1;5;
Avery Bradley;G;34:12;10;15;2;4;0;0;2;5;7;5;1;0;4;0;22;
Chris Wilcox;;16:54;2;6;0;1;0;0;1;5;6;0;0;2;1;2;4;
Jeff Green;;28:22;4;8;1;1;7;9;2;2;4;5;1;0;1;2;16;
Jason Terry;;25:38;3;7;1;2;2;2;0;3;3;6;1;0;2;1;9;
Jordan Crawford;;16:17;4;7;2;3;2;2;0;4;4;3;1;0;1;1;12;
Terrence Williams;;6:33;0;1;0;1;0;0;0;0;0;2;0;0;1;0;0;
PHI
Evan Turner;F;44:12;6;19;1;4;5;5;3;6;9;7;2;0;2;5;18;
Thaddeus Young;F;33:01;9;20;0;0;1;3;7;3;10;0;2;1;1;1;19;
Spencer Hawes;C;28:05;7;12;0;0;0;0;4;2;6;1;0;2;2;2;14;
Royal Ivey;G;36:34;4;9;2;7;0;0;0;2;2;3;3;0;1;3;10;
Jrue Holiday;G;41:55;6;17;0;3;6;6;2;3;5;10;4;0;5;2;18;
Arnett Moultrie;;19:30;5;5;0;0;0;0;3;1;4;0;1;0;0;2;10;
Damien Wilkins;;10:37;1;4;0;0;0;2;0;1;1;1;0;0;1;1;2;
Dorell Wright;;23:03;3;13;2;7;2;2;0;7;7;2;2;0;2;2;10;
Lavoy Allen;;3:03;0;1;0;0;0;0;0;1;1;0;0;0;0;0;0;
