03-09;UTA-NYK;84-113;
21-25;17-30;21-23;25-35;
UTA
DeMarre Carroll;F;16:20;1;3;1;2;0;0;1;2;3;0;0;1;1;1;3;
Derrick Favors;F;23:14;2;5;0;0;0;0;3;2;5;3;0;1;0;4;4;
Al Jefferson;C;24:45;3;9;0;0;1;2;0;4;4;0;0;0;0;3;7;
Randy Foye;G;17:46;2;10;2;7;0;0;0;1;1;1;1;0;0;2;6;
Mo Williams;G;24:28;3;8;1;2;1;1;0;3;3;4;0;0;5;3;8;
Jamaal Tinsley;;19:28;2;6;1;3;1;2;0;1;1;2;1;0;2;1;6;
Gordon Hayward;;27:36;3;8;2;6;5;6;0;5;5;0;2;0;5;0;13;
Marvin Williams;;19:45;3;6;0;2;1;1;2;5;7;0;0;0;2;4;7;
Enes Kanter;;25:57;4;7;1;1;2;2;4;3;7;2;0;0;1;1;11;
Alec Burks;;26:46;5;12;0;2;4;5;0;1;1;1;0;0;2;1;14;
Jeremy Evans;;5:47;1;1;0;0;1;2;1;2;3;0;0;0;0;1;3;
Earl Watson;;4:04;0;0;0;0;0;0;0;0;0;0;0;0;1;1;0;
Kevin Murphy;;4:04;1;3;0;1;0;0;0;0;0;0;0;0;0;1;2;
NYK
Kurt Thomas;F;8:41;2;4;0;0;0;0;0;0;0;1;0;0;0;0;4;
James White;F;17:22;1;3;1;2;0;0;0;1;1;2;0;0;0;1;3;
Tyson Chandler;C;25:19;2;4;0;0;2;2;0;9;9;0;0;2;1;4;6;
Raymond Felton;G;24:25;6;10;1;3;2;2;0;1;1;4;0;0;3;2;15;
Iman Shumpert;G;27:10;1;3;0;0;8;10;0;5;5;1;4;0;1;0;10;
Kenyon Martin;;21:34;4;6;0;0;2;2;2;4;6;1;2;0;1;3;10;
J.R. Smith;;28:04;10;18;4;8;0;2;2;4;6;3;0;0;3;2;24;
Jason Kidd;;16:14;0;5;0;5;2;2;1;4;5;1;1;0;1;2;2;
Steve Novak;;26:13;7;12;5;10;1;1;0;0;0;2;1;0;0;0;20;
Marcus Camby;;13:57;0;2;0;0;0;2;0;1;1;1;2;1;0;1;0;
Pablo Prigioni;;23:40;1;2;1;2;4;4;3;2;5;5;0;0;1;1;7;
Chris Copeland;;7:21;4;6;1;2;3;3;0;0;0;0;1;0;1;3;12;
