11-03;SAC-IND;98-106;
24-18;18-38;24-18;25-17;5-5;2-10;
SAC
James Johnson;F;19:53;1;5;0;1;2;2;1;1;2;1;1;3;2;0;4;
Jason Thompson;F;23:49;2;6;0;0;0;0;0;2;2;1;0;3;0;3;4;
DeMarcus Cousins;C;37:11;8;23;0;0;3;6;7;5;12;1;4;1;1;3;19;
Tyreke Evans;G;39:27;5;13;0;0;4;4;1;7;8;4;3;2;4;3;14;
Isaiah Thomas;G;22:36;2;6;1;4;0;0;1;1;2;2;1;0;5;0;5;
Marcus Thornton;;37:28;9;18;4;8;4;4;2;3;5;4;1;0;1;3;26;
Charles Hayes;;29:35;1;2;0;0;0;0;2;4;6;4;0;3;0;2;2;
Francisco Garcia;;13:29;1;3;0;0;0;0;0;2;2;0;1;0;0;1;2;
Thomas Robinson;;11:39;3;6;0;0;3;4;0;0;0;0;2;0;1;3;9;
Aaron Brooks;;29:54;4;10;3;6;0;0;1;3;4;2;1;0;1;4;11;
IND
Gerald Green;F;24:00;6;9;1;3;4;4;2;1;3;0;2;0;2;4;17;
David West;F;41:54;7;17;0;1;2;2;4;9;13;1;1;1;1;1;16;
Roy Hibbert;C;38:31;6;11;0;0;0;2;5;3;8;3;0;5;2;2;12;
Paul George;G;42:54;5;14;2;7;2;2;1;15;16;3;2;3;3;3;14;
George Hill;G;39:39;5;15;0;2;4;5;2;5;7;5;2;1;3;1;14;
Sam Young;;11:42;1;5;0;2;0;0;1;0;1;0;1;0;4;1;2;
Tyler Hansbrough;;15:42;1;3;0;0;2;2;3;2;5;0;0;0;0;2;4;
D.J. Augustin;;13:21;1;4;0;3;1;1;0;1;1;3;0;0;1;0;3;
Ian Mahinmi;;9:53;0;2;0;0;4;4;2;0;2;0;0;0;2;3;4;
Lance Stephenson;;27:24;4;12;1;4;1;1;0;2;2;1;2;0;1;2;10;
