01-04;ATL-DET;84-85;
20-25;16-26;26-23;22-11;
ATL
Kyle Korver;F;33:29;3;9;3;9;1;1;0;3;3;5;1;0;0;4;10;
Josh Smith;F;31:03;8;17;1;4;3;5;0;3;3;1;2;2;3;4;20;
Al Horford;C;39:31;9;13;0;0;0;3;4;11;15;3;0;0;2;4;18;
Lou Williams;G;40:16;6;15;5;9;0;0;1;2;3;8;1;0;2;0;17;
Jeff Teague;G;41:50;2;9;1;4;0;0;0;4;4;9;2;0;5;3;5;
John Jenkins;;12:12;0;2;0;2;0;0;0;1;1;0;0;0;0;0;0;
Zaza Pachulia;;20:13;3;5;0;0;3;5;1;5;6;0;0;0;2;3;9;
Ivan Johnson;;12:14;0;3;0;0;5;6;0;2;2;0;1;1;2;2;5;
Anthony Tolliver;;9:12;0;2;0;1;0;0;0;1;1;0;0;1;1;0;0;
DET
Tayshaun Prince;F;28:41;2;12;1;1;1;2;3;3;6;2;0;1;1;1;6;
Jason Maxiell;F;29:28;4;6;0;0;2;5;4;6;10;2;0;3;1;1;10;
Greg Monroe;C;33:47;5;14;0;0;8;10;5;4;9;1;3;0;2;3;18;
Kyle Singler;G;15:37;1;3;0;0;0;0;1;1;2;1;1;0;0;1;2;
Brandon Knight;G;36:27;4;11;0;5;0;0;0;3;3;4;2;0;2;1;8;
Rodney Stuckey;;24:17;5;11;0;1;0;1;1;3;4;2;1;1;2;1;10;
Andre Drummond;;19:45;3;5;0;0;0;0;1;8;9;0;0;2;0;4;6;
Austin Daye;;22:27;9;11;2;4;0;1;1;5;6;1;0;0;2;1;20;
Charlie Villanueva;;12:57;0;4;0;2;0;0;1;3;4;0;1;2;0;3;0;
Will Bynum;;16:35;2;8;0;2;1;2;0;3;3;5;0;0;3;1;5;
