02-11;NOH-DET;105-86;
27-23;28-18;22-20;28-25;
NOH
Al-Farouq Aminu;F;27:57;4;7;0;0;4;4;3;11;14;4;2;2;2;2;12;
Anthony Davis;F;17:20;0;7;0;1;1;2;0;8;8;1;1;4;1;3;1;
Robin Lopez;C;37:41;9;13;0;0;5;5;4;6;10;0;1;2;1;1;23;
Austin Rivers;G;34:04;3;7;1;2;0;0;0;1;1;2;1;0;1;3;7;
Greivis Vasquez;G;36:11;4;10;0;2;1;1;0;4;4;13;2;0;4;1;9;
Ryan Anderson;;30:40;13;21;5;9;0;0;3;1;4;1;0;2;1;3;31;
Brian Roberts;;12:54;1;4;1;2;0;0;0;0;0;2;0;0;1;5;3;
Jason Smith;;10:19;2;4;0;0;1;1;0;2;2;1;0;0;0;1;5;
Roger Mason Jr.;;21:40;5;9;3;4;1;1;0;5;5;1;0;0;3;2;14;
Darius Miller;;11:14;0;1;0;1;0;0;0;1;1;1;0;0;0;4;0;
DET
Kyle Singler;F;28:40;4;10;1;2;5;5;3;2;5;1;1;0;1;1;14;
Jason Maxiell;F;24:00;2;7;0;0;1;2;1;1;2;0;0;1;3;3;5;
Greg Monroe;C;38:33;8;15;0;0;1;7;5;6;11;4;2;2;2;2;17;
Brandon Knight;G;25:17;3;10;1;3;0;0;1;2;3;3;1;0;3;2;7;
Jose Calderon;G;33:54;5;10;3;6;0;0;1;3;4;9;4;0;1;3;13;
Charlie Villanueva;;20:27;2;7;0;3;1;2;2;4;6;1;1;0;0;0;5;
Rodney Stuckey;;30:28;4;12;0;3;11;13;0;4;4;1;0;0;0;0;19;
Will Bynum;;22:23;0;8;0;2;2;2;0;3;3;2;2;0;1;4;2;
Kim English;;7:53;0;0;0;0;0;0;0;0;0;0;2;0;1;0;0;
Jonas Jerebko;;8:25;1;2;0;0;2;2;1;2;3;0;0;0;1;1;4;
