02-22;MIN-OKC;111-127;
23-33;35-33;25-34;28-27;
MIN
Andrei Kirilenko;F;23:60;5;9;2;3;3;4;2;1;3;0;1;0;1;2;15;
Derrick Williams;F;22:47;3;14;0;2;3;3;3;2;5;2;1;0;1;2;9;
Nikola Pekovic;C;22:19;1;4;0;0;3;4;1;1;2;0;2;0;0;1;5;
Luke Ridnour;G;26:48;3;8;1;2;3;3;0;0;0;6;0;0;2;1;10;
Ricky Rubio;G;32:53;5;12;0;0;3;4;2;3;5;9;5;0;1;4;13;
Jose Juan Barea;;24:54;6;10;2;4;0;1;0;3;3;4;0;0;1;6;14;
Mickael Gelabale;;9:24;0;2;0;1;0;0;1;0;1;1;0;0;1;0;0;
Alexey Shved;;25:13;7;12;1;5;2;2;0;4;4;2;1;1;2;2;17;
Dante Cunningham;;24:50;7;9;0;0;1;2;0;3;3;2;0;0;0;4;15;
Greg Stiemsma;;25:41;4;5;0;0;5;6;0;6;6;0;1;4;1;1;13;
Chris Johnson;;1:11;0;0;0;0;0;0;0;0;0;0;0;0;0;0;0;
OKC
Kevin Durant;F;37:06;9;17;1;1;8;8;0;7;7;7;0;1;4;3;27;
Serge Ibaka;F;27:11;3;4;0;0;0;0;0;7;7;0;0;3;2;1;6;
Kendrick Perkins;C;24:30;4;6;0;0;2;2;4;3;7;1;1;1;2;4;10;
Thabo Sefolosha;G;33:38;3;6;1;2;0;0;1;5;6;2;2;0;1;2;7;
Russell Westbrook;G;35:26;13;22;2;2;9;9;0;7;7;9;1;1;5;2;37;
Hasheem Thabeet;;9:42;2;2;0;0;0;0;2;1;3;0;0;0;0;2;4;
Kevin Martin;;25:19;7;11;2;4;3;3;1;1;2;1;1;0;1;6;19;
Nick Collison;;16:46;4;6;0;0;0;0;0;0;0;4;0;0;2;2;8;
DeAndre Liggins;;8:09;1;2;1;2;0;0;0;0;0;0;1;0;0;1;3;
Reggie Jackson;;13:20;1;3;1;1;0;0;0;0;0;4;1;0;0;2;3;
Perry Jones;;4:42;0;1;0;0;0;0;0;1;1;0;0;0;0;1;0;
Jeremy Lamb;;3:00;1;3;1;2;0;0;0;1;1;0;0;1;0;0;3;
Daniel Orton;;1:11;0;0;0;0;0;0;0;0;0;0;0;0;0;0;0;
