11-14;MIA-LAC;100-107;
24-25;30-27;20-33;26-22;
MIA
LeBron James;F;41:13;12;23;0;3;6;9;0;5;5;7;1;2;4;3;30;
Shane Battier;F;25:31;3;6;3;6;0;0;0;3;3;0;0;1;1;1;9;
Chris Bosh;C;29:49;3;13;0;0;5;5;4;5;9;1;0;3;0;4;11;
Dwyane Wade;G;29:07;2;10;0;1;2;2;1;2;3;6;1;0;5;1;6;
Mario Chalmers;G;28:25;2;5;1;4;0;0;0;2;2;3;2;0;3;5;5;
Ray Allen;;26:33;4;6;1;2;5;6;1;2;3;2;5;0;1;4;14;
Udonis Haslem;;20:15;1;3;0;0;1;3;2;4;6;0;0;0;2;3;3;
Norris Cole;;13:46;2;4;0;1;0;0;3;0;3;2;0;0;3;1;4;
Rashard Lewis;;14:19;4;4;3;3;0;2;0;0;0;0;2;0;0;3;11;
Joel Anthony;;6:06;1;1;0;0;0;0;0;1;1;1;0;0;0;0;2;
James Jones;;2:28;1;1;1;1;0;0;0;0;0;0;0;0;0;0;3;
Terrel Harris;;2:28;0;1;0;0;2;2;0;1;1;0;0;0;0;0;2;
LAC
Caron Butler;F;25:39;5;11;3;5;2;2;0;2;2;0;0;0;1;1;15;
Blake Griffin;F;30:10;8;16;0;0;4;6;4;10;14;6;0;2;3;2;20;
DeAndre Jordan;C;26:28;4;6;0;0;0;1;1;5;6;1;0;0;0;2;8;
Willie Green;G;19:47;2;6;2;5;1;2;1;1;2;2;0;0;0;2;7;
Chris Paul;G;30:44;3;9;3;4;7;7;0;1;1;10;4;0;3;2;16;
Jamal Crawford;;23:37;7;11;2;4;6;6;0;2;2;1;3;0;6;2;22;
Lamar Odom;;16:12;0;0;0;0;0;0;0;3;3;1;2;0;0;1;0;
Matt Barnes;;26:57;1;5;0;2;4;4;1;3;4;0;1;2;1;6;6;
Ryan Hollins;;17:56;0;0;0;0;1;2;0;1;1;0;0;3;0;5;1;
Eric Bledsoe;;17:16;5;8;0;1;2;2;1;0;1;1;1;1;4;2;12;
Ronny Turiaf;;5:14;0;0;0;0;0;0;1;1;2;0;0;0;0;0;0;
