11-13;TOR-IND;74-72;
29-21;17-15;23-22;5-14;
TOR
Dominic McGuire;F;18:11;1;1;0;0;0;0;2;2;4;0;0;0;0;0;2;
Andrea Bargnani;F;29:46;3;13;2;6;0;0;0;2;2;1;0;0;1;3;8;
Jonas Valanciunas;C;22:07;4;8;0;0;1;2;1;7;8;2;2;0;1;2;9;
DeMar DeRozan;G;40:23;5;13;0;0;5;6;1;4;5;0;0;1;2;4;15;
Jose Calderon;G;39:07;5;10;2;2;1;1;1;9;10;10;0;0;4;1;13;
Amir Johnson;;29:03;2;9;0;1;3;4;3;4;7;0;0;0;1;4;7;
Linas Kleiza;;24:31;2;9;0;1;6;6;0;4;4;0;0;0;2;2;10;
John Lucas III;;8:53;1;3;1;1;0;0;0;0;0;0;1;0;0;1;3;
Ed Davis;;15:04;0;1;0;0;0;0;0;5;5;0;0;0;1;5;0;
Terrence Ross;;12:55;3;5;1;1;0;0;0;0;0;0;1;0;0;1;7;
IND
Paul George;F;41:16;3;14;2;6;4;4;3;6;9;4;3;0;2;4;12;
David West;F;36:49;3;12;0;0;5;8;2;4;6;2;0;2;2;0;11;
Roy Hibbert;C;24:19;3;9;0;0;0;0;3;6;9;1;3;2;2;3;6;
Lance Stephenson;G;27:04;3;6;1;2;0;0;0;3;3;3;0;0;1;3;7;
George Hill;G;36:55;8;20;0;4;2;2;2;3;5;2;2;1;3;2;18;
Gerald Green;;27:40;2;7;1;2;1;2;2;3;5;0;0;0;0;1;6;
Tyler Hansbrough;;22:23;0;2;0;0;5;6;2;3;5;0;0;0;1;3;5;
Ian Mahinmi;;12:29;1;3;0;0;1;2;0;6;6;0;0;2;0;0;3;
D.J. Augustin;;11:05;1;2;1;1;1;1;0;1;1;2;0;0;1;0;4;
