11-07;DET-SAC;103-105;
27-26;19-29;25-24;32-26;
DET
Tayshaun Prince;F;26:52;4;10;0;0;2;2;0;3;3;1;1;1;2;0;10;
Jason Maxiell;F;33:50;5;9;0;0;1;2;1;5;6;1;0;1;2;2;11;
Greg Monroe;C;40:22;8;15;0;0;5;7;5;7;12;11;1;0;2;4;21;
Rodney Stuckey;G;34:10;2;6;1;3;0;0;0;0;0;4;1;0;3;4;5;
Brandon Knight;G;32:46;6;10;5;9;4;5;0;2;2;4;0;0;2;3;21;
Kyle Singler;;25:01;3;8;1;4;5;6;2;2;4;0;1;2;0;2;12;
Andre Drummond;;5:58;0;0;0;0;0;0;0;1;1;0;0;1;1;1;0;
Will Bynum;;15:17;4;6;0;1;6;7;0;0;0;1;0;1;2;0;14;
Jonas Jerebko;;15:21;3;6;1;4;0;2;1;1;2;0;0;0;3;3;7;
Kim English;;10:23;1;3;0;1;0;0;1;2;3;1;0;0;0;1;2;
SAC
James Johnson;F;32:12;2;6;0;0;1;2;1;4;5;2;0;1;2;3;5;
Jason Thompson;F;27:43;5;6;0;0;3;4;2;2;4;1;0;1;1;3;13;
DeMarcus Cousins;C;32:56;8;17;0;0;5;7;3;8;11;0;2;0;1;2;21;
Tyreke Evans;G;31:13;5;11;0;1;5;6;2;5;7;3;3;0;2;4;15;
Isaiah Thomas;G;20:53;6;9;3;4;0;0;1;0;1;2;0;0;1;2;15;
Marcus Thornton;;27:40;5;12;1;3;0;0;1;0;1;0;0;0;0;0;11;
Aaron Brooks;;24:01;5;12;1;5;0;0;0;2;2;4;1;0;0;3;11;
Thomas Robinson;;11:52;1;2;0;0;0;1;4;3;7;0;1;1;3;3;2;
Charles Hayes;;16:19;0;0;0;0;0;0;0;4;4;1;0;0;3;1;0;
Jimmer Fredette;;15:12;3;7;2;3;4;4;0;0;0;2;1;0;0;0;12;
