03-02;GSW-PHI;97-104;
31-20;23-31;27-31;16-22;
GSW
Harrison Barnes;F;28:14;2;7;0;1;1;1;0;3;3;1;2;0;2;1;5;
David Lee;F;40:01;6;14;0;0;1;2;5;11;16;7;0;1;3;1;13;
Festus Ezeli;C;20:05;1;4;0;0;0;0;2;2;4;1;2;1;0;1;2;
Klay Thompson;G;37:46;11;18;7;12;0;0;1;2;3;3;3;0;4;4;29;
Stephen Curry;G;41:55;11;20;3;9;5;7;0;3;3;8;3;0;4;2;30;
Jarrett Jack;;29:19;3;13;0;3;0;0;0;1;1;1;1;0;4;1;6;
Carl Landry;;27:55;2;7;0;0;8;9;3;2;5;1;2;1;2;2;12;
Draymond Green;;7:37;0;2;0;0;0;0;0;0;0;0;0;0;0;1;0;
Richard Jefferson;;3:31;0;0;0;0;0;0;0;0;0;0;0;0;0;0;0;
Kent Bazemore;;3:37;0;1;0;1;0;0;0;0;0;0;1;0;0;1;0;
PHI
Evan Turner;F;42:39;10;15;2;3;0;2;1;9;10;9;1;1;2;1;22;
Thaddeus Young;F;40:08;7;15;0;0;0;0;5;11;16;3;2;2;3;1;14;
Spencer Hawes;C;19:45;0;9;0;0;0;0;1;3;4;2;0;1;3;3;0;
Royal Ivey;G;24:43;6;6;4;4;1;3;0;0;0;1;0;0;3;4;17;
Jrue Holiday;G;42:10;11;20;3;5;2;2;2;3;5;7;4;0;8;2;27;
Lavoy Allen;;27:52;2;7;0;0;0;0;1;4;5;4;2;0;1;4;4;
Jeremy Pargo;;7:47;1;2;0;1;1;2;0;1;1;1;0;0;0;1;3;
Dorell Wright;;27:04;5;9;3;5;0;0;1;6;7;2;0;1;3;1;13;
Arnett Moultrie;;7:52;2;2;0;0;0;0;0;0;0;0;0;0;0;1;4;
