11-21;SAS-BOS;112-100;
30-27;26-21;26-26;30-26;
SAS
Danny Green;F;38:33;3;8;2;4;2;2;0;4;4;3;1;0;2;1;10;
Tim Duncan;F;32:34;7;12;0;0;6;9;3;12;15;4;0;0;4;2;20;
DeJuan Blair;C;19:46;5;7;0;0;0;0;2;3;5;1;1;0;2;2;10;
Gary Neal;G;28:46;5;8;2;2;0;0;0;1;1;1;2;0;2;2;12;
Tony Parker;G;36:37;12;17;1;2;1;3;0;3;3;6;0;0;4;3;26;
Manu Ginobili;;23:37;2;8;1;3;0;0;0;3;3;4;2;0;0;3;5;
Boris Diaw;;22:46;2;5;2;4;0;0;1;6;7;5;0;1;1;0;6;
Tiago Splitter;;25:58;9;11;0;0;5;5;0;3;3;1;2;1;2;4;23;
Nando De Colo;;11:23;0;1;0;1;0;0;0;0;0;1;0;0;0;0;0;
BOS
Paul Pierce;F;36:11;6;11;1;3;6;6;0;0;0;2;1;1;0;0;19;
Brandon Bass;F;28:54;7;10;0;0;2;2;1;5;6;0;2;1;0;3;16;
Kevin Garnett;C;31:09;7;14;0;0;0;0;0;3;3;1;1;2;0;4;14;
Jason Terry;G;31:00;5;9;1;2;1;1;0;1;1;0;2;0;3;0;12;
Rajon Rondo;G;39:36;8;16;0;1;6;7;0;2;2;15;2;0;4;3;22;
Chris Wilcox;;8:54;1;1;0;0;0;0;0;3;3;0;0;0;0;4;2;
Jared Sullinger;;19:54;1;3;0;0;0;0;0;7;7;0;0;1;0;2;2;
Courtney Lee;;16:20;2;3;0;0;0;0;0;1;1;0;0;0;4;1;4;
Leandro Barbosa;;12:09;2;3;0;0;0;0;0;2;2;2;1;0;1;1;4;
Jeff Green;;15:53;2;7;1;2;0;1;0;0;0;1;0;0;0;0;5;
