12-03;CLE-DET;79-89;
17-30;22-26;24-19;16-14;
CLE
Omri Casspi;F;28:12;4;11;2;5;0;0;1;3;4;1;0;1;1;2;10;
Tristan Thompson;F;32:33;4;13;0;0;2;2;5;6;11;1;0;2;0;4;10;
Anderson Varejao;C;39:29;7;18;0;1;3;6;9;9;18;2;3;1;3;2;17;
Alonzo Gee;G;29:44;2;10;0;3;2;2;0;2;2;1;3;0;1;0;6;
Jeremy Pargo;G;29:39;4;13;0;2;2;4;2;2;4;8;1;0;2;4;10;
CJ Miles;;9:22;3;6;0;2;2;2;0;3;3;0;0;0;0;2;8;
Tyler Zeller;;20:10;4;8;0;0;0;0;2;2;4;1;0;1;3;3;8;
Donald Sloan;;18:21;3;8;0;1;1;1;1;4;5;4;0;0;0;2;7;
Samardo Samuels;;3:48;0;2;0;0;0;0;0;0;0;0;0;0;0;0;0;
Daniel Gibson;;28:42;1;6;1;6;0;0;0;2;2;1;0;0;1;1;3;
DET
Tayshaun Prince;F;33:55;6;10;1;2;2;2;0;2;2;2;0;0;0;1;15;
Jason Maxiell;F;28:10;6;12;0;0;0;0;0;6;6;0;0;5;1;2;12;
Greg Monroe;C;35:38;4;10;0;0;1;3;4;10;14;5;2;2;3;4;9;
Kyle Singler;G;33:08;6;14;3;6;0;0;2;4;6;1;0;1;2;2;15;
Brandon Knight;G;33:45;5;13;0;4;7;7;0;5;5;5;0;0;3;1;17;
Rodney Stuckey;;27:16;4;9;0;2;0;1;0;3;3;6;1;1;1;1;8;
Andre Drummond;;19:31;3;8;0;0;1;4;9;3;12;1;1;3;0;2;7;
Charlie Villanueva;;12:41;1;6;0;4;0;0;0;0;0;0;1;1;0;1;2;
Corey Maggette;;15:56;1;2;0;0;2;2;0;1;1;1;1;0;1;2;4;
