11-08;LAC-POR;103-90;
29-22;31-17;17-32;26-19;
LAC
Caron Butler;F;21:08;1;4;0;1;0;0;0;2;2;1;0;0;1;2;2;
Blake Griffin;F;25:31;3;9;0;0;1;4;0;10;10;4;3;0;2;3;7;
DeAndre Jordan;C;28:05;8;10;0;0;5;7;6;2;8;1;0;1;1;5;21;
Willie Green;G;19:14;3;6;1;2;0;0;0;0;0;2;0;1;1;1;7;
Chris Paul;G;33:47;9;17;0;1;3;3;0;4;4;6;3;0;2;1;21;
Eric Bledsoe;;14:33;3;4;0;0;2;3;0;2;2;1;1;0;3;1;8;
Matt Barnes;;27:26;2;4;1;3;0;0;0;3;3;3;0;0;1;2;5;
Jamal Crawford;;28:27;9;17;1;6;6;6;0;3;3;1;1;0;1;1;25;
Lamar Odom;;6:01;0;2;0;0;0;0;0;2;2;0;0;0;0;0;0;
Ryan Hollins;;19:22;1;2;0;0;1;2;3;2;5;0;1;0;1;3;3;
Ronny Turiaf;;16:28;2;2;0;0;0;0;1;4;5;1;0;1;0;3;4;
POR
Nicolas Batum;F;40:19;6;18;3;10;8;12;1;8;9;5;3;1;2;3;23;
LaMarcus Aldridge;F;42:23;7;17;0;0;0;0;1;3;4;5;0;1;1;2;14;
JJ Hickson;C;22:51;2;4;0;0;1;2;1;4;5;0;0;1;1;0;5;
Wesley Matthews;G;37:48;4;12;1;4;1;3;1;1;2;4;3;0;3;3;10;
Damian Lillard;G;41:21;6;13;2;4;2;4;1;1;2;4;3;0;3;2;16;
Ronnie Price;;14:60;1;1;0;0;3;5;0;1;1;0;0;0;1;6;5;
Sasha Pavlovic;;5:09;0;0;0;0;0;0;0;0;0;0;0;0;1;0;0;
Meyers Leonard;;24:00;3;4;0;0;2;2;3;3;6;1;1;1;0;3;8;
Jared Jeffries;;4:03;1;1;0;0;0;0;1;0;1;0;0;0;1;1;2;
Luke Babbitt;;2:23;1;2;1;2;0;0;0;0;0;0;0;0;0;1;3;
Will Barton;;1:34;0;0;0;0;0;0;0;0;0;0;0;0;0;1;0;
Joel Freeland;;1:34;0;1;0;0;2;2;0;1;1;0;0;0;0;0;2;
Nolan Smith;;1:34;1;2;0;0;0;0;0;0;0;0;0;0;0;0;2;
