12-23;POR-SAC;96-108;
27-21;15-28;29-31;25-28;
POR
Nicolas Batum;F;38:10;4;12;2;8;7;7;1;2;3;8;1;1;3;2;17;
LaMarcus Aldridge;F;38:05;10;21;0;1;2;2;4;7;11;1;3;2;1;2;22;
JJ Hickson;C;32:12;5;8;0;0;4;6;4;7;11;0;0;0;2;2;14;
Victor Claver;G;20:53;1;5;0;1;0;0;4;1;5;1;3;0;3;0;2;
Damian Lillard;G;35:54;6;14;3;6;0;0;0;2;2;7;1;1;3;1;15;
Will Barton;;20:42;3;6;1;2;0;0;2;3;5;3;1;0;1;2;7;
Meyers Leonard;;14:19;3;4;0;0;2;2;0;2;2;0;0;1;1;2;8;
Luke Babbitt;;13:18;2;5;1;2;0;0;0;1;1;1;0;0;0;2;5;
Ronnie Price;;16:38;0;5;0;3;0;0;0;0;0;3;2;0;3;3;0;
Sasha Pavlovic;;6:25;0;1;0;1;0;0;0;0;0;0;0;0;0;1;0;
Joel Freeland;;3:25;3;4;0;0;0;0;0;1;1;0;0;0;0;0;6;
SAC
John Salmons;F;31:50;6;11;1;3;2;2;1;6;7;7;2;0;2;3;15;
James Johnson;F;22:51;4;7;0;0;2;2;3;0;3;2;1;1;1;5;10;
Jason Thompson;C;21:01;5;9;0;0;0;2;0;6;6;2;1;0;3;3;10;
Marcus Thornton;G;34:49;10;18;2;5;0;0;0;4;4;4;2;0;2;2;22;
Aaron Brooks;G;26:50;3;6;2;3;0;0;0;1;1;6;1;0;1;0;8;
Charles Hayes;;24:24;3;3;0;0;0;0;2;4;6;0;1;0;1;1;6;
Jimmer Fredette;;17:50;3;8;1;3;0;0;0;3;3;4;0;0;0;0;7;
Isaiah Thomas;;21:10;4;8;2;4;1;1;0;1;1;5;1;0;1;1;11;
Travis Outlaw;;16:10;6;7;1;1;2;2;0;0;0;1;1;0;0;0;15;
Thomas Robinson;;20:17;1;4;0;0;2;2;0;5;5;0;0;1;1;2;4;
Tyler Honeycutt;;2:49;0;0;0;0;0;0;0;1;1;0;0;0;2;1;0;
