02-27;NOH-OKC;74-119;
21-30;24-32;15-34;14-23;
NOH
Al-Farouq Aminu;F;23:08;3;7;0;0;1;1;2;5;7;0;1;1;2;5;7;
Ryan Anderson;F;23:59;5;11;3;6;1;2;0;0;0;1;1;0;1;2;14;
Robin Lopez;C;31:19;2;10;0;0;3;4;1;1;2;0;0;3;0;2;7;
Austin Rivers;G;38:57;3;8;1;3;2;2;0;1;1;4;1;0;3;3;9;
Greivis Vasquez;G;24:28;3;13;0;1;0;0;1;2;3;7;0;0;0;2;6;
Lance Thomas;;21:40;3;3;0;0;2;2;1;1;2;0;1;0;1;5;8;
Xavier Henry;;23:36;2;6;0;1;5;6;1;0;1;0;0;0;2;2;9;
Brian Roberts;;23:32;1;7;0;4;0;0;0;2;2;3;1;0;1;2;2;
Roger Mason Jr.;;13:45;3;6;1;3;0;1;1;2;3;1;0;0;0;0;7;
Darius Miller;;15:36;2;6;1;3;0;0;0;4;4;1;0;0;2;0;5;
OKC
Kevin Durant;F;26:51;5;8;2;3;6;6;0;11;11;10;0;0;1;0;18;
Serge Ibaka;F;23:06;9;11;0;0;0;0;4;3;7;1;0;3;1;2;18;
Kendrick Perkins;C;22:51;0;1;0;0;0;0;1;3;4;3;0;4;0;3;0;
Thabo Sefolosha;G;24:46;2;4;0;0;4;4;2;2;4;0;2;0;0;1;8;
Russell Westbrook;G;25:57;8;17;1;3;12;12;1;2;3;3;0;0;0;0;29;
Kevin Martin;;17:51;5;7;2;2;2;2;0;3;3;0;0;0;3;2;14;
Nick Collison;;14:23;0;1;0;0;0;0;0;3;3;4;0;1;2;1;0;
Hasheem Thabeet;;6:31;0;1;0;0;0;0;2;1;3;0;0;1;0;0;0;
Reggie Jackson;;22:03;6;10;2;3;0;0;0;1;1;3;0;0;1;2;14;
Derek Fisher;;20:34;0;4;0;4;0;0;0;0;0;2;1;0;0;1;0;
Perry Jones;;14:32;3;5;0;0;3;4;1;1;2;0;1;0;0;1;9;
Ronnie Brewer;;12:00;2;4;1;2;0;0;2;2;4;1;2;0;2;0;5;
DeAndre Liggins;;8:35;2;3;0;1;0;0;0;3;3;0;1;0;0;1;4;
