11-16;PHX-LAL;102-114;
30-35;27-27;27-30;18-22;
PHX
Michael Beasley;F;38:03;6;15;1;3;1;4;2;3;5;9;1;1;2;3;14;
Luis Scola;F;32:49;9;15;0;0;0;0;2;6;8;3;1;1;4;3;18;
Marcin Gortat;C;27:42;3;8;0;0;0;0;4;4;8;1;1;2;2;2;6;
Jared Dudley;G;30:35;5;12;1;4;0;0;0;2;2;1;1;0;3;3;11;
Goran Dragic;G;35:55;9;17;3;6;1;3;1;1;2;7;2;0;0;4;22;
Markieff Morris;;12:28;2;5;0;1;0;0;1;1;2;2;0;0;0;5;4;
Shannon Brown;;14:42;3;6;0;0;1;1;0;1;1;0;0;0;1;0;7;
Jermaine O'Neal;;20:18;4;7;0;0;4;6;2;3;5;1;1;3;1;4;12;
Sebastian Telfair;;9:22;2;2;0;0;0;0;0;0;0;2;1;0;2;1;4;
PJ Tucker;;9:57;1;2;0;0;0;1;0;3;3;0;0;0;0;0;2;
Kendall Marshall;;2:43;0;1;0;0;0;0;0;0;0;0;0;0;0;0;0;
Wesley Johnson;;2:43;0;0;0;0;0;0;0;1;1;1;0;1;0;0;0;
Luke Zeller;;2:43;1;2;0;0;0;0;0;1;1;0;0;0;0;0;2;
LAL
Metta World Peace;F;32:59;7;14;5;10;3;4;0;6;6;3;3;1;1;2;22;
Pau Gasol;F;36:55;7;11;0;0;2;2;2;8;10;3;0;2;2;0;16;
Dwight Howard;C;35:27;7;14;0;0;4;8;6;6;12;0;1;4;4;4;18;
Kobe Bryant;G;38:26;10;24;1;5;10;11;1;1;2;6;1;0;1;2;31;
Darius Morris;G;31:08;2;5;0;0;1;1;1;0;1;6;1;0;2;3;5;
Chris Duhon;;16:52;0;1;0;1;0;0;0;2;2;2;0;0;1;1;0;
Jordan Hill;;20:01;4;8;0;0;2;2;4;1;5;3;1;1;0;1;10;
Jodie Meeks;;9:34;3;5;1;2;0;0;0;1;1;2;0;0;0;0;7;
Antawn Jamison;;16:14;2;5;1;3;0;0;2;4;6;0;0;0;0;1;5;
Robert Sacre;;0:48;0;0;0;0;0;0;0;0;0;0;0;1;0;1;0;
Earl Clark;;0:48;0;0;0;0;0;0;0;1;1;0;0;0;0;0;0;
Darius Johnson-Odom;;0:48;0;2;0;0;0;0;1;1;2;0;0;0;0;0;0;
