03-10;IND-MIA;91-105;
20-29;26-27;19-23;26-26;
IND
Paul George;F;41:17;2;11;2;7;4;4;0;6;6;5;1;0;5;3;10;
David West;F;34:16;7;10;0;0;10;11;1;4;5;3;4;0;1;2;24;
Roy Hibbert;C;32:27;7;14;0;1;2;2;1;3;4;2;0;0;3;4;16;
Lance Stephenson;G;33:01;1;5;0;3;4;5;1;2;3;1;1;0;2;4;6;
George Hill;G;21:45;2;5;2;4;1;2;0;1;1;1;1;0;0;4;7;
D.J. Augustin;;23:41;4;8;4;8;2;2;1;0;1;2;0;0;2;0;14;
Tyler Hansbrough;;13:44;0;3;0;0;4;6;1;1;2;0;0;0;0;2;4;
Orlando Johnson;;14:30;2;4;2;4;2;2;0;4;4;0;0;0;2;2;8;
Ian Mahinmi;;12:59;1;3;0;0;0;0;1;2;3;0;1;0;0;1;2;
Sam Young;;7:12;0;0;0;0;0;0;0;3;3;0;0;0;1;0;0;
Ben Hansbrough;;2:34;0;0;0;0;0;0;0;0;0;0;0;0;0;0;0;
Jeff Ayres;;2:34;0;0;0;0;0;0;0;1;1;0;0;1;0;1;0;
MIA
LeBron James;F;36:21;5;10;0;0;3;5;1;5;6;7;1;1;4;1;13;
Udonis Haslem;F;18:11;0;1;0;0;0;0;0;3;3;1;0;1;0;3;0;
Chris Bosh;C;32:55;11;15;1;2;1;2;1;2;3;4;1;3;0;3;24;
Dwyane Wade;G;36:09;9;16;0;1;5;6;0;2;2;3;6;0;4;3;23;
Mario Chalmers;G;32:58;7;9;5;6;7;7;1;6;7;2;2;0;2;3;26;
Ray Allen;;20:20;3;7;1;4;4;5;1;0;1;1;0;0;1;2;11;
Chris Andersen;;15:26;2;3;0;0;2;4;0;2;2;1;0;0;0;3;6;
Shane Battier;;13:06;1;1;0;0;0;0;0;1;1;1;0;0;1;5;2;
Norris Cole;;15:23;0;3;0;0;0;0;0;1;1;0;0;0;0;3;0;
Joel Anthony;;12:12;0;1;0;0;0;0;0;0;0;0;0;0;0;1;0;
James Jones;;2:34;0;1;0;1;0;0;0;1;1;0;0;0;0;0;0;
Rashard Lewis;;2:13;0;1;0;0;0;2;0;1;1;0;0;0;0;0;0;
Mike Miller;;2:13;0;0;0;0;0;0;0;0;0;0;0;0;0;2;0;
