12-26;LAL-DEN;114-126;
26-29;28-28;33-39;27-30;
LAL
Kobe Bryant;F;44:01;13;24;5;9;9;11;0;4;4;6;0;2;2;2;40;
Pau Gasol;F;36:54;7;11;2;3;3;4;3;3;6;5;0;2;3;0;19;
Dwight Howard;C;27:10;4;6;0;0;4;9;1;6;7;3;0;1;1;4;12;
Darius Morris;G;6:55;0;0;0;0;0;0;0;1;1;1;0;0;3;0;0;
Steve Nash;G;30:58;6;8;2;3;1;1;0;2;2;8;1;0;2;3;15;
Jodie Meeks;;30:28;2;11;1;5;2;2;1;2;3;4;1;1;0;2;7;
Metta World Peace;;33:28;4;13;1;7;1;1;2;4;6;0;0;2;1;6;10;
Jordan Hill;;13:19;4;7;0;0;1;2;4;5;9;1;0;0;1;3;9;
Chris Duhon;;16:47;1;3;0;2;0;0;0;0;0;1;0;0;1;3;2;
DEN
Danilo Gallinari;F;35:35;6;10;3;5;4;6;0;3;3;2;1;0;1;0;19;
Kenneth Faried;F;38:37;9;13;0;0;3;5;9;6;15;1;0;0;1;4;21;
Kosta Koufos;C;19:40;4;6;0;0;2;3;1;2;3;1;1;2;0;5;10;
Andre Iguodala;G;38:03;5;15;2;6;5;6;3;8;11;7;3;2;3;2;17;
Ty Lawson;G;34:11;6;15;1;3;4;5;2;2;4;14;2;0;0;3;17;
JaVale McGee;;22:09;3;6;0;0;1;2;0;3;3;1;2;0;1;3;7;
Andre Miller;;19:17;2;7;0;0;2;2;1;1;2;4;0;0;3;1;6;
Corey Brewer;;23:50;9;16;6;7;3;3;2;1;3;1;1;2;0;3;27;
Timofey Mozgov;;3:36;0;0;0;0;0;0;0;1;1;0;0;0;1;2;0;
Jordan Hamilton;;5:02;1;6;0;1;0;0;2;1;3;0;0;1;0;0;2;
