01-29;DAL-POR;104-106;
32-28;27-14;21-32;24-32;
DAL
Shawn Marion;F;35:16;6;13;0;0;0;0;4;5;9;4;2;0;3;1;12;
Dirk Nowitzki;F;34:17;11;21;2;6;2;2;0;4;4;4;0;0;2;1;26;
Bernard James;C;14:57;5;9;0;0;0;0;1;2;3;0;0;1;1;3;10;
O.J. Mayo;G;37:47;5;9;2;4;3;5;0;7;7;9;0;0;5;4;15;
Darren Collison;G;37:42;6;10;3;3;2;2;2;2;4;9;3;0;2;0;17;
Elton Brand;;16:47;1;6;0;0;0;0;1;1;2;1;0;0;0;2;2;
Vince Carter;;29:37;3;5;1;2;2;2;0;3;3;2;1;0;1;5;9;
Rodrigue Beaubois;;10:18;1;4;0;0;0;0;0;0;0;1;1;0;2;1;2;
Brandan Wright;;15:03;3;5;0;0;2;2;2;6;8;1;1;1;0;2;8;
Dahntay Jones;;8:14;1;2;0;0;1;2;0;0;0;0;0;0;0;1;3;
Jae Crowder;;0:03;0;0;0;0;0;0;0;0;0;0;0;0;0;1;0;
POR
Nicolas Batum;F;40:18;4;14;2;5;0;2;2;2;4;6;0;1;1;0;10;
LaMarcus Aldridge;F;41:47;12;20;1;1;4;5;4;9;13;3;1;2;1;1;29;
JJ Hickson;C;35:52;9;13;0;0;8;8;4;11;15;1;1;2;3;1;26;
Wesley Matthews;G;38:37;5;15;3;9;4;5;2;4;6;4;4;0;4;1;17;
Damian Lillard;G;40:18;3;11;2;6;2;2;0;1;1;8;1;0;3;3;10;
Jared Jeffries;;6:31;0;0;0;0;0;0;0;1;1;0;0;0;0;2;0;
Meyers Leonard;;2:44;0;0;0;0;0;0;0;0;0;0;0;0;0;0;0;
Will Barton;;6:08;1;2;0;0;0;0;2;1;3;0;0;0;2;2;2;
Ronnie Price;;9:40;2;4;1;2;0;0;1;1;2;0;0;0;0;1;5;
Luke Babbitt;;9:06;1;4;1;4;0;0;0;1;1;1;0;0;0;0;3;
Sasha Pavlovic;;8:59;2;3;0;1;0;1;0;0;0;1;1;0;0;3;4;
