03-08;OKC-CHA;116-94;
28-29;36-21;26-16;26-28;
OKC
Kevin Durant;F;23:46;6;12;1;3;6;7;0;6;6;7;0;1;2;0;19;
Serge Ibaka;F;24:04;5;8;0;2;2;2;2;5;7;1;0;2;1;4;12;
Kendrick Perkins;C;22:38;2;3;0;0;1;2;1;4;5;1;1;0;2;2;5;
Thabo Sefolosha;G;25:06;5;6;3;3;0;0;0;4;4;1;0;1;2;3;13;
Russell Westbrook;G;24:43;5;11;1;3;0;0;1;2;3;5;1;0;1;1;11;
Kevin Martin;;19:56;4;10;3;6;0;0;0;2;2;1;0;0;2;0;11;
Nick Collison;;11:29;2;4;0;0;0;0;2;2;4;2;0;0;0;0;4;
Reggie Jackson;;24:44;4;8;0;2;1;1;0;3;3;5;0;0;0;4;9;
Hasheem Thabeet;;22:14;4;6;0;0;0;0;4;4;8;0;1;3;1;5;8;
Derek Fisher;;14:01;5;6;3;3;0;0;1;2;3;3;1;0;0;0;13;
Perry Jones;;12:27;2;4;0;0;2;4;1;3;4;0;0;1;0;0;6;
Ronnie Brewer;;7:26;0;0;0;0;0;0;0;0;0;2;1;0;0;0;0;
Jeremy Lamb;;7:26;2;3;1;2;0;0;0;0;0;0;0;0;0;0;5;
CHA
Michael Kidd-Gilchrist;F;22:19;1;5;0;0;0;0;0;3;3;2;1;1;0;1;2;
Byron Mullens;F;17:02;2;7;1;4;0;0;0;0;0;2;0;0;1;1;5;
Bismack Biyombo;C;29:09;2;5;0;0;0;2;3;2;5;0;0;2;1;2;4;
Gerald Henderson;G;30:27;7;13;1;1;6;6;2;3;5;5;0;0;0;2;21;
Kemba Walker;G;31:15;3;12;0;3;5;6;2;3;5;4;0;1;2;2;11;
Ben Gordon;;28:07;7;18;3;8;2;3;1;3;4;3;0;0;1;3;19;
Brendan Haywood;;14:01;1;1;0;0;0;0;1;1;2;0;0;1;0;2;2;
Jeff Adrien;;15:46;5;7;0;0;2;4;3;3;6;1;0;1;0;0;12;
Jeff Taylor;;17:33;3;8;1;3;1;2;0;0;0;2;0;0;0;1;8;
Josh McRoberts;;14:36;2;3;0;0;1;2;1;1;2;1;1;0;1;0;5;
Reggie Williams;;19:45;2;6;1;4;0;0;1;4;5;5;1;0;2;1;5;
