11-30;PHX-TOR;97-101;
25-19;27-32;24-29;21-21;
PHX
Michael Beasley;F;29:26;4;7;1;2;3;5;0;3;3;6;0;0;3;1;12;
Markieff Morris;F;18:53;3;7;0;1;2;2;0;3;3;1;2;1;0;3;8;
Marcin Gortat;C;30:32;6;10;0;0;2;2;1;5;6;5;0;3;2;3;14;
Shannon Brown;G;29:22;5;13;1;3;3;3;0;3;3;2;2;0;1;3;14;
Goran Dragic;G;32:09;5;11;2;6;1;1;1;4;5;5;1;1;2;3;13;
Luis Scola;;29:07;4;13;0;0;0;0;2;1;3;3;0;1;1;4;8;
Sebastian Telfair;;15:51;3;5;0;1;2;2;0;1;1;3;0;0;1;0;8;
Jared Dudley;;24:43;5;6;2;3;2;2;0;3;3;1;1;0;1;2;14;
Jermaine O'Neal;;17:28;2;4;0;0;2;2;0;4;4;0;0;2;1;1;6;
PJ Tucker;;12:29;0;1;0;0;0;0;0;3;3;2;0;0;2;0;0;
TOR
Linas Kleiza;F;15:13;2;5;1;2;0;0;0;1;1;1;1;0;3;3;5;
Andrea Bargnani;F;27:05;1;4;0;1;2;2;0;2;2;1;0;0;1;2;4;
Jonas Valanciunas;C;17:18;4;8;0;0;0;0;3;3;6;1;0;1;1;1;8;
DeMar DeRozan;G;35:05;8;18;0;0;7;9;1;7;8;4;1;0;2;3;23;
Kyle Lowry;G;23:37;5;9;1;1;4;6;2;5;7;2;1;0;2;2;15;
Amir Johnson;;30:42;7;12;0;0;2;3;3;3;6;3;1;1;0;3;16;
Mickael Pietrus;;31:30;2;7;2;5;0;0;0;2;2;0;1;1;0;0;6;
Jose Calderon;;24:23;5;7;3;3;0;0;0;0;0;9;0;0;2;1;13;
Ed Davis;;20:55;2;4;0;0;0;2;1;7;8;3;0;1;2;3;4;
Terrence Ross;;14:12;3;7;1;2;0;0;0;1;1;0;2;0;0;2;7;
