01-05;NOH-DAL;99-96;
25-23;15-24;23-20;26-22;10-7;
NOH
Al-Farouq Aminu;F;38:32;3;6;0;0;4;4;2;11;13;3;3;1;1;1;10;
Anthony Davis;F;12:09;1;3;0;0;2;2;0;1;1;0;0;0;1;3;4;
Robin Lopez;C;28:15;4;8;0;0;1;2;1;5;6;1;1;0;0;0;9;
Eric Gordon;G;34:51;4;13;1;4;5;5;0;2;2;4;1;2;3;2;14;
Greivis Vasquez;G;40:36;11;18;3;6;0;2;0;7;7;9;1;0;1;2;25;
Ryan Anderson;;37:53;6;15;4;7;0;0;1;6;7;2;0;0;1;0;16;
Brian Roberts;;7:33;1;5;0;1;1;1;0;0;0;0;0;0;1;0;3;
Austin Rivers;;18:09;1;5;0;2;0;0;1;0;1;2;1;0;0;0;2;
Jason Smith;;27:40;6;10;0;0;0;0;1;6;7;1;0;0;2;1;12;
Lance Thomas;;14:13;1;1;0;0;0;0;0;0;0;0;0;0;0;1;2;
Roger Mason Jr.;;5:10;1;2;0;1;0;0;0;0;0;1;0;0;0;0;2;
DAL
Dirk Nowitzki;F;34:05;7;16;2;3;4;6;0;6;6;2;1;0;2;2;20;
Shawn Marion;F;34:38;4;12;0;2;0;0;3;6;9;4;0;0;1;4;8;
Chris Kaman;C;19:34;2;3;0;0;0;0;0;5;5;1;0;2;2;1;4;
O.J. Mayo;G;34:42;5;17;1;7;3;3;1;3;4;0;2;1;1;5;14;
Darren Collison;G;38:23;5;7;0;0;2;2;0;5;5;5;1;0;2;2;12;
Vince Carter;;35:38;6;11;3;5;2;2;1;4;5;3;2;2;1;1;17;
Dahntay Jones;;13:01;0;1;0;0;0;0;0;2;2;0;0;0;0;0;0;
Rodrigue Beaubois;;14:37;3;5;0;0;0;0;0;2;2;4;0;0;0;1;6;
Elton Brand;;28:08;6;10;0;0;0;0;0;3;3;0;0;5;0;4;12;
Jae Crowder;;12:15;1;3;1;2;0;0;1;0;1;2;0;0;0;0;3;
