01-26;PHX-SAS;99-108;
26-26;30-33;26-22;17-27;
PHX
PJ Tucker;F;36:36;3;7;0;0;5;7;2;8;10;4;0;0;1;1;11;
Luis Scola;F;33:16;3;10;0;0;1;2;0;4;4;4;2;0;2;3;7;
Marcin Gortat;C;29:40;4;12;0;0;1;1;5;7;12;1;1;0;3;1;9;
Jared Dudley;G;34:30;10;12;3;5;0;0;1;4;5;5;1;0;3;3;23;
Goran Dragic;G;33:35;4;10;1;3;0;0;0;1;1;10;0;0;2;4;9;
Markieff Morris;;20:35;3;8;0;0;2;2;0;4;4;0;0;0;2;1;8;
Shannon Brown;;14:02;2;3;0;0;0;0;0;2;2;1;0;0;0;3;4;
Sebastian Telfair;;14:56;1;3;1;3;0;0;0;0;0;3;0;0;0;2;3;
Michael Beasley;;22:50;11;16;1;1;2;2;1;5;6;2;0;0;2;1;25;
SAS
Kawhi Leonard;F;29:34;3;7;1;2;0;0;1;5;6;2;1;0;0;1;7;
Boris Diaw;F;26:00;5;7;1;1;0;0;1;2;3;0;1;0;2;5;11;
Tiago Splitter;C;30:07;5;11;0;0;3;4;4;4;8;1;0;0;0;2;13;
Danny Green;G;16:24;0;5;0;3;0;0;0;1;1;1;0;0;1;0;0;
Tony Parker;G;33:25;13;17;0;0;5;6;1;3;4;7;2;0;3;1;31;
Stephen Jackson;;26:40;3;6;1;3;3;3;0;6;6;2;0;1;0;2;10;
Manu Ginobili;;21:52;5;9;2;5;8;10;0;3;3;2;3;0;2;2;20;
Matt Bonner;;20:29;3;7;1;4;0;0;0;3;3;0;0;0;0;1;7;
DeJuan Blair;;17:53;2;5;0;0;0;0;0;2;2;3;0;0;1;2;4;
Gary Neal;;13:20;1;7;1;5;0;0;0;2;2;2;0;0;0;0;3;
Patty Mills;;4:16;1;2;0;1;0;0;0;0;0;0;0;0;0;0;2;
