02-05;GSW-HOU;109-140;
37-38;25-39;24-27;23-36;
GSW
Harrison Barnes;F;17:14;3;5;0;1;1;2;0;1;1;0;0;0;1;1;7;
David Lee;F;26:29;8;10;0;0;2;2;4;3;7;2;0;0;2;3;18;
Andrew Bogut;C;24:31;5;9;0;0;0;0;2;7;9;3;0;1;0;3;10;
Klay Thompson;G;19:59;3;5;0;1;0;0;0;1;1;1;1;0;2;4;6;
Stephen Curry;G;28:10;3;12;1;5;0;0;0;4;4;9;0;1;2;2;7;
Carl Landry;;22:06;4;5;0;0;4;4;1;4;5;1;0;0;2;1;12;
Jarrett Jack;;28:31;7;14;2;3;4;4;0;1;1;5;0;0;2;2;20;
Richard Jefferson;;20:25;2;6;0;3;6;6;0;6;6;0;0;0;0;1;10;
Draymond Green;;16:26;3;7;0;1;2;3;0;2;2;0;0;2;0;4;8;
Kent Bazemore;;24:17;2;8;0;1;2;6;1;0;1;0;1;1;1;4;6;
Andris Biedrins;;0:10;0;0;0;0;0;0;0;0;0;0;0;0;0;0;0;
Charles Jenkins;;5:54;0;2;0;0;1;1;0;0;0;0;0;0;0;1;1;
Festus Ezeli;;5:49;1;3;0;0;2;2;3;0;3;0;0;0;0;0;4;
HOU
Chandler Parsons;F;33:25;6;12;4;8;0;0;1;3;4;8;0;0;1;0;16;
Patrick Patterson;F;25:40;5;13;1;2;1;2;5;5;10;3;0;0;0;0;12;
Omer Asik;C;32:14;3;8;0;0;5;7;5;10;15;0;0;0;2;3;11;
James Harden;G;30:13;5;11;4;5;4;8;0;2;2;7;3;0;1;2;18;
Jeremy Lin;G;32:30;10;16;5;8;3;4;0;1;1;9;1;0;2;2;28;
Marcus Morris;;22:59;5;10;3;6;0;0;1;3;4;0;1;1;0;2;13;
James Anderson;;21:56;3;7;2;4;0;0;2;6;8;4;0;0;1;3;8;
Toney Douglas;;14:52;3;6;2;4;6;6;0;1;1;3;1;0;0;4;14;
Greg Smith;;14:33;2;3;0;0;0;0;0;2;2;0;0;1;1;4;4;
Patrick Beverley;;5:49;2;3;1;2;6;8;0;0;0;1;0;0;0;0;11;
Donatas Motiejunas;;5:49;2;2;1;1;0;0;0;1;1;0;0;0;0;4;5;
