02-13;SAC-DAL;100-123;
27-30;17-29;33-33;23-31;
SAC
John Salmons;F;27:05;1;5;1;1;3;4;0;4;4;3;2;0;0;3;6;
Jason Thompson;F;35:54;6;11;0;0;5;6;3;6;9;2;0;1;2;4;17;
DeMarcus Cousins;C;28:30;5;9;0;1;7;9;6;7;13;2;0;0;5;2;17;
Tyreke Evans;G;36:59;8;12;0;2;7;7;1;1;2;1;3;0;5;3;23;
Isaiah Thomas;G;29:16;4;12;1;4;3;3;0;1;1;3;0;0;2;3;12;
Jimmer Fredette;;18:44;1;7;0;1;1;2;0;0;0;0;1;0;0;2;3;
James Johnson;;24:41;6;11;0;0;4;5;1;5;6;4;0;0;4;1;16;
Francisco Garcia;;23:52;2;6;2;5;0;0;0;2;2;2;1;1;0;2;6;
Charles Hayes;;4:33;0;0;0;0;0;0;0;2;2;0;1;0;0;1;0;
Travis Outlaw;;5:44;0;4;0;2;0;0;1;2;3;0;0;0;0;1;0;
Tyler Honeycutt;;4:42;0;3;0;0;0;0;0;2;2;0;0;0;0;0;0;
DAL
Shawn Marion;F;28:19;4;9;1;3;0;0;2;7;9;2;1;0;1;2;9;
Dirk Nowitzki;F;30:26;6;9;1;1;4;4;1;7;8;6;3;1;2;1;17;
Bernard James;C;15:43;2;3;0;0;1;2;3;3;6;0;0;3;1;4;5;
O.J. Mayo;G;29:17;3;11;0;7;4;4;0;2;2;1;3;0;3;3;10;
Darren Collison;G;29:29;7;12;1;4;3;3;1;3;4;9;1;0;2;2;18;
Vince Carter;;22:57;9;15;6;9;2;2;2;3;5;0;2;0;0;2;26;
Elton Brand;;15:16;2;5;0;0;0;0;1;3;4;1;0;2;0;4;4;
Dahntay Jones;;12:14;1;3;0;0;4;4;1;1;2;1;0;2;1;1;6;
Rodrigue Beaubois;;13:38;1;5;0;1;2;2;0;3;3;3;0;0;0;1;4;
Jae Crowder;;16:05;4;7;3;6;0;0;0;1;1;1;2;0;1;5;11;
Brandan Wright;;17:01;1;6;0;0;3;4;4;3;7;0;0;2;0;2;5;
Mike James;;9:35;3;7;1;3;1;1;0;0;0;3;0;0;1;0;8;
