03-06;BOS-IND;83-81;
19-27;23-22;16-19;25-13;
BOS
Paul Pierce;F;33:48;4;15;2;4;3;3;2;6;8;4;1;1;3;3;13;
Brandon Bass;F;19:57;2;6;0;0;0;0;1;5;6;0;0;1;2;2;4;
Kevin Garnett;C;30:19;7;10;1;1;3;4;1;9;10;2;0;2;2;4;18;
Courtney Lee;G;32:28;2;7;0;0;2;2;1;3;4;0;3;0;0;3;6;
Avery Bradley;G;34:10;6;15;1;3;0;0;0;1;1;4;0;0;2;2;13;
Chris Wilcox;;16:59;3;3;0;0;0;0;2;1;3;0;3;0;1;1;6;
Jeff Green;;34:11;5;14;1;4;0;0;0;7;7;4;0;2;1;2;11;
Jason Terry;;21:56;4;8;2;3;0;0;2;2;4;4;2;0;0;1;10;
Jordan Crawford;;12:28;1;4;0;2;0;0;0;2;2;0;0;0;2;1;2;
DJ White;;3:43;0;1;0;0;0;0;0;2;2;0;0;2;0;0;0;
IND
Paul George;F;43:48;7;22;2;9;0;0;1;6;7;3;3;1;3;2;16;
David West;F;38:49;4;10;0;0;3;4;4;12;16;4;1;1;4;1;11;
Roy Hibbert;C;32:22;6;13;0;0;0;0;6;6;12;0;0;6;2;4;12;
Lance Stephenson;G;35:17;6;15;0;3;0;0;0;0;0;2;5;0;0;1;12;
George Hill;G;36:43;4;11;3;7;3;3;1;3;4;2;0;1;2;0;14;
Ian Mahinmi;;15:38;1;3;0;0;2;4;1;2;3;0;0;0;1;1;4;
Orlando Johnson;;12:43;3;9;1;5;0;0;1;4;5;0;0;2;0;1;7;
D.J. Augustin;;11:17;0;3;0;3;2;2;0;1;1;1;0;0;0;1;2;
Tyler Hansbrough;;9:11;0;1;0;0;0;0;2;0;2;0;0;0;1;2;0;
Sam Young;;4:12;1;1;0;0;1;1;0;0;0;0;0;0;1;0;3;
