02-22;DEN-WAS;113-119;
28-33;36-31;14-30;35-25;
DEN
Danilo Gallinari;F;27:38;2;5;0;3;2;2;0;3;3;1;1;0;1;2;6;
Kenneth Faried;F;22:40;2;4;0;0;2;2;1;3;4;0;1;1;0;1;6;
Kosta Koufos;C;18:11;1;6;0;0;2;2;4;3;7;0;1;2;0;1;4;
Andre Iguodala;G;33:49;3;5;2;4;0;2;1;4;5;5;2;0;4;4;8;
Ty Lawson;G;38:13;8;20;0;6;11;12;0;4;4;12;0;0;2;3;27;
Wilson Chandler;;27:32;8;15;1;4;5;5;0;4;4;0;1;0;0;5;22;
JaVale McGee;;20:13;3;5;0;0;3;6;1;3;4;0;1;2;0;3;9;
Andre Miller;;27:22;7;11;1;1;4;4;1;3;4;7;3;0;2;5;19;
Corey Brewer;;24:23;5;10;0;4;2;2;0;1;1;2;1;0;2;0;12;
WAS
Martell Webster;F;35:01;6;12;3;6;0;0;3;4;7;2;1;0;1;5;15;
Nene;F;30:13;5;11;0;0;4;4;1;3;4;3;1;2;2;4;14;
Emeka Okafor;C;26:41;8;14;0;0;1;5;5;8;13;2;0;0;0;2;17;
Bradley Beal;G;37:57;3;8;2;5;9;11;3;9;12;4;2;2;3;3;17;
John Wall;G;32:59;5;12;0;0;4;4;1;0;1;10;1;3;6;3;14;
Trevor Booker;;13:60;2;2;0;0;0;2;2;1;3;0;0;1;1;0;4;
Trevor Ariza;;26:41;5;11;2;6;4;4;0;4;4;3;0;0;3;2;16;
Kevin Seraphin;;6:30;1;3;0;0;0;0;0;1;1;0;0;0;0;2;2;
A.J. Price;;15:35;4;9;4;6;0;0;1;0;1;3;0;0;1;1;12;
Chris Singleton;;12:36;2;4;0;1;1;2;2;0;2;0;2;0;1;4;5;
Garrett Temple;;1:47;1;2;0;0;1;1;0;1;1;0;0;0;0;0;3;
