01-13;NOH-NYK;87-100;
29-22;12-27;25-22;21-29;
NOH
Al-Farouq Aminu;F;25:57;1;1;0;0;0;0;2;9;11;0;0;2;1;3;2;
Anthony Davis;F;33:14;6;13;0;0;1;3;3;5;8;2;1;1;0;3;13;
Robin Lopez;C;28:32;5;14;0;0;0;0;3;2;5;2;1;1;1;3;10;
Eric Gordon;G;29:22;7;14;1;6;7;9;1;2;3;2;2;0;1;3;22;
Greivis Vasquez;G;35:42;4;10;0;3;3;4;0;5;5;6;1;0;4;3;11;
Ryan Anderson;;21:25;3;12;1;8;0;0;1;4;5;0;0;0;2;1;7;
Jason Smith;;6:50;0;3;0;0;0;0;1;1;2;0;0;0;0;1;0;
Roger Mason Jr.;;22:24;3;7;2;3;1;1;0;2;2;1;1;0;0;2;9;
Lance Thomas;;13:00;0;0;0;0;0;0;1;2;3;1;0;0;1;2;0;
Brian Roberts;;10:36;1;4;0;3;5;5;0;3;3;0;0;0;0;1;7;
Austin Rivers;;3:55;0;0;0;0;0;0;0;0;0;0;0;0;2;0;0;
Xavier Henry;;9:03;3;4;0;0;0;0;0;0;0;0;0;0;1;1;6;
NYK
Carmelo Anthony;F;40:00;9;25;2;8;7;8;2;5;7;3;1;1;2;2;27;
Chris Copeland;F;30:10;9;15;4;8;0;0;0;4;4;0;0;0;0;2;22;
Tyson Chandler;C;26:37;1;3;0;0;3;6;2;12;14;2;0;3;1;1;5;
Jason Kidd;G;22:36;2;4;1;3;0;0;0;4;4;8;1;0;2;2;5;
James White;G;10:29;1;2;0;0;0;0;1;1;2;0;0;0;0;0;2;
J.R. Smith;;27:01;3;11;0;3;2;3;0;4;4;6;2;0;2;3;8;
Pablo Prigioni;;29:29;3;4;1;1;1;2;2;2;4;5;1;0;2;4;8;
Amar'e Stoudemire;;23:02;3;6;0;0;6;6;2;1;3;0;0;0;0;5;12;
Ronnie Brewer;;13:32;1;3;0;0;0;0;1;1;2;0;1;1;0;0;2;
Steve Novak;;17:04;3;8;3;7;0;0;0;1;1;0;0;0;0;2;9;
