01-28;HOU-UTA;125-80;
28-22;29-17;36-20;32-21;
HOU
Chandler Parsons;F;24:55;6;8;0;2;0;0;1;2;3;2;3;0;0;0;12;
Patrick Patterson;F;25:36;6;9;0;1;0;0;0;2;2;2;0;0;0;3;12;
Omer Asik;C;25:57;1;5;0;0;2;2;2;17;19;0;0;2;2;1;4;
James Harden;G;27:40;8;15;1;5;8;8;1;2;3;3;1;1;0;1;25;
Jeremy Lin;G;24:43;5;5;1;1;1;1;0;2;2;7;3;0;3;1;12;
Carlos Delfino;;21:44;5;9;4;6;0;0;0;1;1;2;0;0;0;2;14;
Greg Smith;;14:12;1;5;0;0;1;1;2;2;4;0;0;0;0;4;3;
Toney Douglas;;23:17;3;10;1;5;0;0;0;0;0;1;1;0;0;0;7;
Marcus Morris;;14:33;5;9;4;6;2;4;2;0;2;2;1;0;0;1;16;
Patrick Beverley;;12:00;1;1;1;1;0;0;1;0;1;3;2;1;0;1;3;
James Anderson;;9:41;3;6;2;4;0;0;0;3;3;3;1;0;0;0;8;
Cole Aldrich;;7:51;1;1;0;0;1;2;0;2;2;1;0;0;0;2;3;
Donatas Motiejunas;;7:51;2;6;2;3;0;0;1;1;2;1;0;0;0;2;6;
UTA
Marvin Williams;F;26:21;3;6;1;4;0;2;1;4;5;2;0;0;0;1;7;
Paul Millsap;F;21:03;2;9;0;0;0;0;1;1;2;1;0;1;0;1;4;
Al Jefferson;C;28:18;5;14;0;0;0;0;2;6;8;3;0;2;2;3;10;
Randy Foye;G;29:42;5;13;1;4;1;1;0;0;0;2;0;1;1;2;12;
Jamaal Tinsley;G;18:23;2;5;2;5;0;0;0;2;2;1;2;0;2;1;6;
Earl Watson;;9:37;0;1;0;1;0;0;0;2;2;1;0;0;1;3;0;
Derrick Favors;;26:57;4;9;0;1;3;6;3;2;5;2;0;3;3;4;11;
DeMarre Carroll;;10:48;1;3;0;1;2;2;2;0;2;1;0;1;1;1;4;
Alec Burks;;26:19;2;6;0;0;4;6;1;0;1;4;0;1;2;0;8;
Enes Kanter;;19:42;4;8;0;0;1;2;2;6;8;2;0;0;2;1;9;
Kevin Murphy;;12:00;4;6;1;1;0;0;0;1;1;0;0;0;0;0;9;
Jeremy Evans;;10:51;0;1;0;1;0;0;2;1;3;0;0;0;1;2;0;
