01-06;OKC-TOR;104-92;
23-18;29-32;26-17;26-25;
OKC
Kevin Durant;F;38:27;6;11;2;5;8;9;1;6;7;7;1;1;1;1;22;
Serge Ibaka;F;36:19;8;12;0;0;3;4;5;3;8;2;1;2;5;3;19;
Kendrick Perkins;C;24:26;2;4;0;0;0;0;1;6;7;2;1;0;1;2;4;
Thabo Sefolosha;G;24:02;1;5;1;5;0;0;0;2;2;2;1;0;0;5;3;
Russell Westbrook;G;35:05;8;17;1;3;6;6;0;4;4;7;3;0;5;1;23;
Kevin Martin;;34:26;5;12;1;6;5;5;1;2;3;2;1;0;2;4;16;
Nick Collison;;20:40;5;7;0;0;0;0;4;4;8;0;0;0;1;0;10;
Hasheem Thabeet;;6:16;0;0;0;0;0;0;0;1;1;0;0;0;0;1;0;
Reggie Jackson;;15:14;3;7;1;3;0;0;0;1;1;1;0;1;1;3;7;
DeAndre Liggins;;2:54;0;1;0;0;0;0;0;0;0;0;0;0;0;0;0;
Eric Maynor;;2:11;0;1;0;0;0;0;0;0;0;1;0;0;0;0;0;
TOR
Mickael Pietrus;F;16:13;1;4;1;4;0;0;0;1;1;1;0;0;1;1;3;
Ed Davis;F;33:50;2;7;0;0;0;0;0;3;3;0;0;0;1;2;4;
Amir Johnson;C;38:02;8;11;0;0;3;4;4;5;9;0;0;3;3;1;19;
DeMar DeRozan;G;32:46;4;16;0;1;3;4;1;2;3;2;1;0;2;2;11;
Jose Calderon;G;30:33;4;8;1;4;1;1;0;2;2;11;2;0;1;2;10;
Alan Anderson;;33:13;10;14;4;8;3;3;1;3;4;3;1;0;3;2;27;
Landry Fields;;15:22;1;3;0;0;0;0;1;2;3;1;0;0;1;2;2;
Terrence Ross;;11:32;0;2;0;1;0;2;0;1;1;2;1;0;0;2;0;
Kyle Lowry;;22:41;3;8;2;4;2;3;0;2;2;8;1;0;4;4;10;
Quincy Acy;;2:54;1;1;0;0;4;4;0;1;1;0;1;0;0;0;6;
John Lucas III;;2:54;0;2;0;1;0;0;0;2;2;0;0;0;0;0;0;
