03-11;NYK-GSW;63-92;
23-26;12-24;19-25;9-17;
NYK
Carmelo Anthony;F;33:34;4;15;0;2;6;9;5;5;10;0;0;0;1;5;14;
James White;F;5:26;0;1;0;1;0;0;0;0;0;2;0;0;0;1;0;
Tyson Chandler;C;31:01;1;2;0;0;2;2;1;7;8;0;0;1;1;4;4;
Iman Shumpert;G;23:09;3;9;2;4;0;2;0;0;0;0;0;0;0;2;8;
Raymond Felton;G;28:19;3;6;0;1;4;5;2;3;5;4;2;0;2;0;10;
J.R. Smith;;21:21;3;11;0;3;3;4;0;0;0;1;0;0;2;2;9;
Kenyon Martin;;18:03;1;4;0;0;1;4;1;3;4;0;1;0;1;5;3;
Jason Kidd;;19:17;0;3;0;3;0;0;0;3;3;2;1;1;0;1;0;
Kurt Thomas;;7:14;0;1;0;0;0;0;0;1;1;0;1;0;0;0;0;
Steve Novak;;16:32;0;6;0;4;0;0;0;3;3;1;0;0;0;2;0;
Pablo Prigioni;;17:14;0;4;0;4;0;0;1;1;2;1;2;0;2;0;0;
Chris Copeland;;18:51;5;11;3;5;2;2;1;5;6;1;0;0;4;5;15;
GSW
Harrison Barnes;F;16:08;2;5;0;0;1;2;1;0;1;1;0;0;0;2;5;
David Lee;F;38:14;7;15;0;0;7;8;3;7;10;8;0;0;4;5;21;
Andrew Bogut;C;22:45;1;4;0;0;2;2;2;9;11;1;2;1;0;5;4;
Klay Thompson;G;34:36;9;18;4;7;1;2;1;4;5;1;3;1;0;4;23;
Stephen Curry;G;36:56;9;18;6;10;2;2;1;5;6;3;1;0;2;1;26;
Jarrett Jack;;27:00;2;7;0;0;0;0;0;2;2;1;0;0;4;2;4;
Festus Ezeli;;14:60;0;2;0;0;2;4;4;6;10;1;0;1;0;2;2;
Carl Landry;;14:37;0;1;0;0;0;0;0;6;6;0;1;0;3;1;0;
Draymond Green;;13:24;0;1;0;0;1;2;0;5;5;0;0;1;0;1;1;
Richard Jefferson;;11:04;0;2;0;1;0;0;0;2;2;0;0;0;1;1;0;
Malcolm Thomas;;5:25;0;1;0;0;1;2;0;0;0;0;0;0;0;1;1;
Kent Bazemore;;4:52;2;4;1;2;0;0;1;0;1;0;0;0;0;0;5;
