01-01;LAC-DEN;78-92;
19-21;24-27;16-27;19-17;
LAC
Caron Butler;F;27:03;3;9;1;6;0;0;0;2;2;0;0;0;2;2;7;
Blake Griffin;F;28:29;4;11;0;0;4;7;3;6;9;2;1;0;1;5;12;
DeAndre Jordan;C;26:06;4;4;0;0;3;10;5;6;11;0;3;3;1;3;11;
Willie Green;G;17:00;1;9;0;5;0;0;0;1;1;0;2;0;0;0;2;
Chris Paul;G;33:57;4;9;1;4;1;1;0;4;4;6;2;0;3;1;10;
Jamal Crawford;;28:28;2;11;0;5;5;6;1;2;3;0;0;0;3;0;9;
Matt Barnes;;26:40;4;10;1;4;0;2;3;2;5;3;1;2;0;2;9;
Lamar Odom;;18:60;2;6;0;2;0;1;0;8;8;1;1;1;1;3;4;
Ronny Turiaf;;14:07;1;2;0;0;0;2;1;0;1;1;0;1;0;2;2;
Eric Bledsoe;;16:35;5;7;2;3;0;0;1;1;2;2;0;0;2;0;12;
Ryan Hollins;;2:37;0;0;0;0;0;0;0;0;0;0;0;0;0;0;0;
DEN
Danilo Gallinari;F;33:42;6;15;3;7;2;4;1;5;6;1;1;1;2;1;17;
Kenneth Faried;F;35:16;5;11;0;0;4;4;5;6;11;0;2;1;3;5;14;
Kosta Koufos;C;22:38;2;5;0;0;0;0;2;3;5;0;0;0;1;3;4;
Andre Iguodala;G;36:35;5;10;1;5;1;5;0;7;7;8;2;0;3;1;12;
Andre Miller;G;41:21;6;9;0;1;0;0;1;2;3;12;1;0;3;5;12;
JaVale McGee;;17:14;5;10;1;1;0;2;0;7;7;3;0;1;1;4;11;
Corey Brewer;;26:40;5;14;0;6;0;0;1;3;4;4;4;0;0;2;10;
Timofey Mozgov;;12:30;1;3;0;1;2;2;5;1;6;0;0;1;1;2;4;
Jordan Hamilton;;4:38;0;1;0;0;2;2;0;2;2;0;1;0;0;0;2;
Evan Fournier;;8:10;2;4;2;2;0;2;0;0;0;0;0;0;1;3;6;
Anthony Randolph;;1:16;0;0;0;0;0;0;0;1;1;0;0;0;0;0;0;
