11-12;MIL-PHI;105-96;
34-26;28-24;21-33;22-13;
MIL
Tobias Harris;F;17:33;4;5;0;1;2;2;0;2;2;2;0;0;1;2;10;
Ersan Ilyasova;F;18:14;1;5;0;1;0;0;1;6;7;2;0;0;2;2;2;
Samuel Dalembert;C;18:18;4;5;0;0;0;0;1;3;4;0;0;1;3;3;8;
Monta Ellis;G;38:17;8;20;1;5;1;1;0;5;5;7;2;1;6;3;18;
Brandon Jennings;G;37:59;12;21;4;9;5;5;0;5;5;8;4;1;1;3;33;
Mike Dunleavy;;32:32;4;6;2;3;3;5;0;5;5;3;0;0;2;0;13;
Larry Sanders;;17:35;1;2;0;0;0;0;1;8;9;0;0;2;4;5;2;
Ekpe Udoh;;21:16;2;5;0;0;3;3;1;4;5;0;0;2;1;0;7;
Beno Udrih;;13:31;3;4;0;0;0;0;1;2;3;2;0;0;3;0;6;
Marquis Daniels;;24:45;2;7;0;1;2;2;1;2;3;1;2;0;0;1;6;
PHI
Evan Turner;F;25:13;3;8;0;0;2;4;0;4;4;5;0;0;3;1;8;
Thaddeus Young;F;35:01;4;6;0;0;3;4;1;6;7;2;3;1;1;2;11;
Lavoy Allen;C;12:48;0;2;0;0;0;0;1;1;2;1;0;0;1;1;0;
Jason Richardson;G;36:18;8;16;3;8;1;2;0;4;4;2;2;0;0;0;20;
Jrue Holiday;G;37:27;10;18;1;2;4;4;0;1;1;6;1;0;8;3;25;
Spencer Hawes;;25:49;3;11;0;1;0;0;1;4;5;1;0;0;1;3;6;
Dorell Wright;;25:26;5;12;4;9;0;0;0;4;4;0;4;1;0;0;14;
Royal Ivey;;18:10;2;6;1;3;0;0;1;2;3;1;1;1;1;3;5;
Nick Young;;23:48;2;6;1;1;2;2;0;1;1;4;2;0;0;1;7;
