12-05;POR-IND;92-99;
21-20;29-28;14-31;28-20;
POR
Nicolas Batum;F;29:09;2;8;1;5;0;0;0;0;0;4;1;0;2;1;5;
LaMarcus Aldridge;F;36:58;5;14;0;0;8;10;1;9;10;0;2;1;1;3;18;
JJ Hickson;C;26:27;7;12;0;0;0;0;5;7;12;1;0;0;2;0;14;
Wesley Matthews;G;38:23;5;13;3;9;6;7;1;3;4;3;1;0;2;1;19;
Damian Lillard;G;42:40;9;15;1;5;4;5;0;3;3;6;0;0;0;3;23;
Meyers Leonard;;11:31;2;4;0;0;0;0;0;1;1;0;0;1;0;1;4;
Will Barton;;13:52;0;3;0;2;0;0;0;1;1;0;0;0;2;1;0;
Nolan Smith;;5:20;1;2;0;0;0;0;0;0;0;2;0;0;1;0;2;
Joel Freeland;;12:45;0;4;0;0;0;0;1;0;1;2;1;1;0;3;0;
Luke Babbitt;;14:36;2;3;1;1;0;0;1;4;5;0;0;0;0;2;5;
Jared Jeffries;;8:19;1;1;0;0;0;0;0;0;0;0;0;0;0;0;2;
IND
Paul George;F;37:32;7;15;4;9;4;4;0;8;8;5;1;0;4;1;22;
David West;F;32:27;8;11;0;0;0;0;5;5;10;2;1;0;2;1;16;
Roy Hibbert;C;29:04;3;13;0;0;4;4;3;4;7;0;0;3;1;4;10;
Lance Stephenson;G;23:08;1;4;0;2;0;0;0;5;5;3;1;0;0;1;2;
George Hill;G;33:40;5;13;3;7;5;5;0;2;2;3;1;1;3;1;18;
Gerald Green;;23:06;3;8;2;5;0;0;1;1;2;2;0;2;0;0;8;
Tyler Hansbrough;;15:44;3;6;0;0;4;4;3;2;5;0;1;0;1;0;10;
Ian Mahinmi;;18:34;6;6;0;0;0;0;1;3;4;0;0;1;2;4;12;
Sam Young;;12:03;0;1;0;1;0;0;0;3;3;1;0;0;0;0;0;
D.J. Augustin;;14:42;0;3;0;2;1;2;0;0;0;4;1;0;0;0;1;
