02-06;NYK-WAS;96-106;
29-28;19-23;25-19;23-36;
NYK
Iman Shumpert;F;21:53;2;8;1;3;0;0;1;1;2;2;0;0;1;2;5;
Carmelo Anthony;F;43:36;10;23;4;8;7;8;1;8;9;3;0;0;5;2;31;
Tyson Chandler;C;36:07;3;6;0;0;2;2;5;8;13;0;1;0;0;2;8;
Raymond Felton;G;40:11;6;13;3;5;2;2;1;2;3;4;2;0;1;1;17;
Jason Kidd;G;17:46;0;4;0;4;0;0;0;2;2;2;1;0;0;0;0;
J.R. Smith;;34:39;6;14;0;4;1;2;1;1;2;2;0;0;0;3;13;
Amar'e Stoudemire;;28:06;6;11;0;0;7;9;2;4;6;0;1;3;1;2;19;
Pablo Prigioni;;7:49;1;3;1;3;0;0;1;2;3;1;0;0;1;0;3;
Steve Novak;;9:53;0;2;0;1;0;0;0;1;1;0;0;0;0;0;0;
WAS
Martell Webster;F;42:01;6;11;5;9;2;2;0;2;2;2;0;0;0;1;19;
Nene;F;27:49;6;9;0;0;1;2;1;9;10;3;1;1;0;5;13;
Emeka Okafor;C;24:59;6;11;0;0;0;0;2;5;7;1;1;0;0;1;12;
Garrett Temple;G;16:36;2;4;0;0;0;0;0;2;2;1;0;0;2;0;4;
John Wall;G;38:53;8;18;0;1;5;5;1;4;5;9;0;1;6;2;21;
A.J. Price;;9:07;1;4;0;0;0;0;0;0;0;3;0;0;1;1;2;
Kevin Seraphin;;19:11;2;4;0;0;1;2;2;2;4;0;0;1;1;1;5;
Trevor Ariza;;33:13;7;11;5;7;1;1;1;3;4;3;1;0;0;1;20;
Chris Singleton;;22:12;4;5;1;2;1;2;0;3;3;1;0;1;0;4;10;
Jordan Crawford;;5:59;0;2;0;1;0;0;0;1;1;0;0;0;0;1;0;
