02-02;CHI-ATL;93-76;
24-17;19-27;26-16;24-16;
CHI
Luol Deng;F;45:45;10;21;3;6;2;2;7;7;14;5;4;2;0;1;25;
Jimmy Butler;F;45:37;6;16;1;3;3;3;3;7;10;2;3;0;3;2;16;
Taj Gibson;C;45:13;9;14;0;0;1;3;6;13;19;2;1;3;0;3;19;
Richard Hamilton;G;22:44;3;14;0;2;0;0;2;2;4;3;1;0;1;0;6;
Nate Robinson;G;40:37;8;16;4;6;0;0;0;2;2;8;3;0;2;4;20;
Marco Belinelli;;27:39;1;8;0;3;3;5;0;3;3;5;0;0;1;0;5;
Marquis Teague;;7:23;1;2;0;0;0;0;0;1;1;1;0;0;0;1;2;
Vladimir Radmanovic;;5:02;0;2;0;0;0;0;0;0;0;0;0;0;0;3;0;
ATL
DeShawn Stevenson;F;17:30;1;6;0;4;0;0;0;1;1;2;1;0;0;0;2;
Josh Smith;F;36:37;9;16;1;1;0;3;3;10;13;5;0;2;4;4;19;
Al Horford;C;40:00;7;18;0;0;0;0;5;7;12;1;0;3;1;1;14;
Kyle Korver;G;36:43;3;6;3;5;1;1;0;6;6;1;1;2;2;3;10;
Jeff Teague;G;31:51;5;11;2;5;4;4;0;0;0;4;1;0;2;1;16;
Jannero Pargo;;14:02;0;6;0;4;0;0;0;0;0;1;0;0;1;0;0;
John Jenkins;;22:35;2;3;0;0;1;2;0;1;1;2;0;0;1;1;5;
Ivan Johnson;;22:52;3;8;0;0;2;5;3;6;9;0;0;0;3;1;8;
Anthony Tolliver;;12:29;1;2;0;0;0;0;1;1;2;1;0;0;0;1;2;
Anthony Morrow;;3:44;0;3;0;0;0;0;0;1;1;0;0;0;0;0;0;
Mike Scott;;1:37;0;0;0;0;0;0;0;0;0;0;0;0;0;0;0;
