01-31;MEM-OKC;89-106;
22-32;12-26;33-21;22-27;
MEM
Tony Allen;F;29:35;3;12;0;1;2;2;5;4;9;0;0;0;1;5;8;
Zach Randolph;F;36:40;4;17;0;0;1;2;9;10;19;2;3;1;2;2;9;
Marc Gasol;C;36:43;6;15;0;1;4;5;1;6;7;3;0;0;4;3;16;
Jerryd Bayless;G;39:54;9;17;2;5;3;4;1;2;3;6;1;0;3;3;23;
Mike Conley;G;38:18;7;19;3;9;0;0;1;2;3;4;3;0;1;3;17;
Tony Wroten;;9:12;1;2;0;1;4;4;0;0;0;4;2;0;0;2;6;
Darrell Arthur;;24:04;4;10;1;3;0;0;2;2;4;0;1;1;1;2;9;
Chris Johnson;;21:04;0;6;0;5;1;2;2;0;2;0;2;0;1;3;1;
Jon Leuer;;4:30;0;0;0;0;0;0;0;1;1;0;0;0;0;0;0;
OKC
Kevin Durant;F;37:51;10;16;0;2;7;9;0;7;7;6;1;1;2;1;27;
Serge Ibaka;F;25:40;2;3;0;1;0;0;0;1;1;1;0;6;1;4;4;
Kendrick Perkins;C;26:14;2;3;0;0;3;4;1;6;7;0;0;2;1;5;7;
Thabo Sefolosha;G;23:23;3;5;1;2;0;0;0;2;2;3;2;0;3;1;7;
Russell Westbrook;G;31:03;9;17;1;4;2;2;1;8;9;6;1;0;5;0;21;
Nick Collison;;25:52;4;5;0;0;4;4;2;5;7;1;1;0;0;3;12;
Kevin Martin;;28:34;5;13;3;4;3;4;0;1;1;2;0;0;1;0;16;
Hasheem Thabeet;;10:45;2;2;0;0;0;0;0;2;2;0;0;2;0;0;4;
Reggie Jackson;;15:07;1;4;0;0;2;2;0;6;6;1;0;0;2;2;4;
DeAndre Liggins;;7:51;1;2;0;1;0;0;0;1;1;1;0;0;0;1;2;
Perry Jones;;3:50;1;2;0;0;0;0;0;0;0;2;0;0;0;0;2;
Eric Maynor;;3:50;0;0;0;0;0;0;0;0;0;2;0;0;1;1;0;
