01-30;DET-IND;79-98;
23-29;13-25;20-16;23-28;
DET
Kyle Singler;F;30:13;2;6;1;1;0;0;1;3;4;0;2;2;0;0;5;
Jason Maxiell;F;17:10;1;5;0;0;0;0;2;3;5;0;0;2;0;0;2;
Greg Monroe;C;32:47;8;17;0;0;2;6;3;6;9;0;0;2;4;3;18;
Rodney Stuckey;G;34:04;6;16;1;6;1;2;1;2;3;2;2;0;2;2;14;
Brandon Knight;G;28:19;3;12;0;2;1;1;1;0;1;4;0;0;1;0;7;
Jonas Jerebko;;18:40;0;4;0;2;3;4;1;3;4;0;1;0;0;1;3;
Andre Drummond;;24:10;1;3;0;0;2;10;6;8;14;1;2;3;1;4;4;
Will Bynum;;22:44;6;12;0;1;1;2;0;0;0;2;0;0;4;2;13;
Kim English;;13:56;2;6;0;2;2;2;0;1;1;2;1;0;1;2;6;
Charlie Villanueva;;15:02;1;5;1;4;0;0;0;2;2;0;0;0;0;2;3;
Viacheslav Kravtsov;;2:55;2;2;0;0;0;0;1;0;1;0;0;1;0;1;4;
IND
Paul George;F;39:33;3;11;1;4;3;4;1;5;6;4;2;0;6;4;10;
David West;F;27:32;7;14;0;0;0;0;2;3;5;3;1;1;0;1;14;
Roy Hibbert;C;26:13;7;14;0;0;4;4;6;5;11;2;1;1;3;3;18;
Lance Stephenson;G;32:27;5;10;1;3;1;2;0;11;11;5;1;0;0;1;12;
George Hill;G;36:43;6;8;3;4;0;0;0;2;2;3;0;1;0;0;15;
Tyler Hansbrough;;17:08;3;8;0;0;8;8;2;9;11;1;1;0;2;1;14;
Orlando Johnson;;12:12;2;2;1;1;1;1;0;1;1;2;0;0;3;3;6;
D.J. Augustin;;15:13;1;3;1;2;0;0;0;1;1;1;1;0;1;0;3;
Ian Mahinmi;;17:51;1;5;0;0;2;2;2;3;5;0;1;1;1;2;4;
Gerald Green;;3:56;0;1;0;0;0;0;0;0;0;0;0;0;0;1;0;
Ben Hansbrough;;3:56;1;2;0;0;0;0;0;0;0;1;0;0;0;1;2;
Jeff Ayres;;3:56;0;3;0;0;0;0;0;0;0;1;0;0;0;1;0;
Miles Plumlee;;3:20;0;0;0;0;0;0;2;1;3;0;0;0;1;0;0;
