12-02;ORL-LAL;113-103;
23-27;29-25;21-25;40-26;
ORL
Maurice Harkless;F;21:30;1;1;0;0;0;0;0;1;1;1;1;1;1;2;2;
Glen Davis;F;35:30;8;15;0;0;7;8;0;12;12;2;1;2;3;3;23;
Nikola Vucevic;C;40:27;8;15;0;0;1;1;3;9;12;1;0;4;1;5;17;
Arron Afflalo;G;40:27;11;18;4;8;4;4;0;5;5;5;1;0;5;2;30;
Jameer Nelson;G;38:48;6;14;2;6;5;5;0;5;5;13;2;0;2;2;19;
Josh McRoberts;;12:30;0;3;0;2;0;0;1;2;3;3;0;0;0;5;0;
JJ Redick;;29:38;6;15;2;7;0;0;0;2;2;7;0;1;0;4;14;
E'Twaun Moore;;9:12;1;3;0;0;0;0;0;0;0;2;0;0;0;0;2;
DeQuan Jones;;4:25;0;0;0;0;0;0;0;2;2;0;0;0;0;2;0;
Kyle O'Quinn;;7:33;2;2;0;0;2;2;1;1;2;0;0;2;0;3;6;
Gustavo Ayon;;None;0;0;0;0;0;0;0;0;0;0;0;0;0;0;0;
LAL
Metta World Peace;F;36:57;5;13;3;6;2;2;2;3;5;5;3;0;1;2;15;
Pau Gasol;F;28:48;4;11;0;0;3;4;1;6;7;2;0;1;1;2;11;
Dwight Howard;C;38:43;6;13;0;0;9;21;6;9;15;0;0;0;3;5;21;
Kobe Bryant;G;38:43;12;27;0;2;10;11;1;6;7;5;1;0;2;2;34;
Darius Morris;G;18:03;1;5;0;2;0;0;1;1;2;3;1;0;1;2;2;
Antawn Jamison;;28:29;4;7;1;3;1;1;0;5;5;0;0;1;2;1;10;
Chris Duhon;;29:57;1;2;1;1;0;0;0;2;2;3;0;0;1;1;3;
Devin Ebanks;;11:03;2;5;0;1;0;0;1;2;3;2;0;0;0;1;4;
Jodie Meeks;;9:17;1;3;1;2;0;0;0;0;0;0;0;0;0;0;3;
