03-02;BKN-CHI;85-96;
27-27;12-26;20-24;26-19;
BKN
Gerald Wallace;F;33:02;3;7;1;1;1;3;0;4;4;2;3;1;4;3;8;
Reggie Evans;F;17:55;0;2;0;0;0;0;4;6;10;0;2;0;4;1;0;
Brook Lopez;C;34:18;9;16;0;0;4;5;1;2;3;1;1;3;0;1;22;
Joe Johnson;G;37:16;5;10;1;4;0;0;0;5;5;5;1;0;5;4;11;
Deron Williams;G;36:14;4;12;1;5;5;5;0;2;2;6;0;0;3;3;14;
Keith Bogans;;15:27;0;0;0;0;0;0;0;1;1;0;0;0;0;2;0;
Kris Humphries;;2:16;0;1;0;0;0;0;0;0;0;0;0;0;1;0;0;
CJ Watson;;19:48;3;7;1;2;0;0;1;1;2;1;1;0;2;1;7;
Andray Blatche;;22:49;4;10;0;1;5;6;1;3;4;2;4;0;1;0;13;
MarShon Brooks;;8:42;0;0;0;0;0;2;0;0;0;1;0;0;1;2;0;
Mirza Teletovic;;10:30;4;7;1;2;0;0;1;2;3;1;0;0;0;3;9;
Tyshawn Taylor;;1:43;0;0;0;0;1;2;0;0;0;0;0;0;0;0;1;
CHI
Luol Deng;F;44:12;3;10;0;2;2;2;2;3;5;3;3;2;4;2;8;
Carlos Boozer;F;31:33;9;16;0;0;2;2;0;8;8;3;5;1;4;4;20;
Joakim Noah;C;41:13;10;13;0;1;1;1;4;6;10;5;2;4;5;3;21;
Marco Belinelli;G;30:46;2;7;1;2;2;2;0;3;3;4;0;0;1;5;7;
Kirk Hinrich;G;38:54;5;8;2;3;0;0;0;1;1;4;0;0;2;4;12;
Nate Robinson;;18:47;4;9;2;5;2;2;0;1;1;4;0;0;3;2;12;
Jimmy Butler;;22:51;4;7;0;1;5;5;0;2;2;2;1;0;0;0;13;
Daequan Cook;;7:33;1;3;1;1;0;0;0;2;2;0;0;0;0;1;3;
Nazr Mohammed;;4:11;0;0;0;0;0;0;0;2;2;0;0;0;0;3;0;
