11-06;DET-DEN;97-109;
21-24;30-34;25-27;21-24;
DET
Tayshaun Prince;F;28:47;2;8;0;0;0;0;1;2;3;1;0;0;0;0;4;
Jason Maxiell;F;22:36;4;4;0;0;1;2;1;1;2;0;1;2;0;2;9;
Greg Monroe;C;35:21;10;20;0;0;7;7;3;7;10;2;1;3;2;4;27;
Rodney Stuckey;G;39:04;5;17;2;6;5;7;1;3;4;4;0;1;2;2;17;
Brandon Knight;G;32:60;1;6;0;1;0;0;0;4;4;9;1;1;4;3;2;
Kyle Singler;;19:13;3;5;0;0;3;4;1;0;1;0;0;1;1;1;9;
Jonas Jerebko;;25:20;4;8;1;2;2;2;1;5;6;0;3;0;1;2;11;
Will Bynum;;15:00;1;5;0;0;3;3;0;3;3;8;0;0;2;2;5;
Andre Drummond;;12:13;3;3;1;1;0;0;0;2;2;2;0;0;0;0;7;
Kim English;;9:22;2;2;2;2;0;0;0;0;0;0;0;1;1;3;6;
Charlie Villanueva;;0:04;0;0;0;0;0;0;0;0;0;0;0;0;0;0;0;
DEN
Danilo Gallinari;F;31:40;3;11;2;8;0;0;2;2;4;2;0;2;4;4;8;
Kenneth Faried;F;22:40;7;10;0;0;1;3;3;5;8;1;0;1;0;3;15;
Kosta Koufos;C;29:33;7;13;0;0;0;0;2;3;5;0;0;3;1;5;14;
Andre Iguodala;G;36:21;6;15;3;6;2;2;3;7;10;4;1;1;4;1;17;
Ty Lawson;G;39:21;3;8;1;4;8;10;0;4;4;9;4;0;1;3;15;
Andre Miller;;26:09;2;5;0;2;4;5;2;1;3;6;3;0;2;1;8;
Wilson Chandler;;16:09;2;8;1;3;0;0;4;3;7;0;0;0;1;2;5;
Corey Brewer;;20:06;4;11;3;7;0;0;2;6;8;0;1;1;1;2;11;
JaVale McGee;;18:01;7;11;0;0;2;2;3;0;3;1;0;3;1;0;16;
