02-22;HOU-BKN;106-96;
34-31;27-22;23-22;22-21;
HOU
Chandler Parsons;F;39:28;3;7;2;4;2;2;1;4;5;4;1;1;3;4;10;
Carlos Delfino;F;36:26;8;14;6;9;0;0;0;5;5;5;1;0;1;1;22;
Omer Asik;C;30:05;5;11;0;0;0;0;1;10;11;1;1;0;0;3;10;
James Harden;G;42:00;7;14;4;7;4;5;0;5;5;4;1;0;3;1;22;
Jeremy Lin;G;35:51;4;11;0;2;1;2;0;2;2;6;0;0;5;3;9;
Patrick Beverley;;14:06;3;5;3;4;0;0;0;1;1;2;0;1;0;3;9;
Greg Smith;;16:01;5;5;0;0;0;1;3;1;4;0;0;1;1;4;10;
James Anderson;;14:41;2;5;1;3;0;0;1;2;3;3;1;1;0;0;5;
Donatas Motiejunas;;11:22;4;5;0;1;1;2;1;0;1;0;0;0;3;3;9;
BKN
Gerald Wallace;F;31:06;3;10;0;2;1;3;2;3;5;2;5;0;4;2;7;
Reggie Evans;F;24:11;1;3;0;0;0;0;5;8;13;1;2;1;1;3;2;
Brook Lopez;C;35:14;13;21;0;0;1;2;3;3;6;1;0;1;1;2;27;
CJ Watson;G;39:50;7;15;3;7;0;2;2;2;4;5;0;1;0;1;17;
Deron Williams;G;40:04;5;17;3;8;2;2;0;2;2;13;0;1;3;3;15;
Keith Bogans;;24:12;2;9;2;8;0;0;0;0;0;0;0;1;1;4;6;
Andray Blatche;;12:46;2;4;0;0;0;0;1;0;1;1;2;0;2;1;4;
MarShon Brooks;;10:31;2;3;0;0;2;2;0;0;0;0;0;0;0;1;6;
Kris Humphries;;5:11;0;1;0;0;0;0;1;4;5;0;0;0;1;1;0;
Mirza Teletovic;;16:55;5;8;2;5;0;0;0;5;5;1;0;0;0;1;12;
