03-08;TOR-LAL;116-118;
37-25;22-28;30-26;20-30;7-9;
TOR
Rudy Gay;F;41:12;7;26;2;7;1;2;0;7;7;4;3;2;6;4;17;
Andrea Bargnani;F;8:54;1;1;0;0;0;0;0;2;2;0;0;0;1;0;2;
Jonas Valanciunas;C;16:32;6;8;0;0;0;0;2;4;6;0;0;1;1;4;12;
DeMar DeRozan;G;44:00;12;18;0;0;4;4;0;5;5;5;1;0;0;1;28;
Kyle Lowry;G;34:49;5;8;3;5;2;3;0;4;4;10;0;1;3;4;15;
Amir Johnson;;27:35;4;4;0;0;0;0;0;2;2;1;1;2;2;6;8;
Alan Anderson;;29:27;6;14;2;5;3;5;1;4;5;1;2;0;1;4;17;
John Lucas III;;18:15;5;7;1;3;0;0;0;2;2;3;0;0;2;2;11;
Landry Fields;;24:28;2;4;0;0;2;2;1;2;3;4;1;0;0;0;6;
Sebastian Telfair;;5:07;0;2;0;2;0;0;0;1;1;1;0;0;1;0;0;
Aaron Gray;;14:41;0;1;0;0;0;0;3;3;6;3;0;0;0;2;0;
LAL
Metta World Peace;F;43:31;3;12;1;6;2;2;3;1;4;1;1;0;0;2;9;
Earl Clark;F;17:56;1;3;0;1;0;0;0;2;2;2;0;0;0;0;2;
Dwight Howard;C;46:16;9;15;0;0;6;13;3;10;13;1;3;5;2;3;24;
Kobe Bryant;G;43:47;11;22;5;10;14;16;1;5;6;12;2;0;9;0;41;
Steve Nash;G;39:55;7;13;4;6;4;5;2;2;4;2;2;0;2;0;22;
Antawn Jamison;;18:55;4;10;1;4;0;0;3;5;8;0;0;0;0;4;9;
Jodie Meeks;;36:14;3;11;2;9;0;0;1;3;4;0;1;0;0;5;8;
Steve Blake;;18:27;1;5;1;3;0;0;1;5;6;5;1;0;0;0;3;
