12-01;OKC-NOH;100-79;
30-21;24-23;30-13;16-22;
OKC
Kevin Durant;F;31:59;7;13;2;4;4;4;0;8;8;3;1;1;1;0;20;
Serge Ibaka;F;22:59;2;7;0;1;1;2;1;5;6;0;0;2;2;2;5;
Kendrick Perkins;C;23:43;5;6;0;0;0;0;3;2;5;1;0;1;0;1;10;
Thabo Sefolosha;G;27:38;3;5;1;2;1;2;0;5;5;1;1;1;0;1;8;
Russell Westbrook;G;30:04;8;18;2;3;0;0;2;3;5;10;3;1;5;3;18;
Kevin Martin;;26:55;6;13;1;4;6;7;0;2;2;1;2;1;0;2;19;
Nick Collison;;18:11;6;8;0;0;0;0;1;2;3;0;3;1;0;1;12;
Hasheem Thabeet;;19:05;1;1;0;0;0;1;2;3;5;0;0;3;0;4;2;
Eric Maynor;;19:56;1;5;1;2;0;0;0;1;1;4;0;0;0;1;3;
Reggie Jackson;;6:30;0;0;0;0;0;0;1;1;2;1;0;0;2;0;0;
DeAndre Liggins;;6:30;1;1;0;0;1;1;0;2;2;0;0;0;2;1;3;
Perry Jones;;6:30;0;2;0;0;0;0;1;0;1;0;0;1;2;1;0;
NOH
Al-Farouq Aminu;F;23:57;4;12;0;0;0;0;2;4;6;0;0;0;0;1;8;
Ryan Anderson;F;33:56;6;17;3;11;6;8;5;5;10;2;1;0;3;0;21;
Robin Lopez;C;27:49;6;9;0;0;0;0;4;2;6;1;2;1;2;2;12;
Roger Mason Jr.;G;26:15;4;7;2;4;1;1;0;3;3;1;1;1;1;0;11;
Greivis Vasquez;G;29:10;2;8;1;2;0;0;1;1;2;7;0;0;3;2;5;
Xavier Henry;;10:52;1;3;0;0;2;4;0;2;2;0;2;0;1;4;4;
Austin Rivers;;21:45;2;9;0;3;1;1;0;3;3;2;0;0;2;3;5;
Jason Smith;;10:59;1;5;0;1;0;0;0;2;2;1;0;2;2;2;2;
Brian Roberts;;18:50;3;5;0;1;2;2;0;1;1;1;1;0;1;0;8;
Lance Thomas;;18:38;1;3;0;0;1;2;3;3;6;1;0;1;0;0;3;
Darius Miller;;17:49;0;3;0;2;0;0;1;1;2;2;0;0;0;2;0;
