01-12;ATL-WAS;83-93;
17-27;33-24;16-22;17-20;
ATL
Kyle Korver;F;28:07;2;6;1;4;0;0;1;2;3;2;1;1;1;4;5;
Josh Smith;F;38:20;4;13;1;4;2;6;2;6;8;4;1;1;4;4;11;
Al Horford;C;40:23;8;16;0;0;0;0;0;12;12;3;0;1;3;2;16;
Devin Harris;G;21:59;3;6;1;3;1;2;0;2;2;5;1;0;2;2;8;
Jeff Teague;G;35:21;6;10;1;3;6;7;0;3;3;4;2;1;3;1;19;
Zaza Pachulia;;17:27;2;4;0;0;1;2;1;5;6;0;0;0;1;2;5;
Lou Williams;;25:53;3;12;2;6;0;0;0;0;0;2;1;0;1;1;8;
Ivan Johnson;;17:17;0;6;0;2;6;8;2;2;4;3;1;0;1;2;6;
John Jenkins;;9:32;2;4;1;1;0;0;0;0;0;0;0;0;0;1;5;
DeShawn Stevenson;;5:41;0;1;0;1;0;0;0;0;0;0;1;0;0;1;0;
WAS
Martell Webster;F;26:27;6;10;1;3;2;6;0;1;1;2;2;0;1;3;15;
Nene;F;26:38;3;5;0;0;2;2;3;7;10;3;0;0;3;4;8;
Emeka Okafor;C;24:57;3;8;0;0;4;6;3;7;10;2;0;0;1;1;10;
Bradley Beal;G;39:40;6;16;1;3;3;4;1;3;4;2;3;0;2;2;16;
A.J. Price;G;26:55;6;12;0;4;4;4;1;3;4;3;2;0;1;2;16;
Kevin Seraphin;;31:34;4;10;0;0;0;0;2;5;7;0;1;1;3;4;8;
John Wall;;20:54;5;11;0;0;4;5;0;2;2;4;0;0;3;2;14;
Jan Vesely;;4:51;0;1;0;0;0;0;0;2;2;0;0;0;0;5;0;
Trevor Ariza;;21:33;1;2;0;0;0;0;1;8;9;1;0;0;1;1;2;
Trevor Booker;;8:00;1;1;0;0;0;0;1;1;2;0;1;2;2;2;2;
Garrett Temple;;8:31;1;3;0;1;0;0;0;0;0;0;0;1;0;1;2;
