02-23;IND-DET;90-72;
16-9;23-19;24-20;27-24;
IND
Paul George;F;42:19;5;14;1;7;1;2;0;12;12;8;3;0;5;2;12;
David West;F;30:10;6;14;0;0;4;4;0;8;8;4;1;1;1;2;16;
Roy Hibbert;C;19:59;3;6;0;0;4;4;0;1;1;2;0;2;5;6;10;
Lance Stephenson;G;24:34;2;3;1;2;0;0;0;5;5;2;2;0;2;1;5;
George Hill;G;29:39;7;10;3;5;0;1;0;3;3;2;1;0;2;1;17;
Ian Mahinmi;;28:01;3;8;0;0;1;2;6;4;10;1;1;2;1;5;7;
Tyler Hansbrough;;17:50;3;5;0;0;3;4;4;0;4;1;0;0;2;3;9;
Danny Granger;;18:36;1;10;0;4;0;0;0;2;2;1;0;1;1;2;2;
Orlando Johnson;;10:31;1;1;0;0;0;0;0;1;1;0;0;0;0;3;2;
D.J. Augustin;;18:21;3;4;3;4;1;2;0;2;2;0;0;0;1;0;10;
DET
Kyle Singler;F;28:37;1;6;0;3;0;0;0;3;3;0;1;0;1;2;2;
Jason Maxiell;F;23:01;2;6;0;0;0;2;3;3;6;0;0;1;2;2;4;
Greg Monroe;C;33:39;4;16;0;0;4;7;5;7;12;4;3;0;5;5;12;
Rodney Stuckey;G;32:48;3;8;0;1;5;5;0;2;2;1;1;0;2;0;11;
Jose Calderon;G;32:39;5;7;0;0;3;3;0;5;5;5;1;0;2;0;13;
Viacheslav Kravtsov;;14:21;0;1;0;0;0;0;0;0;0;1;0;0;1;3;0;
Khris Middleton;;25:43;3;7;1;5;2;2;0;2;2;1;0;0;0;3;9;
Kim English;;8:52;0;1;0;0;1;2;0;1;1;0;2;0;0;0;1;
Charlie Villanueva;;24:59;1;11;1;5;2;2;0;5;5;0;0;1;0;5;5;
Will Bynum;;15:21;7;14;0;0;1;1;2;1;3;2;1;0;1;2;15;
