02-19;CHI-NOH;96-87;
26-21;21-22;27-25;22-19;
CHI
Luol Deng;F;34:56;7;13;2;5;4;4;0;5;5;3;1;0;5;0;20;
Carlos Boozer;F;28:52;8;16;0;0;1;1;4;6;10;3;4;0;1;2;17;
Joakim Noah;C;38:17;6;11;0;0;3;4;5;12;17;5;0;3;1;4;15;
Richard Hamilton;G;17:03;3;7;0;0;1;2;0;1;1;3;0;1;1;2;7;
Kirk Hinrich;G;30:38;2;7;1;2;0;0;0;2;2;10;3;0;2;3;5;
Taj Gibson;;22:55;2;5;0;1;0;0;1;2;3;0;1;1;3;4;4;
Marco Belinelli;;20:26;3;6;1;2;2;2;2;1;3;4;0;0;0;2;9;
Jimmy Butler;;23:36;4;8;1;2;0;2;2;1;3;1;0;1;1;1;9;
Nate Robinson;;17:22;2;9;0;1;2;2;0;1;1;1;1;0;1;1;6;
Nazr Mohammed;;5:56;2;2;0;0;0;0;0;2;2;0;0;0;0;0;4;
NOH
Al-Farouq Aminu;F;33:24;5;6;0;0;0;0;2;5;7;1;3;2;3;2;10;
Anthony Davis;F;32:44;6;13;0;0;3;3;1;9;10;3;4;1;1;2;15;
Robin Lopez;C;21:08;0;1;0;0;1;2;1;3;4;1;0;2;1;0;1;
Eric Gordon;G;29:33;8;17;3;7;1;2;0;2;2;1;0;0;4;4;20;
Greivis Vasquez;G;35:03;5;16;0;4;1;1;0;2;2;10;0;0;2;2;11;
Ryan Anderson;;27:40;2;11;0;4;6;9;5;1;6;1;0;1;1;2;10;
Austin Rivers;;19:37;1;3;0;0;1;3;0;3;3;1;0;0;0;1;3;
Jason Smith;;14:28;4;8;0;0;0;0;1;2;3;0;0;1;0;1;8;
Darius Miller;;3:36;0;0;0;0;0;0;0;0;0;0;0;0;0;1;0;
Brian Roberts;;12:57;3;6;1;1;0;0;0;0;0;4;1;0;3;1;7;
Roger Mason Jr.;;3:44;0;1;0;1;0;0;0;0;0;0;0;0;0;0;0;
Lance Thomas;;6:06;1;2;0;0;0;0;1;1;2;1;0;0;0;0;2;
