11-20;NYK-NOH;102-80;
29-17;24-31;30-16;19-16;
NYK
Ronnie Brewer;F;23:19;2;5;2;5;4;7;0;1;1;0;0;0;0;2;10;
Carmelo Anthony;F;28:04;12;22;2;6;3;3;2;4;6;4;0;0;1;1;29;
Tyson Chandler;C;18:44;2;2;0;0;3;5;4;8;12;0;0;0;0;2;7;
Raymond Felton;G;29:33;5;8;5;6;0;0;0;2;2;6;0;0;1;2;15;
Jason Kidd;G;25:17;1;3;1;3;0;0;1;4;5;4;2;1;1;0;3;
Rasheed Wallace;;18:28;2;8;0;1;2;2;2;5;7;0;0;1;1;5;6;
J.R. Smith;;29:31;6;14;1;3;2;2;2;3;5;1;2;0;1;1;15;
Steve Novak;;24:52;3;12;2;10;0;0;0;0;0;0;0;0;0;1;8;
Pablo Prigioni;;13:16;0;0;0;0;0;0;0;2;2;2;1;0;3;1;0;
Marcus Camby;;10:28;0;3;0;0;0;0;2;2;4;1;0;1;1;3;0;
James White;;14:59;3;4;1;2;0;0;0;4;4;0;1;0;0;1;7;
Chris Copeland;;3:29;1;2;0;0;0;0;0;1;1;1;0;0;1;1;2;
NOH
Al-Farouq Aminu;F;24:28;0;4;0;0;0;0;0;6;6;1;1;0;2;2;0;
Ryan Anderson;F;30:39;6;14;3;8;0;0;0;8;8;1;0;0;0;5;15;
Robin Lopez;C;16:36;5;7;0;0;1;3;4;1;5;0;0;1;5;5;11;
Austin Rivers;G;36:00;5;10;2;3;2;7;0;1;1;4;0;1;0;1;14;
Greivis Vasquez;G;30:25;4;9;0;0;2;2;0;2;2;6;0;0;1;1;10;
Jason Smith;;19:07;0;3;0;0;4;4;1;1;2;0;0;0;1;3;4;
Xavier Henry;;18:56;2;6;0;0;0;0;0;4;4;0;1;0;1;0;4;
Roger Mason Jr.;;18:24;0;3;0;3;1;1;0;4;4;2;0;0;1;1;1;
Darius Miller;;1:54;0;0;0;0;0;0;0;0;0;0;0;0;0;1;0;
Brian Roberts;;21:11;4;9;3;4;2;2;0;1;1;2;0;0;1;1;13;
Lance Thomas;;22:20;3;4;0;0;2;2;0;3;3;0;0;1;1;1;8;
