11-11;CLE-OKC;91-106;
21-27;25-30;27-22;18-27;
CLE
Alonzo Gee;F;31:56;7;17;2;7;2;2;0;0;0;1;2;0;0;3;18;
Tristan Thompson;F;33:12;3;6;0;0;4;4;2;6;8;1;2;0;1;3;10;
Anderson Varejao;C;32:42;2;8;0;0;2;4;1;7;8;6;2;0;3;3;6;
Dion Waiters;G;21:11;3;6;1;2;1;2;1;3;4;0;0;0;2;2;8;
Kyrie Irving;G;34:04;9;16;2;3;0;2;1;3;4;5;1;0;4;1;20;
Samardo Samuels;;6:21;0;0;0;0;0;0;1;0;1;0;0;0;0;2;0;
Daniel Gibson;;28:54;6;12;1;5;3;3;1;4;5;0;1;0;0;1;16;
Jon Leuer;;23:45;2;8;0;1;0;2;2;0;2;2;0;0;0;2;4;
Donald Sloan;;11:54;0;2;0;1;0;0;0;0;0;4;0;0;1;0;0;
Omri Casspi;;13:59;1;7;1;4;4;4;1;3;4;0;2;0;1;2;7;
Jeremy Pargo;;2:02;1;1;0;0;0;0;0;0;0;0;1;0;0;0;2;
OKC
Kevin Durant;F;35:46;9;16;1;2;7;8;0;8;8;2;0;1;2;1;26;
Serge Ibaka;F;33:54;5;11;0;2;4;4;0;7;7;0;0;7;2;3;14;
Kendrick Perkins;C;25:19;4;4;0;0;2;3;2;3;5;1;0;0;1;3;10;
Thabo Sefolosha;G;29:10;3;6;1;2;0;0;1;2;3;1;1;1;2;2;7;
Russell Westbrook;G;39:36;10;16;4;6;3;4;1;5;6;10;4;0;8;5;27;
Kevin Martin;;30:03;6;9;1;1;3;3;0;5;5;3;2;0;1;2;16;
Eric Maynor;;12:57;0;4;0;2;0;0;0;0;0;2;0;0;1;0;0;
Nick Collison;;19:28;2;2;0;0;0;0;0;4;4;0;0;0;1;3;4;
Perry Jones;;5:39;0;3;0;0;0;0;0;1;1;0;0;0;2;2;0;
DeAndre Liggins;;2:02;0;0;0;0;0;0;0;1;1;1;0;0;0;1;0;
Daniel Orton;;2:02;1;1;0;0;0;0;0;0;0;0;0;1;0;0;2;
Jeremy Lamb;;2:02;0;0;0;0;0;0;0;0;0;0;0;0;0;0;0;
Reggie Jackson;;2:02;0;1;0;0;0;0;0;1;1;0;0;0;1;0;0;
