03-04;ORL-NOH;105-102;
20-23;16-23;34-30;35-26;
ORL
Maurice Harkless;F;37:01;6;13;0;3;1;1;2;2;4;1;2;1;0;2;13;
Andrew Nicholson;F;15:54;4;7;0;0;0;0;1;1;2;1;0;0;0;3;8;
Nikola Vucevic;C;28:23;3;6;0;0;3;4;4;7;11;1;0;0;2;2;9;
Arron Afflalo;G;40:13;10;20;1;5;5;6;0;5;5;5;1;0;0;3;26;
Jameer Nelson;G;36:30;6;15;2;5;1;1;1;3;4;7;1;0;4;2;15;
Tobias Harris;;31:22;6;9;1;1;2;4;2;3;5;2;2;0;0;3;15;
Beno Udrih;;11:30;1;4;0;1;0;0;0;0;0;5;0;0;1;1;2;
E'Twaun Moore;;17:20;3;6;1;3;0;0;1;2;3;1;0;1;0;2;7;
Al Harrington;;17:54;4;7;2;3;0;0;0;5;5;3;2;0;1;1;10;
DeQuan Jones;;3:54;0;0;0;0;0;0;0;1;1;0;0;1;0;1;0;
NOH
Al-Farouq Aminu;F;31:59;2;7;0;0;3;3;0;8;8;2;1;3;0;2;7;
Anthony Davis;F;38:37;6;13;0;0;5;9;5;10;15;0;0;4;3;3;17;
Robin Lopez;C;10:47;3;4;0;0;3;3;3;1;4;1;0;0;2;4;9;
Eric Gordon;G;28:51;7;14;3;6;0;0;0;0;0;5;0;0;0;2;17;
Greivis Vasquez;G;39:19;7;17;2;7;1;1;0;1;1;8;0;0;4;2;17;
Ryan Anderson;;33:44;4;9;2;4;3;4;2;0;2;2;0;2;1;5;13;
Austin Rivers;;18:17;4;7;0;0;1;1;0;2;2;0;0;0;1;2;9;
Lance Thomas;;7:07;0;0;0;0;0;0;1;2;3;1;0;0;0;0;0;
Roger Mason Jr.;;14:42;1;3;1;3;2;3;0;2;2;1;0;0;0;1;5;
Xavier Henry;;15:49;3;6;0;1;2;2;0;3;3;1;0;1;0;0;8;
Henry Sims;;0:49;0;0;0;0;0;0;0;0;0;0;0;0;0;0;0;
