01-26;LAC-POR;100-101;
22-25;23-26;31-31;24-19;
LAC
Caron Butler;F;16:47;2;7;1;2;0;0;1;2;3;1;0;0;1;2;5;
Blake Griffin;F;37:59;10;19;0;0;4;5;1;7;8;10;4;0;2;2;24;
DeAndre Jordan;C;28:60;4;8;0;0;1;2;5;2;7;2;0;2;1;2;9;
Willie Green;G;16:18;3;5;2;3;0;0;0;1;1;1;0;0;1;3;8;
Eric Bledsoe;G;33:33;4;7;0;0;3;4;2;7;9;5;2;1;2;0;11;
Jamal Crawford;;31:42;6;15;2;6;5;6;1;2;3;4;0;0;5;1;19;
Matt Barnes;;31:42;5;10;1;3;0;0;3;2;5;0;0;0;1;5;11;
Lamar Odom;;18:31;3;6;0;1;0;0;0;0;0;1;0;0;1;4;6;
Ronny Turiaf;;10:01;0;1;0;0;0;0;1;1;2;1;0;1;0;2;0;
Grant Hill;;14:27;3;3;1;1;0;0;1;2;3;0;0;0;1;1;7;
POR
Nicolas Batum;F;41:07;7;15;4;9;2;2;3;7;10;12;1;1;5;1;20;
LaMarcus Aldridge;F;39:34;5;14;0;0;2;2;1;5;6;3;0;0;2;3;12;
JJ Hickson;C;30:28;6;10;0;0;3;4;3;4;7;2;0;0;0;3;15;
Wesley Matthews;G;39:14;5;10;1;5;7;7;0;1;1;2;3;0;2;4;18;
Damian Lillard;G;37:22;6;13;4;7;4;4;0;0;0;2;2;0;3;1;20;
Meyers Leonard;;16:19;2;4;0;0;2;2;1;3;4;1;0;0;1;3;6;
Jared Jeffries;;8:13;1;2;0;0;0;0;1;0;1;0;2;0;0;0;2;
Will Barton;;16:08;2;4;1;2;0;0;0;3;3;0;1;0;1;1;5;
Luke Babbitt;;0:57;0;0;0;0;0;0;0;0;0;0;0;0;0;0;0;
Ronnie Price;;10:38;1;3;1;2;0;0;0;0;0;1;1;0;0;3;3;
