11-16;ATL-SAC;112-96;
34-20;24-36;28-14;26-26;
ATL
Josh Smith;F;39:53;9;17;1;3;0;0;3;5;8;6;0;3;5;2;19;
Al Horford;F;43:59;8;19;0;0;4;6;3;7;10;1;1;0;2;2;20;
Zaza Pachulia;C;33:40;2;5;0;0;3;6;4;3;7;4;1;0;2;3;7;
Kyle Korver;G;36:45;7;9;5;5;3;3;0;7;7;3;1;0;0;1;22;
Jeff Teague;G;19:22;7;10;0;2;1;1;0;2;2;3;1;2;5;1;15;
Lou Williams;;28:38;5;8;2;5;9;11;0;4;4;5;2;0;0;2;21;
Devin Harris;;13:16;0;2;0;0;0;0;0;0;0;1;0;0;1;1;0;
Ivan Johnson;;16:56;3;4;0;0;0;0;0;2;2;1;2;0;0;1;6;
Anthony Morrow;;4:41;1;1;0;0;0;0;0;1;1;0;0;0;0;1;2;
John Jenkins;;1:25;0;1;0;0;0;0;0;1;1;0;0;0;0;0;0;
Mike Scott;;1:25;0;0;0;0;0;0;0;0;0;0;0;0;0;0;0;
SAC
James Johnson;F;17:03;1;7;0;1;0;0;0;0;0;1;2;0;1;2;2;
Jason Thompson;F;33:07;8;12;0;0;3;5;4;6;10;0;0;0;2;3;19;
DeMarcus Cousins;C;35:27;4;15;0;0;1;1;4;12;16;7;2;0;2;3;9;
Tyreke Evans;G;27:19;5;11;1;2;3;4;0;0;0;1;1;0;2;1;14;
Isaiah Thomas;G;19:09;1;6;1;4;0;0;0;1;1;5;1;0;0;2;3;
John Salmons;;25:47;4;6;1;2;0;0;0;2;2;4;2;0;1;2;9;
Marcus Thornton;;29:32;7;13;2;5;1;2;2;1;3;0;2;0;4;2;17;
Thomas Robinson;;16:01;2;3;0;0;0;0;0;2;2;2;1;0;0;4;4;
Aaron Brooks;;21:56;5;7;3;4;0;0;0;1;1;4;0;0;1;2;13;
Charles Hayes;;7:13;2;2;0;0;0;0;0;2;2;1;0;0;1;0;4;
Jimmer Fredette;;7:26;0;3;0;2;2;2;0;0;0;0;0;0;0;1;2;
