11-07;DEN-HOU;93-87;
25-18;31-23;13-23;24-23;
DEN
Danilo Gallinari;F;40:54;6;15;1;5;0;0;2;8;10;3;0;1;1;1;13;
Kenneth Faried;F;34:58;7;14;0;0;2;7;9;7;16;0;1;1;1;4;16;
Kosta Koufos;C;21:00;1;4;0;0;2;2;2;2;4;0;1;0;2;4;4;
Andre Iguodala;G;38:22;5;11;1;4;2;2;0;5;5;3;3;1;5;2;13;
Ty Lawson;G;38:27;9;20;3;4;0;4;0;0;0;8;2;0;4;1;21;
Andre Miller;;24:25;0;2;0;0;0;0;0;7;7;5;0;0;5;3;0;
JaVale McGee;;20:01;5;7;0;0;2;2;3;3;6;0;0;0;3;1;12;
Corey Brewer;;21:53;4;9;2;5;4;4;0;1;1;1;2;2;0;0;14;
HOU
Chandler Parsons;F;35:40;3;9;2;6;0;0;2;1;3;4;1;0;3;5;8;
Patrick Patterson;F;30:19;8;13;2;4;0;0;2;3;5;0;0;1;1;3;18;
Omer Asik;C;22:27;4;11;0;0;2;3;7;6;13;0;0;0;3;2;10;
James Harden;G;38:20;5;15;0;5;5;7;1;2;3;2;5;0;6;1;15;
Jeremy Lin;G;33:00;2;9;0;4;2;2;0;5;5;6;6;0;2;2;6;
Carlos Delfino;;30:48;6;14;4;10;3;4;1;4;5;2;2;0;1;0;19;
Marcus Morris;;18:52;1;7;0;3;1;2;2;3;5;1;0;0;1;2;3;
Cole Aldrich;;15:34;1;2;0;0;2;3;1;2;3;1;0;1;0;3;4;
Toney Douglas;;14:60;1;4;0;1;2;2;0;1;1;2;1;0;1;4;4;
