01-18;SAC-MEM;69-85;
14-18;16-24;17-18;22-25;
SAC
John Salmons;F;31:20;3;6;0;1;0;0;1;3;4;2;2;3;2;2;6;
Jason Thompson;F;20:52;1;6;0;0;1;2;1;3;4;0;0;0;0;1;3;
DeMarcus Cousins;C;38:07;9;19;0;0;4;6;4;8;12;1;2;1;3;5;22;
Tyreke Evans;G;28:25;3;10;0;0;2;2;1;6;7;0;0;1;4;2;8;
Isaiah Thomas;G;29:27;4;12;0;2;1;2;0;0;0;5;2;0;1;1;9;
Marcus Thornton;;19:35;1;6;0;2;0;0;1;1;2;0;2;0;1;0;2;
Thomas Robinson;;13:32;1;5;0;0;0;0;3;1;4;1;0;1;0;0;2;
Francisco Garcia;;6:52;0;1;0;0;0;0;0;1;1;0;0;0;0;2;0;
Aaron Brooks;;6:52;1;2;0;1;0;0;0;0;0;0;0;0;0;1;2;
Charles Hayes;;7:49;2;5;0;0;1;3;1;2;3;0;0;0;1;0;5;
James Johnson;;9:48;1;3;0;0;0;0;1;1;2;0;0;1;0;1;2;
Jimmer Fredette;;11:41;0;4;0;1;0;0;0;0;0;0;0;0;3;1;0;
Travis Outlaw;;15:40;3;6;2;3;0;0;1;3;4;0;0;0;0;0;8;
MEM
Rudy Gay;F;40:41;6;11;0;0;1;1;2;3;5;3;2;1;5;0;13;
Marreese Speights;F;26:32;5;12;0;0;0;2;4;5;9;2;1;0;1;4;10;
Marc Gasol;C;37:06;6;14;0;0;6;6;5;5;10;2;1;3;3;2;18;
Tony Allen;G;36:32;6;11;0;0;2;3;3;6;9;6;1;3;1;3;14;
Mike Conley;G;36:56;7;16;2;5;3;4;0;5;5;4;1;0;3;2;19;
Wayne Ellington;;16:25;1;6;1;2;0;0;0;2;2;1;0;0;1;1;3;
Darrell Arthur;;25:01;3;7;0;0;1;2;1;6;7;0;1;3;1;3;7;
Jerryd Bayless;;20:47;0;1;0;0;1;2;0;1;1;3;1;0;1;1;1;
