01-16;NOH-BOS;90-78;
20-25;24-18;24-20;22-15;
NOH
Al-Farouq Aminu;F;27:28;3;9;0;0;12;13;1;8;9;1;2;0;2;4;18;
Anthony Davis;F;26:46;4;5;0;0;2;2;2;8;10;1;1;2;1;0;10;
Robin Lopez;C;26:25;7;11;0;0;3;4;4;2;6;0;0;0;2;3;17;
Roger Mason Jr.;G;25:45;1;4;0;3;0;0;0;0;0;1;0;1;1;2;2;
Greivis Vasquez;G;40:57;5;16;1;7;4;5;0;11;11;4;0;0;6;2;15;
Xavier Henry;;17:39;0;2;0;1;0;0;0;3;3;0;0;0;0;1;0;
Austin Rivers;;22:43;3;6;0;0;2;4;0;0;0;1;0;0;0;2;8;
Ryan Anderson;;25:22;3;11;1;5;3;3;2;4;6;2;1;0;2;3;10;
Jason Smith;;17:16;4;4;0;0;0;0;2;1;3;2;1;0;2;3;8;
Brian Roberts;;4:59;1;3;0;1;0;0;0;0;0;0;0;0;0;0;2;
Lance Thomas;;3:28;0;0;0;0;0;0;0;0;0;0;0;0;1;1;0;
Donald Sloan;;1:12;0;0;0;0;0;0;0;0;0;0;0;0;0;0;0;
BOS
Paul Pierce;F;30:49;5;16;1;7;1;3;0;10;10;4;1;0;2;6;12;
Brandon Bass;F;32:33;4;6;0;0;1;2;3;4;7;1;1;0;1;1;9;
Kevin Garnett;C;29:31;7;12;0;0;1;2;0;4;4;0;1;0;3;3;15;
Avery Bradley;G;21:35;2;4;0;2;0;2;0;0;0;1;3;0;0;2;4;
Rajon Rondo;G;32:54;3;8;0;0;1;3;2;1;3;11;3;0;5;0;7;
Jared Sullinger;;20:34;2;5;0;0;0;0;0;2;2;1;1;1;1;4;4;
Jason Terry;;24:18;5;10;2;4;0;0;0;0;0;1;1;0;1;0;12;
Jeff Green;;24:39;2;4;0;1;0;2;1;4;5;0;0;2;1;3;4;
Courtney Lee;;15:58;1;5;0;3;2;2;0;2;2;3;0;0;1;0;4;
Leandro Barbosa;;2:41;3;4;1;1;0;0;0;0;0;0;0;0;0;1;7;
Jason Collins;;4:28;0;0;0;0;0;0;0;0;0;0;0;1;0;1;0;
