03-12;WAS-CLE;90-95;
33-20;16-30;16-26;25-19;
WAS
Martell Webster;F;42:29;6;14;5;11;0;0;0;4;4;1;1;0;3;1;17;
Nene;F;31:20;5;11;0;0;5;6;2;8;10;1;0;0;1;5;15;
Emeka Okafor;C;31:58;8;12;0;0;2;2;5;6;11;1;1;2;1;1;18;
Garrett Temple;G;21:06;1;3;0;0;0;0;0;3;3;0;0;0;3;4;2;
John Wall;G;36:44;7;15;0;0;13;14;2;5;7;14;1;1;4;4;27;
Trevor Ariza;;11:36;1;2;0;1;0;0;0;2;2;0;0;1;1;0;2;
Trevor Booker;;13:05;0;1;0;0;2;2;1;3;4;1;0;0;1;3;2;
A.J. Price;;23:06;1;7;0;4;1;3;0;0;0;2;0;0;0;1;3;
Cartier Martin;;8:59;0;3;0;1;0;0;0;1;1;0;0;0;0;0;0;
Kevin Seraphin;;6:11;1;4;0;0;0;0;0;0;0;0;0;0;0;1;2;
Jason Collins;;2:55;0;0;0;0;0;0;0;0;0;0;0;1;0;0;0;
Chris Singleton;;10:31;1;4;0;0;0;1;1;3;4;0;1;0;0;2;2;
CLE
Alonzo Gee;F;32:11;5;15;4;9;3;4;0;2;2;3;1;0;1;2;17;
Tristan Thompson;F;36:15;5;8;0;0;3;3;6;8;14;3;0;1;1;4;13;
Tyler Zeller;C;20:21;2;4;0;0;0;0;1;2;3;3;0;0;0;4;4;
Dion Waiters;G;29:13;5;13;0;2;10;14;1;5;6;3;1;0;1;3;20;
Shaun Livingston;G;31:27;6;9;0;0;0;0;1;2;3;6;1;1;3;5;12;
CJ Miles;;21:54;4;10;2;5;0;0;0;3;3;0;2;0;2;1;10;
Luke Walton;;17:59;1;4;0;2;0;0;2;4;6;5;1;0;0;3;2;
Marreese Speights;;15:20;0;5;0;0;0;0;1;5;6;0;0;0;2;2;0;
Wayne Ellington;;19:16;4;10;1;5;3;4;2;1;3;1;0;0;1;1;12;
Daniel Gibson;;16:04;2;5;1;3;0;0;0;2;2;0;2;0;0;0;5;
