01-18;CHI-BOS;100-99;
23-19;22-20;23-23;20-26;12-11;
CHI
Luol Deng;F;26:56;1;6;1;3;0;0;0;1;1;4;1;0;3;1;3;
Carlos Boozer;F;42:42;8;17;0;0;3;6;6;14;20;4;1;0;2;2;19;
Joakim Noah;C;45:29;6;11;0;0;2;4;1;12;13;4;2;1;2;3;14;
Richard Hamilton;G;32:34;7;15;1;2;5;6;0;0;0;0;0;0;7;5;20;
Kirk Hinrich;G;31:34;3;4;1;2;1;2;0;0;0;5;0;0;3;6;8;
Taj Gibson;;17:48;1;3;0;0;0;0;0;3;3;1;0;0;1;2;2;
Marco Belinelli;;20:42;3;7;0;2;4;4;0;0;0;1;0;0;1;1;10;
Nate Robinson;;21:18;3;7;1;4;4;6;0;2;2;2;0;0;0;1;11;
Jimmy Butler;;25:25;4;5;1;2;4;4;1;3;4;0;0;0;2;0;13;
Marquis Teague;;0:32;0;0;0;0;0;0;0;0;0;0;0;0;0;1;0;
BOS
Paul Pierce;F;34:09;5;17;0;3;3;4;0;6;6;3;1;0;3;3;13;
Brandon Bass;F;26:59;4;6;0;0;2;2;2;0;2;0;2;1;2;2;10;
Kevin Garnett;C;39:07;5;16;0;3;6;10;1;6;7;1;0;1;1;2;16;
Leandro Barbosa;G;14:44;2;6;1;2;0;0;1;2;3;1;1;1;0;4;5;
Rajon Rondo;G;41:47;12;21;0;0;6;9;0;2;2;7;2;0;3;6;30;
Courtney Lee;;22:11;3;8;1;2;0;0;1;5;6;1;3;0;1;1;7;
Jared Sullinger;;38:03;3;8;0;1;1;1;5;10;15;0;1;0;1;6;7;
Jeff Green;;19:10;1;4;0;1;0;0;0;0;0;0;0;0;0;2;2;
Jason Terry;;27:21;3;5;1;2;2;2;1;0;1;2;0;0;0;2;9;
Jason Collins;;1:30;0;0;0;0;0;0;0;0;0;0;0;0;0;0;0;
