03-16;CHA-BOS;88-105;
24-24;19-26;23-33;22-22;
CHA
Michael Kidd-Gilchrist;F;24:43;3;7;0;0;0;0;0;2;2;2;0;0;0;2;6;
Josh McRoberts;F;38:13;4;9;0;3;1;1;1;9;10;3;2;2;0;5;9;
Bismack Biyombo;C;31:28;2;3;0;0;1;2;3;6;9;0;1;3;2;3;5;
Gerald Henderson;G;33:32;6;12;0;0;4;4;0;1;1;4;1;1;1;1;16;
Kemba Walker;G;26:47;6;13;2;5;0;1;0;0;0;4;1;0;2;1;14;
Ben Gordon;;25:12;4;11;0;4;0;0;0;4;4;3;0;0;4;1;8;
Jannero Pargo;;21:13;5;12;4;6;4;4;1;1;2;4;1;1;2;1;18;
Byron Mullens;;16:32;3;5;1;2;1;5;1;4;5;2;0;0;0;2;8;
Jeff Adrien;;9:47;0;2;0;0;1;2;0;0;0;1;1;0;0;1;1;
Jeff Taylor;;12:33;1;2;0;0;1;2;0;2;2;0;0;0;1;0;3;
BOS
Paul Pierce;F;23:00;4;7;2;3;4;5;1;5;6;8;0;3;3;2;14;
Jeff Green;F;30:35;5;9;0;1;0;0;1;4;5;4;0;0;2;0;10;
Brandon Bass;C;31:12;5;9;0;0;0;0;0;6;6;0;0;0;1;2;10;
Courtney Lee;G;32:31;5;7;2;2;0;0;2;3;5;4;1;3;0;1;12;
Avery Bradley;G;24:42;4;12;1;2;4;4;0;2;2;2;1;0;2;4;13;
Chris Wilcox;;22:36;2;3;0;0;2;2;2;3;5;4;0;1;0;4;6;
Jason Terry;;23:36;5;6;3;3;2;3;0;3;3;2;1;1;1;1;15;
Jordan Crawford;;20:10;3;8;2;4;0;0;0;2;2;3;0;0;3;2;8;
DJ White;;4:60;3;4;0;0;0;3;0;0;0;1;0;0;0;2;6;
Terrence Williams;;11:15;2;5;0;0;1;2;0;0;0;0;1;0;0;0;5;
Shavlik Randolph;;15:23;3;9;0;0;0;1;4;4;8;0;2;0;1;3;6;
