01-22;OKC-LAC;109-97;
22-22;27-23;33-23;27-29;
OKC
Kevin Durant;F;41:02;12;19;5;6;3;3;1;6;7;7;1;0;4;2;32;
Serge Ibaka;F;38:46;7;13;1;1;2;2;3;6;9;3;0;1;3;6;17;
Kendrick Perkins;C;6:50;0;0;0;0;0;0;0;1;1;1;0;0;0;4;0;
Thabo Sefolosha;G;22:42;3;5;3;5;0;0;0;2;2;1;1;0;1;1;9;
Russell Westbrook;G;37:39;9;19;3;6;5;5;0;4;4;6;1;0;5;3;26;
Nick Collison;;40:47;4;8;0;1;0;0;4;3;7;2;1;2;1;5;8;
Kevin Martin;;31:47;4;9;3;5;2;3;1;2;3;2;1;0;1;1;13;
DeAndre Liggins;;4:45;0;0;0;0;0;1;1;1;2;1;0;0;0;0;0;
Reggie Jackson;;10:43;2;5;0;3;0;0;0;2;2;1;1;0;1;3;4;
Hasheem Thabeet;;4:57;0;0;0;0;0;0;0;0;0;0;0;1;0;1;0;
LAC
Caron Butler;F;21:28;2;6;0;3;0;0;0;0;0;1;1;2;0;1;4;
Blake Griffin;F;37:14;11;19;0;0;9;10;4;7;11;5;2;1;4;4;31;
DeAndre Jordan;C;21:28;2;2;0;0;3;6;2;4;6;0;1;0;0;0;7;
Willie Green;G;16:06;2;2;1;1;0;0;0;1;1;0;0;0;0;1;5;
Eric Bledsoe;G;35:06;5;16;0;0;2;3;2;0;2;4;1;2;1;3;12;
Jamal Crawford;;28:13;6;18;1;6;1;2;0;1;1;3;2;0;2;0;14;
Lamar Odom;;26:32;4;7;0;1;0;0;2;5;7;1;0;0;1;3;8;
Matt Barnes;;29:26;4;10;2;5;0;0;1;2;3;1;1;1;1;1;10;
Grant Hill;;18:39;3;4;0;0;0;0;1;3;4;0;0;1;1;2;6;
Ronny Turiaf;;5:48;0;0;0;0;0;0;0;0;0;0;0;0;0;2;0;
