03-06;LAL-NOH;108-102;
28-28;20-39;27-26;33-9;
LAL
Metta World Peace;F;30:26;4;9;3;5;0;2;0;0;0;0;2;0;0;5;11;
Earl Clark;F;22:28;0;4;0;2;5;6;0;2;2;3;1;0;2;0;5;
Dwight Howard;C;35:00;9;16;0;0;2;4;3;12;15;0;3;4;1;5;20;
Kobe Bryant;G;41:57;14;21;3;7;11;14;0;7;7;12;0;1;6;0;42;
Steve Nash;G;35:09;2;7;0;1;1;1;0;4;4;1;0;0;1;1;5;
Antawn Jamison;;22:53;3;6;0;2;0;0;2;1;3;2;1;1;0;1;6;
Jodie Meeks;;25:56;6;11;5;9;2;2;0;1;1;1;0;0;0;1;19;
Steve Blake;;21:44;0;3;0;2;0;0;1;3;4;7;2;0;1;2;0;
Robert Sacre;;4:28;0;1;0;0;0;0;0;0;0;0;0;0;0;2;0;
NOH
Al-Farouq Aminu;F;38:14;4;7;0;0;4;4;2;14;16;1;2;3;1;5;12;
Anthony Davis;F;16:32;5;8;0;0;3;5;1;5;6;1;0;2;2;2;13;
Robin Lopez;C;40:20;4;13;0;0;5;6;5;6;11;0;1;2;1;3;13;
Eric Gordon;G;31:25;7;23;4;10;0;0;1;4;5;5;1;0;3;3;18;
Greivis Vasquez;G;38:36;6;16;2;5;1;1;1;4;5;12;0;0;4;1;15;
Ryan Anderson;;36:13;4;9;2;5;4;4;4;2;6;4;0;1;5;2;14;
Austin Rivers;;15:21;5;6;0;0;0;0;1;1;2;0;1;0;0;3;10;
Roger Mason Jr.;;18:46;3;4;1;2;0;0;0;0;0;0;0;0;1;3;7;
Brian Roberts;;2:41;0;2;0;2;0;0;0;1;1;1;0;0;0;0;0;
Darius Miller;;1:20;0;0;0;0;0;0;0;0;0;0;0;0;0;0;0;
Lance Thomas;;0:33;0;0;0;0;0;0;0;0;0;0;0;0;0;1;0;
