03-06;SAC-GSW;83-87;
21-28;23-13;19-28;20-18;
SAC
John Salmons;F;37:36;2;9;1;5;0;0;0;3;3;4;0;0;3;1;5;
Jason Thompson;F;33:36;8;13;0;0;1;3;2;6;8;1;2;0;1;2;17;
DeMarcus Cousins;C;20:19;2;10;0;0;1;1;2;2;4;3;4;1;2;3;5;
Tyreke Evans;G;30:51;4;14;0;3;1;2;0;2;2;6;1;2;1;1;9;
Isaiah Thomas;G;19:39;3;5;1;1;2;2;0;1;1;1;1;0;2;4;9;
Toney Douglas;;28:21;3;9;2;6;2;2;0;3;3;6;2;0;2;3;10;
Marcus Thornton;;27:40;3;8;1;5;2;2;0;6;6;0;1;0;1;4;9;
Patrick Patterson;;27:41;6;10;3;3;0;0;0;8;8;4;1;1;0;3;15;
Charles Hayes;;14:16;2;5;0;1;0;0;2;3;5;3;0;0;2;3;4;
GSW
Harrison Barnes;F;25:32;5;11;0;2;4;6;1;3;4;1;0;0;1;1;14;
David Lee;F;40:06;8;14;0;0;1;1;0;10;10;3;1;0;2;0;17;
Andrew Bogut;C;27:54;0;2;0;0;2;2;1;7;8;1;2;2;0;4;2;
Klay Thompson;G;37:16;6;17;4;10;4;4;0;5;5;2;0;0;2;1;20;
Stephen Curry;G;34:15;3;11;2;5;5;5;1;4;5;8;2;0;6;4;13;
Jarrett Jack;;30:42;3;14;2;5;4;4;0;1;1;3;3;0;3;1;12;
Festus Ezeli;;13:46;1;1;0;0;1;1;3;3;6;0;1;2;2;2;3;
Draymond Green;;5:44;0;2;0;1;2;2;0;1;1;1;0;0;0;0;2;
Carl Landry;;11:29;0;2;0;0;1;2;0;3;3;0;0;0;1;1;1;
Richard Jefferson;;11:05;1;1;0;0;1;2;0;3;3;0;0;0;0;0;3;
Andris Biedrins;;2:13;0;0;0;0;0;0;0;0;0;0;0;0;0;0;0;
