01-23;NOH-SAS;102-106;
35-32;29-28;15-18;23-28;
NOH
Al-Farouq Aminu;F;32:18;4;7;0;1;0;1;2;10;12;2;0;0;0;3;8;
Anthony Davis;F;30:44;3;7;0;0;3;4;0;7;7;2;1;1;2;4;9;
Robin Lopez;C;14:32;3;7;0;0;1;1;1;0;1;1;0;1;0;0;7;
Eric Gordon;G;28:59;5;8;3;3;4;4;0;2;2;0;1;0;5;0;17;
Greivis Vasquez;G;34:27;6;13;2;4;1;1;1;4;5;11;0;1;3;2;15;
Ryan Anderson;;30:47;5;10;2;4;4;4;1;5;6;3;0;0;1;3;16;
Jason Smith;;16:16;5;11;0;0;3;6;4;4;8;0;0;1;0;3;13;
Roger Mason Jr.;;16:05;1;3;1;1;0;0;0;2;2;1;3;0;0;0;3;
Austin Rivers;;18:06;1;7;0;2;0;0;0;0;0;1;0;0;2;2;2;
Brian Roberts;;11:32;4;6;2;2;0;0;0;2;2;2;1;0;0;0;10;
Lance Thomas;;1:59;0;0;0;0;0;0;0;0;0;0;0;0;0;1;0;
Xavier Henry;;4:15;1;2;0;0;0;2;1;0;1;1;0;0;0;2;2;
SAS
Stephen Jackson;F;28:50;6;10;3;7;0;0;0;1;1;3;0;1;1;4;15;
Boris Diaw;F;27:34;0;1;0;0;0;2;1;3;4;3;1;0;1;1;0;
Tiago Splitter;C;32:19;10;11;0;0;5;6;0;7;7;1;2;0;1;1;25;
Danny Green;G;28:40;5;11;2;4;0;0;1;6;7;0;2;0;1;4;12;
Tony Parker;G;36:28;10;18;0;1;4;7;2;2;4;13;1;0;1;1;24;
Gary Neal;;27:06;3;11;2;7;0;0;1;2;3;2;0;0;0;3;8;
Matt Bonner;;20:60;3;7;1;5;0;1;0;4;4;0;0;1;1;3;7;
Manu Ginobili;;16:54;3;7;0;0;3;5;0;1;1;5;3;1;1;2;9;
Nando De Colo;;14:17;2;3;0;1;0;0;1;3;4;2;0;0;1;1;4;
DeJuan Blair;;6:51;1;1;0;0;0;2;0;4;4;0;0;0;0;0;2;
