02-19;MIL-BKN;111-113;
24-31;27-30;30-19;24-25;6-8;
MIL
Luc Mbah a Moute;F;36:60;4;10;0;0;1;2;3;2;5;1;1;0;0;1;9;
Ersan Ilyasova;F;44:05;9;16;2;5;1;2;4;5;9;3;1;1;0;3;21;
Larry Sanders;C;27:23;7;12;0;0;0;0;3;5;8;1;0;6;0;5;14;
Monta Ellis;G;48:40;7;18;1;5;3;4;0;8;8;8;1;1;1;4;18;
Brandon Jennings;G;48:13;13;26;3;8;5;6;0;6;6;7;0;0;3;3;34;
Mike Dunleavy;;20:20;2;5;1;2;0;0;0;2;2;2;0;0;1;0;5;
Samuel Dalembert;;11:09;1;4;0;0;1;2;2;1;3;0;0;1;2;1;3;
Beno Udrih;;9:07;0;1;0;0;0;0;0;0;0;1;0;0;1;0;0;
John Henson;;4:35;2;3;0;0;1;2;0;1;1;0;0;0;0;2;5;
Ekpe Udoh;;14:28;1;1;0;0;0;0;0;1;1;0;1;1;0;2;2;
BKN
Gerald Wallace;F;38:18;3;10;0;2;0;0;0;6;6;5;2;1;1;1;6;
Reggie Evans;F;19:21;0;2;0;0;1;2;1;8;9;1;0;0;2;1;1;
Brook Lopez;C;34:11;6;17;0;0;7;8;5;4;9;1;1;3;0;0;19;
Joe Johnson;G;44:01;10;18;3;5;1;1;2;3;5;5;0;0;0;0;24;
Deron Williams;G;44:36;6;13;3;4;4;4;2;1;3;9;0;0;6;4;19;
Kris Humphries;;23:08;3;6;0;0;2;2;3;4;7;2;0;0;2;3;8;
Keith Bogans;;18:58;3;5;3;5;0;0;2;0;2;1;1;0;0;1;9;
MarShon Brooks;;4:00;1;3;0;0;0;2;0;0;0;0;0;0;1;0;2;
Andray Blatche;;18:43;6;8;0;0;2;4;1;5;6;1;0;0;1;1;14;
CJ Watson;;19:45;5;9;1;3;0;0;1;1;2;0;2;0;2;6;11;
