03-10;CHI-LAL;81-90;
16-20;24-24;21-29;20-17;
CHI
Luol Deng;F;38:17;5;16;0;3;1;1;4;4;8;0;1;0;2;3;11;
Carlos Boozer;F;40:01;4;16;0;0;4;4;3;7;10;1;0;0;3;3;12;
Joakim Noah;C;39:26;7;12;0;0;4;4;10;7;17;3;1;3;3;3;18;
Marco Belinelli;G;42:52;5;15;1;2;0;0;0;2;2;4;2;0;3;1;11;
Nate Robinson;G;43:24;8;19;2;8;1;2;0;4;4;8;4;0;1;4;19;
Jimmy Butler;;23:54;2;8;1;3;0;0;1;4;5;1;0;0;0;0;5;
Marquis Teague;;3:14;0;0;0;0;0;0;0;0;0;0;0;0;1;0;0;
Nazr Mohammed;;8:52;2;3;0;0;1;1;0;0;0;0;0;1;0;3;5;
LAL
Metta World Peace;F;40:59;6;16;0;6;0;0;3;4;7;0;1;4;2;3;12;
Earl Clark;F;22:41;5;13;1;5;0;0;3;2;5;0;0;0;2;1;11;
Dwight Howard;C;38:33;8;14;0;0;0;5;7;14;21;1;1;4;3;4;16;
Kobe Bryant;G;39:35;7;16;1;4;4;6;1;6;7;9;2;0;2;2;19;
Steve Nash;G;34:07;6;9;1;2;3;3;1;1;2;4;0;0;1;3;16;
Jodie Meeks;;30:48;4;10;2;7;0;0;2;2;4;1;1;1;0;1;10;
Steve Blake;;15:35;0;1;0;0;0;0;0;2;2;5;0;0;2;0;0;
Antawn Jamison;;17:42;3;7;0;2;0;0;2;0;2;1;0;0;1;2;6;
