02-06;POR-DAL;99-105;
33-27;28-30;21-23;17-25;
POR
Nicolas Batum;F;40:46;3;8;1;5;2;2;1;5;6;6;1;0;1;3;9;
LaMarcus Aldridge;F;39:21;11;22;0;0;5;6;3;7;10;2;0;0;0;2;27;
JJ Hickson;C;32:53;5;9;0;0;4;5;3;7;10;0;1;0;3;3;14;
Wesley Matthews;G;36:40;7;16;5;12;2;2;0;1;1;4;3;0;1;5;21;
Damian Lillard;G;38:57;6;17;3;8;4;4;0;4;4;6;1;1;0;2;19;
Luke Babbitt;;10:54;1;2;1;2;0;0;0;4;4;0;0;0;0;4;3;
Will Barton;;9:24;1;3;0;0;0;0;0;1;1;0;0;0;0;0;2;
Jared Jeffries;;9:58;0;1;0;0;0;0;0;2;2;0;0;0;1;0;0;
Nolan Smith;;9:04;2;5;0;2;0;0;0;0;0;0;0;0;0;0;4;
Meyers Leonard;;2:53;0;0;0;0;0;0;0;1;1;0;0;0;0;0;0;
Victor Claver;;9:10;0;1;0;1;0;0;0;3;3;2;0;0;0;1;0;
DAL
Shawn Marion;F;31:15;6;13;1;2;0;0;2;8;10;1;1;0;0;2;13;
Dirk Nowitzki;F;34:35;7;19;1;1;1;2;1;7;8;2;1;0;0;1;16;
Bernard James;C;17:36;1;2;0;0;0;0;1;1;2;1;0;1;0;2;2;
O.J. Mayo;G;39:56;11;14;3;4;3;3;0;4;4;5;1;0;4;1;28;
Darren Collison;G;29:42;3;8;0;2;2;2;1;2;3;7;0;0;1;1;8;
Vince Carter;;25:08;7;15;3;6;0;2;0;3;3;3;0;0;2;2;17;
Elton Brand;;28:02;3;7;0;0;1;2;5;5;10;0;0;2;0;4;7;
Rodrigue Beaubois;;18:39;2;4;1;2;4;6;1;3;4;2;0;0;1;1;9;
Jae Crowder;;13:03;1;3;1;3;2;2;0;2;2;1;2;0;0;1;5;
Brandan Wright;;2:04;0;1;0;0;0;0;0;0;0;0;0;0;0;1;0;
