01-04;SAC-TOR;105-96;
23-22;31-31;28-10;23-33;
SAC
John Salmons;F;35:03;7;14;1;4;5;7;0;2;2;4;1;0;2;0;20;
Jason Thompson;F;29:56;7;11;0;0;0;0;0;6;6;0;0;0;0;1;14;
DeMarcus Cousins;C;32:44;11;18;0;0;9;12;6;14;20;4;2;0;4;4;31;
Francisco Garcia;G;22:41;1;7;1;5;0;0;0;2;2;2;2;3;0;5;3;
Isaiah Thomas;G;30:52;4;6;0;1;3;4;0;3;3;6;0;0;1;2;11;
James Johnson;;27:01;3;8;0;0;2;2;1;2;3;0;1;2;3;3;8;
Jimmer Fredette;;15:23;1;3;1;1;1;2;0;0;0;1;0;0;3;0;4;
Aaron Brooks;;17:08;3;4;1;1;0;0;1;0;1;3;2;0;2;4;7;
Charles Hayes;;3:54;1;1;0;0;0;0;1;0;1;0;0;0;0;2;2;
Thomas Robinson;;23:18;2;3;0;0;1;3;1;3;4;3;1;0;2;3;5;
Tyler Honeycutt;;2:00;0;1;0;0;0;0;1;0;1;0;0;0;0;0;0;
TOR
Mickael Pietrus;F;10:43;1;1;1;1;0;0;0;0;0;1;1;0;1;1;3;
Ed Davis;F;41:19;4;10;0;0;3;6;5;8;13;2;1;3;2;2;11;
Aaron Gray;C;7:12;0;2;0;0;0;2;1;1;2;0;0;0;3;3;0;
DeMar DeRozan;G;33:00;3;11;0;2;8;10;0;4;4;1;1;0;2;2;14;
Jose Calderon;G;27:00;5;11;3;7;0;0;1;0;1;3;0;0;2;2;13;
Amir Johnson;;9:26;0;0;0;0;0;2;0;1;1;0;1;0;0;6;0;
Alan Anderson;;25:38;7;17;2;9;4;4;1;1;2;2;2;1;1;3;20;
Landry Fields;;21:41;3;5;0;0;0;1;1;4;5;2;0;0;1;1;6;
Kyle Lowry;;27:37;5;10;4;7;10;12;0;3;3;4;2;0;2;2;24;
Terrence Ross;;18:07;1;7;1;6;0;0;0;1;1;2;0;1;0;2;3;
Quincy Acy;;11:35;0;2;0;0;0;0;4;1;5;0;0;0;1;3;0;
John Lucas III;;6:42;1;3;0;1;0;0;1;1;2;1;0;0;0;0;2;
