12-12;SAC-MIL;85-98;
19-29;20-20;23-19;23-30;
SAC
John Salmons;F;36:21;7;14;1;5;1;1;1;2;3;1;0;2;1;4;16;
Travis Outlaw;F;16:20;1;6;0;1;4;4;2;2;4;0;0;0;0;1;6;
Jason Thompson;C;33:11;4;10;0;0;0;1;5;10;15;1;2;1;2;1;8;
Francisco Garcia;G;22:20;1;5;0;2;1;2;1;4;5;1;0;2;1;2;3;
Aaron Brooks;G;35:09;3;11;1;7;3;3;0;1;1;6;1;1;4;3;10;
Tyreke Evans;;22:54;6;15;1;1;4;5;2;5;7;2;0;0;5;3;17;
Thomas Robinson;;24:43;3;9;0;0;2;2;2;6;8;1;0;0;1;3;8;
James Johnson;;9:09;0;1;0;0;0;0;0;1;1;1;0;0;0;1;0;
Charles Hayes;;14:09;1;2;0;0;0;0;2;1;3;1;0;0;1;1;2;
Isaiah Thomas;;10:57;2;5;0;1;2;2;0;1;1;0;0;0;2;0;6;
Jimmer Fredette;;14:47;4;8;0;2;1;1;1;1;2;0;0;0;0;1;9;
MIL
Marquis Daniels;F;31:26;5;13;0;1;0;0;2;4;6;3;0;1;0;3;10;
Luc Mbah a Moute;F;25:54;6;10;0;0;5;7;2;4;6;1;1;0;0;1;17;
Samuel Dalembert;C;22:50;1;2;0;0;3;4;3;6;9;0;0;2;0;3;5;
Monta Ellis;G;41:10;7;17;2;4;1;4;2;6;8;11;0;1;4;2;17;
Brandon Jennings;G;41:55;8;21;2;8;1;1;3;1;4;3;1;0;2;3;19;
Drew Gooden;;22:28;3;6;0;0;1;2;4;6;10;2;1;0;1;2;7;
Ersan Ilyasova;;23:49;7;11;1;1;1;2;5;9;14;0;2;2;0;3;16;
Tobias Harris;;13:01;2;7;1;1;2;2;2;0;2;1;1;0;2;0;7;
Doron Lamb;;15:29;0;8;0;2;0;2;1;0;1;1;2;0;0;1;0;
John Henson;;1:58;0;1;0;0;0;0;0;0;0;0;0;0;0;0;0;
