02-21;SAS-LAC;116-90;
34-21;24-22;34-21;24-26;
SAS
Danny Green;F;27:31;5;10;3;6;2;2;1;2;3;7;2;2;3;4;15;
Tim Duncan;F;15:54;4;8;0;0;1;4;0;5;5;0;0;0;1;0;9;
Tiago Splitter;C;20:49;3;4;0;0;4;4;1;3;4;2;0;2;2;3;10;
Gary Neal;G;25:50;1;2;1;1;2;2;0;1;1;2;0;0;1;2;5;
Tony Parker;G;28:02;12;16;0;1;7;7;0;2;2;7;1;0;0;2;31;
Manu Ginobili;;17:01;3;5;1;1;3;4;1;2;3;2;0;0;4;2;10;
Boris Diaw;;22:56;2;3;0;0;0;0;2;0;2;4;0;1;0;2;4;
Matt Bonner;;13:33;3;4;1;2;0;0;1;2;3;1;0;0;0;2;7;
Nando De Colo;;19:59;3;5;2;3;1;2;0;2;2;1;0;0;1;1;9;
Stephen Jackson;;19:35;2;6;0;2;1;2;1;2;3;2;3;0;3;2;5;
DeJuan Blair;;11:11;1;4;0;0;0;0;0;3;3;2;0;0;0;0;2;
Patty Mills;;10:02;1;2;0;1;1;1;0;0;0;0;1;0;1;0;3;
Aron Baynes;;7:38;3;4;0;0;0;0;1;2;3;0;0;1;1;0;6;
LAC
Caron Butler;F;21:03;4;8;1;2;2;2;1;0;1;0;0;0;2;1;11;
Blake Griffin;F;29:00;7;17;0;0;3;4;4;4;8;3;0;0;3;4;17;
DeAndre Jordan;C;20:58;1;1;0;0;0;0;0;1;1;0;0;0;3;4;2;
Chauncey Billups;G;16:56;0;2;0;1;6;7;0;0;0;2;0;0;0;1;6;
Chris Paul;G;27:04;1;6;0;2;2;2;1;1;2;3;1;0;3;5;4;
Jamal Crawford;;32:56;6;12;1;3;2;2;1;0;1;6;3;0;0;2;15;
Matt Barnes;;26:32;6;12;1;5;5;6;2;4;6;2;0;1;2;2;18;
Lamar Odom;;15:51;2;4;0;1;0;0;1;3;4;1;1;0;2;3;4;
Eric Bledsoe;;22:43;2;8;0;0;1;2;2;2;4;3;0;0;2;0;5;
Grant Hill;;7:57;0;1;0;0;0;0;0;2;2;1;0;0;1;0;0;
Willie Green;;13:16;2;3;2;2;0;0;0;1;1;0;0;0;0;0;6;
Ryan Hollins;;5:44;1;2;0;0;0;0;1;2;3;0;0;0;0;0;2;
