11-13;CLE-BKN;101-114;
30-29;12-35;33-21;26-29;
CLE
Alonzo Gee;F;37:57;2;7;0;1;0;0;0;1;1;2;0;0;1;4;4;
Tristan Thompson;F;30:49;6;11;0;0;2;5;3;2;5;0;1;0;1;4;14;
Anderson Varejao;C;37:29;16;21;0;0;3;3;11;7;18;3;2;0;1;2;35;
Dion Waiters;G;35:48;3;16;1;5;1;2;0;4;4;2;2;0;2;2;8;
Kyrie Irving;G;37:44;9;19;2;6;14;14;1;3;4;8;3;0;4;2;34;
Jon Leuer;;17:05;2;7;0;0;0;0;0;1;1;0;0;0;2;2;4;
Daniel Gibson;;17:45;0;1;0;1;0;0;0;1;1;1;1;0;0;4;0;
Donald Sloan;;5:44;0;2;0;1;2;2;0;0;0;0;0;0;0;0;2;
Samardo Samuels;;10:37;0;3;0;0;0;0;1;0;1;0;0;0;0;2;0;
Omri Casspi;;3:05;0;0;0;0;0;0;0;0;0;0;0;0;1;1;0;
Luke Walton;;5:57;0;0;0;0;0;0;0;0;0;0;1;0;0;3;0;
BKN
Keith Bogans;F;10:49;0;3;0;3;0;0;0;1;1;3;0;0;1;1;0;
Kris Humphries;F;27:13;4;5;0;0;4;6;3;3;6;1;0;1;1;5;12;
Brook Lopez;C;28:47;10;14;0;0;3;5;2;5;7;1;1;4;2;4;23;
Joe Johnson;G;38:37;9;16;3;9;4;5;0;5;5;6;1;1;3;2;25;
Deron Williams;G;35:55;10;20;1;6;5;5;1;1;2;10;1;0;3;2;26;
CJ Watson;;28:16;2;7;1;3;2;2;1;0;1;2;1;0;0;3;7;
Josh Childress;;15:01;1;2;0;0;0;0;1;2;3;1;0;1;0;1;2;
Reggie Evans;;20:47;0;0;0;0;2;2;3;5;8;1;1;0;1;1;2;
Andray Blatche;;19:13;4;7;0;0;5;6;1;4;5;1;0;3;2;2;13;
Jerry Stackhouse;;14:52;2;3;0;1;0;0;0;1;1;1;0;0;0;2;4;
Tornike Shengelia;;0:30;0;0;0;0;0;0;0;0;0;0;0;0;0;0;0;
