03-17;ORL-MIL;109-115;
25-18;29-26;27-26;28-45;
ORL
Maurice Harkless;F;43:12;9;17;2;4;3;5;4;5;9;1;2;2;1;2;23;
Tobias Harris;F;31:54;4;8;1;4;5;6;1;7;8;1;1;2;3;6;14;
Nikola Vucevic;C;41:30;10;16;0;0;0;0;3;12;15;4;2;0;3;2;20;
Arron Afflalo;G;39:42;11;20;1;6;1;2;1;3;4;4;1;0;3;2;24;
Jameer Nelson;G;39:28;7;19;1;6;1;2;0;2;2;7;4;0;1;2;16;
Kyle O'Quinn;;5:15;0;1;0;0;0;0;0;4;4;0;0;0;1;3;0;
E'Twaun Moore;;14:15;2;4;0;0;0;0;0;0;0;2;0;0;0;2;4;
Beno Udrih;;18:03;4;8;0;1;0;0;1;0;1;2;0;0;0;1;8;
Doron Lamb;;6:41;0;0;0;0;0;0;1;0;1;0;0;0;0;1;0;
MIL
Marquis Daniels;F;20:56;2;5;0;0;2;2;0;4;4;2;1;0;1;1;6;
Ersan Ilyasova;F;36:14;7;13;2;5;4;4;3;8;11;0;0;1;1;1;20;
Larry Sanders;C;33:05;6;13;0;0;1;1;4;7;11;0;0;0;3;2;13;
Monta Ellis;G;40:09;13;22;5;6;8;8;0;6;6;5;3;0;6;1;39;
Brandon Jennings;G;43:35;4;15;3;8;4;5;1;1;2;14;2;0;1;4;15;
Mike Dunleavy;;22:22;3;10;2;4;0;0;0;2;2;1;0;1;1;2;8;
JJ Redick;;23:08;1;5;0;4;2;2;0;2;2;2;0;1;0;0;4;
Ekpe Udoh;;14:55;3;4;0;0;1;2;4;2;6;1;0;0;1;2;7;
John Henson;;5:36;1;3;0;0;1;2;1;1;2;0;0;0;0;0;3;
