11-09;SAS-SAC;97-86;
24-27;23-12;22-29;28-18;
SAS
Kawhi Leonard;F;31:28;3;7;1;2;4;5;2;7;9;1;1;2;2;2;11;
Tim Duncan;F;31:05;9;12;0;0;5;6;0;12;12;4;3;5;2;2;23;
DeJuan Blair;C;19:52;1;6;0;0;2;2;0;3;3;0;0;0;2;3;4;
Danny Green;G;22:30;2;7;1;4;2;2;1;0;1;1;2;1;1;3;7;
Tony Parker;G;24:08;1;5;0;1;3;4;0;3;3;6;1;0;4;1;5;
Manu Ginobili;;25:07;2;8;0;3;3;3;0;3;3;5;0;0;4;2;7;
Boris Diaw;;28:40;3;5;0;1;3;4;2;7;9;4;0;0;0;2;9;
Tiago Splitter;;16:23;3;5;0;0;0;0;1;2;3;1;1;1;2;2;6;
Gary Neal;;19:42;3;8;1;4;0;0;0;3;3;2;0;0;0;1;7;
Patty Mills;;21:05;8;9;2;3;0;0;1;1;2;3;0;0;3;1;18;
SAC
James Johnson;F;21:05;3;6;0;0;3;4;2;3;5;0;2;0;4;2;9;
Jason Thompson;F;37:47;7;10;0;0;3;4;1;5;6;1;2;1;0;2;17;
DeMarcus Cousins;C;22:58;4;14;0;0;6;7;4;5;9;3;1;0;2;5;14;
Tyreke Evans;G;33:23;5;13;0;2;2;2;0;6;6;3;1;0;1;0;12;
Isaiah Thomas;G;29:18;3;11;1;5;3;4;2;2;4;2;1;0;3;3;10;
Aaron Brooks;;18:42;0;5;0;2;0;0;0;1;1;2;0;0;0;1;0;
Marcus Thornton;;28:10;7;17;2;6;1;3;2;2;4;3;0;0;0;3;17;
Charles Hayes;;24:30;1;6;0;0;0;0;3;4;7;3;0;0;1;2;2;
Francisco Garcia;;7:57;1;4;0;0;0;0;0;0;0;1;1;1;0;0;2;
Travis Outlaw;;6:31;0;2;0;0;0;0;1;0;1;0;2;0;0;0;0;
Jimmer Fredette;;4:53;1;2;0;1;0;0;0;0;0;0;0;0;0;0;2;
John Salmons;;4:46;0;1;0;0;1;2;0;0;0;0;1;1;0;0;1;
