12-11;DEN-DET;101-94;
17-25;31-17;24-24;29-28;
DEN
Danilo Gallinari;F;29:47;3;13;1;4;2;2;1;1;2;2;1;0;1;0;9;
Kenneth Faried;F;22:50;0;1;0;0;3;8;0;6;6;1;1;2;0;4;3;
Kosta Koufos;C;16:52;4;7;0;0;1;2;2;2;4;1;0;2;0;6;9;
Andre Iguodala;G;35:19;3;12;1;6;5;7;1;7;8;3;0;1;3;1;12;
Ty Lawson;G;40:05;9;17;1;2;7;8;1;4;5;7;4;0;0;1;26;
Anthony Randolph;;10:06;0;2;0;0;0;0;0;4;4;0;0;2;1;0;0;
JaVale McGee;;18:51;6;9;0;0;0;2;0;1;1;0;1;4;1;2;12;
Corey Brewer;;24:30;6;11;3;5;0;0;0;1;1;1;0;0;0;2;15;
Andre Miller;;30:41;4;4;0;0;3;3;0;2;2;7;3;0;3;2;11;
Timofey Mozgov;;10:59;2;4;0;0;0;2;2;2;4;0;0;1;0;1;4;
DET
Tayshaun Prince;F;31:59;4;9;0;1;0;0;0;6;6;2;0;1;1;1;8;
Jason Maxiell;F;32:07;6;11;0;0;6;10;3;3;6;0;1;6;1;4;18;
Greg Monroe;C;26:36;1;9;0;0;4;6;5;7;12;3;3;0;5;5;6;
Kyle Singler;G;28:03;4;12;0;2;1;2;0;3;3;2;0;1;0;2;9;
Brandon Knight;G;37:51;8;16;2;5;2;2;0;4;4;5;1;0;1;4;20;
Rodney Stuckey;;27:43;5;12;2;3;5;5;1;2;3;2;1;0;5;6;17;
Andre Drummond;;21:24;3;4;0;0;1;2;3;8;11;0;2;1;1;1;7;
Charlie Villanueva;;15:53;1;4;1;2;0;0;1;3;4;3;0;1;1;0;3;
Corey Maggette;;16:01;2;4;0;0;2;4;1;1;2;1;0;0;1;4;6;
Will Bynum;;2:23;0;0;0;0;0;0;0;0;0;0;0;0;0;1;0;
