01-02;SAC-CLE;97-94;
28-25;24-28;22-18;23-23;
SAC
Francisco Garcia;F;33:35;6;13;2;6;0;0;1;5;6;2;2;2;0;2;14;
Jason Thompson;F;36:23;8;16;0;0;3;4;3;7;10;2;0;3;1;3;19;
DeMarcus Cousins;C;34:22;7;17;0;0;4;4;7;9;16;6;2;1;1;3;18;
John Salmons;G;31:58;3;6;1;4;0;0;1;2;3;3;1;0;3;5;7;
Isaiah Thomas;G;19:29;3;8;0;2;2;3;0;1;1;4;1;0;1;1;8;
Aaron Brooks;;28:34;6;10;0;2;1;2;1;1;2;3;1;0;0;1;13;
Jimmer Fredette;;14:54;1;5;0;2;4;5;0;0;0;0;0;0;2;1;6;
James Johnson;;16:08;2;6;0;0;4;5;1;3;4;0;0;0;1;3;8;
Charles Hayes;;16:48;1;5;0;0;0;0;1;1;2;2;1;0;0;0;2;
Thomas Robinson;;7:49;1;2;0;0;0;0;0;2;2;0;0;0;1;0;2;
CLE
Alonzo Gee;F;38:33;5;10;1;3;5;6;2;8;10;6;0;0;1;2;16;
Tristan Thompson;F;35:22;4;12;0;0;1;2;5;8;13;0;0;0;2;4;9;
Tyler Zeller;C;35:55;3;7;0;0;2;2;3;5;8;0;0;2;3;2;8;
CJ Miles;G;28:44;4;13;1;7;3;3;0;2;2;0;0;0;2;2;12;
Kyrie Irving;G;35:03;8;18;1;4;5;6;2;3;5;6;0;0;3;2;22;
Luke Walton;;17:58;2;7;1;3;0;0;1;6;7;3;1;1;2;3;5;
Dion Waiters;;29:21;8;19;1;4;3;3;1;1;2;3;1;0;0;5;20;
Shaun Livingston;;12:57;0;1;0;0;2;2;1;1;2;1;0;1;0;0;2;
Kevin Jones;;6:07;0;0;0;0;0;0;0;1;1;0;0;0;0;0;0;
