03-16;CLE-SAS;113-119;
30-34;31-32;29-25;23-28;
CLE
Alonzo Gee;F;31:38;4;7;0;0;7;8;0;2;2;1;3;0;2;4;15;
Tristan Thompson;F;29:37;3;12;0;1;2;7;3;5;8;0;3;0;1;3;8;
Tyler Zeller;C;15:52;3;4;0;0;0;0;0;1;1;0;0;0;1;5;6;
Dion Waiters;G;29:03;6;12;1;1;2;4;0;1;1;1;1;0;1;1;15;
Shaun Livingston;G;33:02;8;13;0;0;0;0;0;3;3;5;1;0;2;4;16;
Luke Walton;;22:11;1;2;1;2;0;0;1;0;1;7;3;0;2;3;3;
Wayne Ellington;;22:30;8;13;4;7;1;1;0;2;2;2;0;0;1;0;21;
CJ Miles;;18:15;2;7;1;4;3;4;1;1;2;1;1;0;0;2;8;
Marreese Speights;;22:54;7;13;0;0;5;6;4;3;7;0;0;4;0;4;19;
Daniel Gibson;;14:58;1;2;0;0;0;1;0;2;2;5;1;0;0;1;2;
SAS
Kawhi Leonard;F;32:44;8;16;1;2;7;8;4;9;13;4;2;2;1;2;24;
Tim Duncan;F;34:37;13;19;0;0;4;4;2;10;12;4;0;5;5;2;30;
Tiago Splitter;C;27:04;3;3;0;0;4;5;1;3;4;2;0;0;2;2;10;
Danny Green;G;26:10;3;5;0;1;2;2;1;2;3;4;1;0;2;2;8;
Cory Joseph;G;18:02;3;4;0;0;1;2;0;0;0;3;1;0;1;4;7;
Gary Neal;;2:28;0;0;0;0;0;0;0;0;0;1;0;0;0;0;0;
Manu Ginobili;;26:00;4;9;1;4;5;8;0;0;0;10;1;0;3;3;14;
Boris Diaw;;23:22;4;7;0;1;0;0;3;2;5;1;1;0;2;1;8;
Stephen Jackson;;18:25;2;7;1;5;0;0;0;2;2;0;1;0;2;2;5;
Nando De Colo;;24:10;4;6;3;4;0;0;0;4;4;1;0;0;0;3;11;
DeJuan Blair;;6:58;1;2;0;0;0;0;0;0;0;2;0;0;0;0;2;
