12-17;SAC-PHX;90-101;
22-16;32-27;14-31;22-27;
SAC
John Salmons;F;30:30;2;7;0;0;2;4;0;6;6;2;1;0;3;1;6;
Jason Thompson;F;27:54;4;10;0;0;0;0;2;4;6;2;0;0;1;4;8;
DeMarcus Cousins;C;25:44;1;10;0;0;7;8;4;6;10;0;1;0;3;4;9;
Francisco Garcia;G;19:26;2;6;0;2;2;3;0;2;2;0;1;0;1;2;6;
Aaron Brooks;G;29:30;6;11;0;3;0;0;0;3;3;3;0;1;1;2;12;
Charles Hayes;;23:56;1;4;0;0;2;2;1;5;6;3;0;1;1;1;4;
James Johnson;;21:23;5;6;0;0;1;2;2;1;3;1;2;3;1;0;11;
Jimmer Fredette;;22:21;7;13;3;5;5;5;3;0;3;1;0;0;1;1;22;
Isaiah Thomas;;23:14;3;10;0;3;0;0;1;2;3;3;0;0;1;1;6;
Thomas Robinson;;16:02;3;6;0;0;0;0;5;4;9;0;0;0;3;1;6;
PHX
Jared Dudley;F;36:54;5;11;4;8;6;7;1;2;3;1;1;0;1;1;20;
Luis Scola;F;32:46;7;11;0;0;0;1;2;4;6;10;1;0;2;3;14;
Marcin Gortat;C;32:47;6;12;0;0;2;3;1;12;13;0;1;6;1;0;14;
Shannon Brown;G;28:49;10;13;2;4;0;0;0;5;5;1;1;0;1;4;22;
Goran Dragic;G;33:09;3;11;0;4;2;2;0;2;2;7;1;0;1;1;8;
Michael Beasley;;13:02;3;8;1;3;0;0;0;3;3;2;0;1;1;2;7;
Markieff Morris;;14:57;0;2;0;1;0;0;1;0;1;2;0;0;0;2;0;
PJ Tucker;;14:22;3;4;0;0;0;0;0;1;1;1;0;1;0;2;6;
Jermaine O'Neal;;14:44;3;8;0;0;1;2;2;2;4;1;0;2;0;0;7;
Sebastian Telfair;;18:07;1;5;1;2;0;0;0;0;0;4;0;0;0;2;3;
Diante Garrett;;0:23;0;0;0;0;0;0;0;0;0;0;0;0;0;0;0;
