02-22;ORL-MEM;82-88;
21-22;17-21;15-24;29-21;
ORL
Maurice Harkless;F;45:50;8;17;1;3;2;3;6;3;9;1;1;1;2;4;19;
Andrew Nicholson;F;32:41;7;13;0;0;0;0;0;1;1;1;1;2;2;6;14;
Nikola Vucevic;C;25:19;2;8;0;0;0;0;4;7;11;1;1;0;3;6;4;
Arron Afflalo;G;43:59;8;16;2;5;2;2;0;6;6;7;1;2;1;3;20;
E'Twaun Moore;G;39:09;5;18;1;4;1;2;0;4;4;7;2;2;2;2;12;
DeQuan Jones;;30:13;2;7;1;3;2;2;0;4;4;1;0;1;1;1;7;
Kyle O'Quinn;;22:49;3;5;0;0;0;0;1;6;7;1;0;0;1;4;6;
MEM
Tayshaun Prince;F;29:18;2;6;0;1;2;4;0;6;6;5;2;0;1;1;6;
Zach Randolph;F;37:21;6;13;0;0;4;7;4;10;14;4;0;1;3;1;16;
Marc Gasol;C;36:57;8;11;0;0;3;4;2;11;13;4;1;0;0;1;19;
Tony Allen;G;32:31;4;12;0;0;1;2;3;5;8;1;2;2;2;3;9;
Mike Conley;G;35:27;4;11;2;7;4;4;0;2;2;7;2;0;4;3;14;
Jerryd Bayless;;21:30;4;9;0;3;0;0;1;1;2;2;1;0;2;1;8;
Quincy Pondexter;;17:00;2;6;1;4;0;0;2;2;4;0;0;0;1;0;5;
Darrell Arthur;;7:19;0;3;0;0;1;2;2;0;2;0;0;0;0;1;1;
Ed Davis;;14:23;4;4;0;0;2;4;0;1;1;0;0;2;0;2;10;
Austin Daye;;2:18;0;1;0;1;0;0;0;0;0;0;0;1;0;0;0;
Tony Wroten;;5:56;0;0;0;0;0;2;0;0;0;1;0;0;1;2;0;
