12-08;GSW-WAS;101-97;
28-21;22-26;21-23;30-27;
GSW
Harrison Barnes;F;23:57;1;7;1;2;0;2;1;5;6;4;1;0;2;1;3;
David Lee;F;35:07;8;16;0;0;8;8;3;14;17;0;1;0;4;2;24;
Festus Ezeli;C;13:04;0;0;0;0;0;0;0;1;1;0;1;1;0;0;0;
Klay Thompson;G;38:47;8;14;5;9;2;2;1;5;6;5;0;2;3;2;23;
Stephen Curry;G;35:28;7;15;2;8;6;7;1;2;3;5;0;0;4;1;22;
Draymond Green;;23:19;3;10;0;2;0;0;2;6;8;1;0;1;1;6;6;
Jarrett Jack;;29:43;2;6;1;1;0;0;0;4;4;3;0;1;0;0;5;
Charles Jenkins;;15:15;3;8;0;0;0;0;1;2;3;2;0;0;0;1;6;
Carl Landry;;25:18;3;5;0;0;6;8;4;5;9;2;1;0;5;3;12;
Kent Bazemore;;0:02;0;0;0;0;0;0;0;0;0;0;0;0;0;0;0;
WAS
Martell Webster;F;24:53;3;10;1;5;2;4;1;4;5;3;2;1;0;1;9;
Chris Singleton;F;35:29;4;11;1;2;1;2;1;3;4;1;1;1;0;5;10;
Emeka Okafor;C;11:34;1;2;0;0;0;0;0;0;0;0;1;0;1;1;2;
Bradley Beal;G;40:26;6;17;1;6;4;6;1;5;6;6;2;1;1;1;17;
A.J. Price;G;4:18;0;2;0;0;0;0;0;0;0;1;0;0;1;0;0;
Shaun Livingston;;14:16;0;1;0;0;0;0;0;2;2;1;1;0;1;0;0;
Kevin Seraphin;;28:50;7;12;0;0;0;0;1;4;5;0;0;1;1;5;14;
Jordan Crawford;;34:57;8;17;4;9;2;4;1;6;7;8;2;0;1;2;22;
Nene;;20:03;3;9;0;0;3;5;1;5;6;3;1;0;1;2;9;
Cartier Martin;;25:14;5;6;2;3;2;2;1;1;2;0;1;0;1;3;14;
