03-18;BKN-DET;119-82;
36-23;23-22;31-14;29-23;
BKN
Gerald Wallace;F;28:27;1;4;0;2;0;0;0;2;2;1;2;0;1;1;2;
Reggie Evans;F;27:29;1;5;0;0;4;4;3;8;11;0;2;0;0;3;6;
Brook Lopez;C;22:50;7;10;0;0;4;5;5;2;7;0;0;1;0;2;18;
Joe Johnson;G;23:59;4;11;2;7;3;4;1;1;2;1;0;1;1;2;13;
Deron Williams;G;28:14;10;18;4;8;7;8;0;1;1;5;2;0;1;3;31;
MarShon Brooks;;24:12;4;8;1;1;1;1;1;0;1;2;0;2;2;1;10;
Andray Blatche;;22:24;7;12;0;0;1;1;1;7;8;4;1;2;2;2;15;
CJ Watson;;19:46;2;5;1;2;0;0;1;2;3;5;1;0;1;0;5;
Jerry Stackhouse;;19:22;5;6;0;0;0;0;0;0;0;3;0;1;0;0;10;
Mirza Teletovic;;23:17;4;4;1;1;0;0;1;5;6;0;1;1;1;3;9;
DET
Kyle Singler;F;29:11;3;8;0;4;0;0;4;2;6;0;1;1;2;3;6;
Jason Maxiell;F;22:44;2;3;0;0;0;0;0;5;5;1;0;0;0;1;4;
Greg Monroe;C;32:19;8;10;0;0;1;2;2;5;7;3;1;2;6;4;17;
Rodney Stuckey;G;34:24;3;8;0;0;4;4;0;1;1;4;2;0;3;2;10;
Jose Calderon;G;8:03;1;3;0;1;0;0;0;0;0;2;0;0;0;2;2;
Will Bynum;;29:51;8;19;0;2;2;2;3;2;5;6;1;0;1;2;18;
Khris Middleton;;20:55;2;8;0;2;2;2;0;0;0;1;0;0;0;2;6;
Jonas Jerebko;;18:58;1;6;0;2;0;0;0;2;2;0;0;0;1;0;2;
Kim English;;18:23;3;7;0;3;4;5;0;3;3;3;0;0;2;3;10;
Charlie Villanueva;;18:40;2;5;1;4;0;0;0;2;2;0;1;1;0;2;5;
Viacheslav Kravtsov;;6:32;1;1;0;0;0;0;1;1;2;0;0;0;0;0;2;
