11-28;MIN-LAC;95-101;
28-23;27-34;22-19;18-25;
MIN
Josh Howard;F;26:09;3;9;1;2;0;0;1;2;3;1;0;2;1;1;7;
Kevin Love;F;35:27;3;12;1;5;12;16;3;9;12;3;0;1;3;3;19;
Nikola Pekovic;C;32:56;5;13;0;0;1;2;4;6;10;2;2;1;2;4;11;
Malcolm Lee;G;25:15;4;7;1;1;1;2;5;2;7;1;1;1;1;6;10;
Luke Ridnour;G;31:55;5;9;0;1;3;4;0;1;1;7;1;0;4;1;13;
Alexey Shved;;35:40;5;12;3;6;4;4;1;1;2;0;0;0;4;5;17;
Dante Cunningham;;16:39;2;7;0;0;2;2;3;2;5;1;0;0;0;2;6;
Jose Juan Barea;;16:33;2;8;0;4;4;5;2;4;6;2;1;0;0;1;8;
Greg Stiemsma;;7:34;0;0;0;0;0;0;1;0;1;1;0;0;1;0;0;
Derrick Williams;;11:54;2;5;0;3;0;0;1;4;5;0;0;1;2;2;4;
LAC
Caron Butler;F;22:53;1;8;0;3;0;0;3;2;5;2;0;0;0;1;2;
Blake Griffin;F;32:46;9;17;0;0;0;0;2;4;6;3;2;0;1;5;18;
DeAndre Jordan;C;26:49;6;7;0;0;3;6;4;2;6;1;2;2;1;4;15;
Chauncey Billups;G;19:24;1;5;1;5;4;4;0;0;0;3;1;0;2;0;7;
Chris Paul;G;36:09;7;13;1;3;8;8;0;2;2;11;3;0;1;4;23;
Jamal Crawford;;27:19;2;10;1;5;6;6;0;1;1;3;1;0;1;2;11;
Matt Barnes;;25:07;6;9;1;3;0;0;1;5;6;1;2;2;1;3;13;
Ronny Turiaf;;14:38;2;2;0;0;0;0;0;1;1;1;0;0;0;4;4;
Lamar Odom;;15:35;2;4;0;0;0;0;1;4;5;1;0;0;1;1;4;
Eric Bledsoe;;14:07;1;6;0;0;2;2;0;3;3;2;0;1;1;1;4;
Ryan Hollins;;5:13;0;0;0;0;0;0;0;0;0;0;0;1;1;0;0;
