11-05;PHX-MIA;99-124;
25-34;28-31;21-33;25-26;
PHX
Michael Beasley;F;28:50;3;13;1;5;0;0;0;1;1;1;1;1;1;3;7;
Luis Scola;F;33:27;5;11;0;1;5;6;2;6;8;0;1;0;2;2;15;
Marcin Gortat;C;27:24;6;10;0;0;0;2;5;8;13;0;0;2;0;0;12;
Jared Dudley;G;22:40;3;9;0;2;2;2;0;0;0;2;1;0;2;3;8;
Goran Dragic;G;28:41;3;9;2;3;5;6;0;3;3;9;2;0;2;2;13;
Markieff Morris;;25:44;4;10;0;2;1;2;1;4;5;1;2;2;1;1;9;
Shannon Brown;;20:50;5;12;3;6;5;7;1;2;3;2;1;1;0;0;18;
Wesley Johnson;;5:08;0;2;0;1;0;0;0;1;1;1;0;0;1;1;0;
PJ Tucker;;13:47;1;5;0;0;2;2;1;1;2;1;0;1;2;4;4;
Sebastian Telfair;;15:32;1;3;0;0;2;2;0;1;1;1;1;0;0;3;4;
Kendall Marshall;;7:15;0;0;0;0;0;0;0;0;0;2;1;0;0;0;0;
Diante Garrett;;5:21;1;1;0;0;0;0;0;0;0;2;1;0;0;0;2;
Luke Zeller;;5:21;3;3;1;1;0;0;0;1;1;0;0;0;0;0;7;
MIA
LeBron James;F;30:11;10;17;2;3;1;3;3;8;11;1;0;0;3;2;23;
Shane Battier;F;23:35;2;6;1;4;0;0;0;5;5;2;1;1;1;1;5;
Chris Bosh;C;25:11;7;10;0;1;4;4;0;4;4;2;0;2;0;2;18;
Dwyane Wade;G;28:22;9;14;1;1;3;3;0;3;3;6;2;0;2;3;22;
Mario Chalmers;G;28:07;3;5;3;3;0;0;0;4;4;11;3;1;1;2;9;
Ray Allen;;28:25;4;9;3;4;4;4;0;6;6;6;1;0;2;2;15;
Udonis Haslem;;18:50;5;8;0;0;2;3;0;5;5;0;0;0;0;3;12;
Rashard Lewis;;18:56;2;8;2;6;0;0;1;5;6;2;0;0;3;3;6;
Norris Cole;;19:53;2;3;1;1;1;2;0;1;1;2;0;0;1;3;6;
Mike Miller;;4:22;0;0;0;0;0;0;0;0;0;1;0;0;0;0;0;
Terrel Harris;;6:10;1;2;0;0;0;0;2;0;2;0;0;0;2;1;2;
Joel Anthony;;3:59;0;1;0;0;0;0;1;1;2;0;0;0;0;0;0;
James Jones;;3:59;2;3;2;3;0;0;0;0;0;0;0;0;0;0;6;
