11-30;DEN-LAL;103-122;
27-34;30-37;25-26;21-25;
DEN
Danilo Gallinari;F;30:33;6;13;4;7;3;3;0;3;3;3;1;0;1;2;19;
Kenneth Faried;F;22:45;4;6;0;0;0;2;1;1;2;2;1;0;1;1;8;
Kosta Koufos;C;9:24;3;6;0;1;0;0;0;4;4;0;1;0;1;3;6;
Andre Iguodala;G;33:09;4;10;2;4;4;6;1;1;2;4;0;0;0;2;14;
Ty Lawson;G;36:09;3;11;0;4;3;5;1;2;3;5;0;0;5;2;9;
JaVale McGee;;17:19;4;6;0;0;2;2;2;3;5;1;0;0;0;1;10;
Andre Miller;;25:37;5;8;0;1;0;0;0;3;3;4;1;1;2;3;10;
Corey Brewer;;21:03;3;7;2;3;0;1;1;0;1;1;2;0;2;2;8;
Jordan Hamilton;;20:14;6;14;0;3;1;1;3;5;8;1;1;0;2;2;13;
Timofey Mozgov;;21:17;2;4;0;0;2;2;4;3;7;1;1;0;1;1;6;
Evan Fournier;;2:30;0;1;0;1;0;0;0;0;0;0;0;0;0;0;0;
LAL
Metta World Peace;F;40:42;3;11;2;7;2;2;0;2;2;2;3;0;2;1;10;
Pau Gasol;F;27:53;3;7;0;0;0;0;4;3;7;8;0;1;2;0;6;
Dwight Howard;C;31:47;12;16;1;1;3;9;8;12;20;0;0;3;1;1;28;
Kobe Bryant;G;37:10;5;15;0;3;4;4;1;1;2;8;2;0;4;5;14;
Darius Morris;G;18:02;1;3;1;1;0;0;0;1;1;3;0;1;2;2;3;
Antawn Jamison;;32:38;13;19;5;10;2;2;2;10;12;2;1;1;3;4;33;
Chris Duhon;;31:00;2;6;1;3;0;0;0;2;2;8;3;0;1;4;5;
Jodie Meeks;;17:27;7;9;7;8;0;0;0;0;0;2;1;0;0;1;21;
Jordan Hill;;3:21;1;1;0;0;0;0;0;0;0;0;1;0;0;4;2;
