01-15;NOH-PHI;111-99;
35-28;18-19;33-21;25-31;
NOH
Al-Farouq Aminu;F;22:38;2;4;0;0;1;2;2;6;8;1;0;0;0;1;5;
Anthony Davis;F;20:57;4;6;0;0;2;3;2;5;7;2;2;2;1;0;10;
Robin Lopez;C;22:44;4;9;0;0;0;0;3;2;5;0;0;3;0;1;8;
Eric Gordon;G;32:06;7;13;2;3;3;4;1;1;2;4;1;0;3;2;19;
Greivis Vasquez;G;35:55;10;18;3;4;0;1;0;2;2;9;0;0;6;4;23;
Xavier Henry;;14:46;4;7;1;2;2;2;2;2;4;1;2;0;0;4;11;
Roger Mason Jr.;;26:40;3;4;1;1;0;0;0;3;3;3;0;1;1;3;7;
Ryan Anderson;;28:56;5;11;2;6;2;2;2;7;9;0;1;0;1;0;14;
Jason Smith;;23:20;3;7;0;0;0;0;3;4;7;1;0;0;0;1;6;
Austin Rivers;;5:18;0;1;0;0;1;2;0;1;1;1;0;0;1;2;1;
Brian Roberts;;6:40;2;3;1;2;2;2;0;0;0;0;0;0;1;0;7;
PHI
Evan Turner;F;34:32;5;12;1;2;3;4;2;5;7;3;0;0;2;3;14;
Thaddeus Young;F;39:29;6;18;0;0;0;1;4;2;6;3;1;2;1;2;12;
Lavoy Allen;C;14:40;4;5;0;0;0;0;0;0;0;0;0;0;2;4;8;
Jason Richardson;G;19:38;2;5;1;3;0;0;1;2;3;2;0;0;0;2;5;
Jrue Holiday;G;36:13;10;17;4;5;5;5;1;4;5;11;4;0;4;3;29;
Spencer Hawes;;21:08;2;6;1;2;0;0;0;2;2;2;0;0;2;1;5;
Royal Ivey;;9:34;1;1;1;1;0;0;0;0;0;0;0;0;1;1;3;
Damien Wilkins;;19:21;1;3;0;0;0;0;0;0;0;0;0;0;0;3;2;
Dorell Wright;;26:05;2;6;1;4;2;2;2;4;6;6;0;0;0;0;7;
Kwame Brown;;7:20;0;0;0;0;0;0;0;2;2;0;0;0;0;1;0;
Nick Young;;12:00;6;9;2;4;0;1;0;1;1;1;0;0;1;1;14;
