01-20;LAL-TOR;103-108;
20-29;29-24;21-30;33-25;
LAL
Metta World Peace;F;25:45;3;9;2;6;1;1;1;2;3;0;3;0;0;0;9;
Pau Gasol;F;32:32;10;15;0;0;5;6;3;2;5;2;0;1;1;1;25;
Dwight Howard;C;17:12;1;3;0;0;3;4;0;2;2;1;0;1;1;1;5;
Kobe Bryant;G;42:53;10;32;3;12;3;3;0;4;4;5;2;1;6;1;26;
Steve Nash;G;37:01;5;11;2;3;4;4;0;1;1;9;1;0;3;4;16;
Earl Clark;;34:33;6;10;1;1;1;2;6;8;14;2;1;1;0;3;14;
Antawn Jamison;;30:15;2;6;1;4;0;0;1;4;5;0;0;0;1;2;5;
Chris Duhon;;10:59;0;1;0;1;1;1;0;2;2;1;0;0;0;1;1;
Darius Morris;;5:08;1;1;0;0;0;0;0;0;0;0;0;0;1;1;2;
Robert Sacre;;3:42;0;0;0;0;0;0;1;0;1;0;0;0;0;1;0;
TOR
Landry Fields;F;37:45;8;11;0;1;2;4;3;7;10;0;4;0;1;1;18;
Ed Davis;F;31:13;9;13;0;0;0;2;2;6;8;0;0;0;1;1;18;
Aaron Gray;C;15:45;2;5;0;0;1;1;1;1;2;1;0;1;1;4;5;
DeMar DeRozan;G;30:23;4;9;0;1;0;0;0;3;3;3;0;0;5;3;8;
Jose Calderon;G;30:05;9;15;1;4;3;3;0;2;2;9;0;0;3;4;22;
Alan Anderson;;28:29;5;13;3;7;1;2;0;2;2;8;3;0;3;0;14;
Amir Johnson;;21:39;4;6;0;0;1;2;3;5;8;3;0;1;1;5;9;
Kyle Lowry;;17:55;2;3;2;3;2;3;1;3;4;2;3;0;0;2;8;
Terrence Ross;;18:26;2;7;0;4;0;0;0;1;1;1;0;0;0;1;4;
Quincy Acy;;8:20;1;2;0;0;0;0;0;0;0;0;1;0;0;1;2;
