12-26;MIA-CHA;105-92;
27-18;28-20;23-33;27-21;
MIA
LeBron James;F;38:35;9;19;2;4;7;8;2;10;12;8;4;2;3;1;27;
Udonis Haslem;F;26:41;0;4;0;0;0;0;1;5;6;0;0;0;1;3;0;
Chris Bosh;C;29:33;6;12;1;1;1;3;2;1;3;1;1;0;4;5;14;
Dwyane Wade;G;36:38;10;19;1;1;8;10;2;7;9;5;1;1;3;3;29;
Mario Chalmers;G;34:02;5;10;4;6;3;4;0;1;1;4;2;0;0;2;17;
Shane Battier;;23:48;3;5;3;5;0;0;0;3;3;0;1;0;0;3;9;
Joel Anthony;;7:53;0;0;0;0;0;0;1;1;2;0;0;0;0;1;0;
Mike Miller;;11:22;0;2;0;1;0;0;0;1;1;1;0;0;1;4;0;
Norris Cole;;13:58;2;6;0;2;0;0;1;2;3;2;0;0;1;2;4;
James Jones;;17:30;2;4;1;3;0;0;0;4;4;0;0;2;0;1;5;
CHA
Michael Kidd-Gilchrist;F;22:17;2;6;0;0;2;2;0;5;5;2;1;0;2;4;6;
Hakim Warrick;F;38:02;8;12;0;0;2;3;0;9;9;0;1;0;4;2;18;
Bismack Biyombo;C;38:23;3;8;0;0;1;3;4;6;10;0;0;1;1;5;7;
Gerald Henderson;G;44:08;5;19;0;3;4;5;2;5;7;4;2;1;2;3;14;
Kemba Walker;G;42:42;9;20;4;8;5;7;3;3;6;6;2;0;5;2;27;
Ramon Sessions;;35:45;7;12;1;3;4;6;0;1;1;5;0;0;1;4;19;
DeSagana Diop;;11:35;0;1;0;0;0;0;0;3;3;0;0;4;0;0;0;
Jeff Taylor;;7:08;0;0;0;0;1;2;1;0;1;1;0;0;1;2;1;
