03-18;DAL-ATL;127-113;
34-25;34-30;30-30;29-28;
DAL
Jae Crowder;F;27:00;2;9;0;4;0;0;1;3;4;3;1;0;2;2;4;
Dirk Nowitzki;F;30:10;7;11;2;2;6;6;0;6;6;5;0;1;0;1;22;
Chris Kaman;C;21:13;7;11;0;0;0;0;2;5;7;2;1;1;0;3;14;
O.J. Mayo;G;31:16;7;11;3;4;0;0;0;3;3;4;0;0;1;2;17;
Mike James;G;23:31;3;5;3;4;0;0;0;2;2;3;2;0;4;0;9;
Vince Carter;;24:20;5;9;3;5;0;0;1;3;4;4;1;0;1;4;13;
Brandan Wright;;20:34;5;9;0;0;2;2;4;4;8;2;1;0;1;2;12;
Elton Brand;;12:49;2;4;0;0;0;1;1;2;3;2;1;0;1;1;4;
Darren Collison;;30:00;10;14;2;3;2;3;0;1;1;5;0;0;1;3;24;
Anthony Morrow;;13:29;3;4;0;0;2;2;1;0;1;3;0;0;0;2;8;
Bernard James;;2:49;0;1;0;0;0;0;0;0;0;0;0;1;0;0;0;
Chris Wright;;2:49;0;1;0;0;0;0;0;0;0;0;0;0;1;0;0;
ATL
Kyle Korver;F;27:25;4;7;2;5;1;1;0;2;2;1;0;0;1;0;11;
Josh Smith;F;30:45;5;11;0;4;3;4;2;3;5;6;1;1;4;3;13;
Al Horford;C;35:43;7;14;0;0;2;4;1;10;11;4;2;0;2;1;16;
Devin Harris;G;23:05;4;7;1;3;1;2;0;1;1;2;1;1;1;1;10;
Jeff Teague;G;32:12;7;13;0;3;5;7;1;1;2;7;2;0;3;1;19;
Anthony Tolliver;;25:08;4;4;2;2;2;2;0;3;3;0;0;0;1;2;12;
Ivan Johnson;;15:49;3;5;0;0;4;5;1;0;1;2;0;0;1;3;10;
Dahntay Jones;;12:21;3;4;0;0;1;2;0;0;0;0;1;0;1;1;7;
John Jenkins;;27:06;3;7;2;3;2;2;0;3;3;2;0;0;0;0;10;
Shelvin Mack;;5:13;1;2;1;1;0;0;0;1;1;2;0;0;1;2;3;
Mike Scott;;5:13;1;1;0;0;0;0;0;2;2;0;0;0;0;1;2;
