12-18;SAS-DEN;106-112;
28-26;20-29;27-35;31-22;
SAS
Danny Green;F;23:06;1;10;1;8;0;0;0;1;1;1;1;0;2;1;3;
Tim Duncan;F;40:02;11;25;0;0;9;10;4;14;18;6;2;5;2;3;31;
Tiago Splitter;C;23:19;5;8;0;0;0;1;1;3;4;3;3;1;1;3;10;
Gary Neal;G;13:03;1;5;1;2;0;0;0;1;1;2;1;0;1;1;3;
Tony Parker;G;35:27;4;12;2;3;3;3;1;3;4;4;0;0;0;2;13;
Manu Ginobili;;29:36;5;15;2;9;4;4;1;5;6;6;2;1;4;2;16;
Boris Diaw;;25:24;2;2;0;0;0;0;1;7;8;4;1;2;2;4;4;
Stephen Jackson;;22:09;2;8;1;4;0;0;1;2;3;1;0;0;1;5;5;
Matt Bonner;;4:10;1;1;1;1;0;0;0;0;0;0;0;0;0;3;3;
Nando De Colo;;6:39;1;1;1;1;0;0;0;0;0;1;0;0;1;0;3;
Patty Mills;;17:05;5;8;5;8;0;0;0;0;0;0;2;0;0;1;15;
DEN
Danilo Gallinari;F;34:50;9;21;3;10;7;8;1;8;9;2;2;1;1;0;28;
Kenneth Faried;F;28:56;6;11;0;0;7;9;2;9;11;2;1;0;3;4;19;
Kosta Koufos;C;31:21;2;6;0;0;0;0;5;9;14;0;1;4;1;2;4;
Andre Iguodala;G;37:18;6;9;2;2;0;0;2;7;9;6;2;1;3;4;14;
Ty Lawson;G;38:04;4;15;0;3;4;4;0;1;1;5;2;0;2;3;12;
JaVale McGee;;11:10;3;6;0;0;4;10;2;1;3;0;0;3;2;1;10;
Corey Brewer;;29:13;6;11;2;4;2;5;0;4;4;1;1;0;2;1;16;
Andre Miller;;22:40;2;6;0;0;4;4;0;5;5;7;1;1;1;2;8;
Timofey Mozgov;;6:29;0;2;0;0;1;2;1;1;2;0;1;0;0;0;1;
