11-05;IND-SAS;79-101;
18-26;20-21;22-26;19-28;
IND
Sam Young;F;16:27;1;2;0;0;1;2;2;1;3;0;0;0;1;2;3;
David West;F;24:44;4;9;0;0;2;2;1;10;11;1;0;1;1;1;10;
Roy Hibbert;C;26:45;1;7;0;0;0;0;4;1;5;0;1;1;3;2;2;
Paul George;G;40:31;5;13;1;3;3;3;1;2;3;1;1;2;4;2;14;
George Hill;G;30:50;5;15;2;7;3;3;0;4;4;6;1;0;3;1;15;
Gerald Green;;25:47;4;10;1;4;0;0;4;4;8;1;0;0;0;1;9;
Ian Mahinmi;;17:25;2;3;0;0;2;2;2;2;4;0;0;2;1;3;6;
Tyler Hansbrough;;23:16;1;7;0;0;7;9;2;4;6;0;0;0;1;1;9;
Lance Stephenson;;9:25;0;3;0;1;0;0;0;0;0;0;0;0;2;2;0;
D.J. Augustin;;13:20;2;6;2;5;1;1;0;2;2;2;0;0;1;0;7;
Orlando Johnson;;3:50;0;1;0;0;0;0;0;0;0;0;0;0;1;0;0;
Ben Hansbrough;;3:50;1;1;0;0;0;0;0;1;1;0;0;0;1;2;2;
Miles Plumlee;;3:50;1;2;0;0;0;0;1;0;1;0;0;1;0;0;2;
SAS
Kawhi Leonard;F;24:40;3;9;0;2;3;3;2;2;4;1;1;0;1;1;9;
Tim Duncan;F;25:39;7;16;0;0;0;0;1;10;11;3;3;1;0;0;14;
Boris Diaw;C;18:50;2;3;1;1;0;0;0;0;0;1;1;0;0;1;5;
Danny Green;G;25:50;4;8;2;3;0;0;2;2;4;0;0;0;1;2;10;
Tony Parker;G;25:36;3;13;0;2;0;0;1;3;4;7;0;0;1;1;6;
DeJuan Blair;;29:10;6;8;0;0;2;2;3;8;11;4;2;0;0;4;14;
Manu Ginobili;;17:03;1;4;0;2;1;2;0;2;2;7;2;0;4;0;3;
Stephen Jackson;;23:20;3;7;2;3;4;4;0;1;1;2;0;0;1;2;12;
Matt Bonner;;16:30;2;3;2;3;0;0;0;0;0;0;1;0;0;3;6;
Gary Neal;;19:51;8;10;1;2;0;0;0;3;3;0;0;0;0;2;17;
Tiago Splitter;;5:51;2;3;0;0;1;2;2;2;4;0;0;1;0;0;5;
Patty Mills;;3:50;0;1;0;0;0;0;0;0;0;0;1;0;0;1;0;
Nando De Colo;;3:50;0;2;0;0;0;0;0;1;1;0;0;0;0;0;0;
