03-18;WAS-CHA;114-119;
29-32;30-31;30-31;25-25;
WAS
Martell Webster;F;35:08;3;7;2;6;4;5;0;3;3;2;1;0;1;3;12;
Nene;F;29:18;9;11;0;0;3;3;2;5;7;7;0;1;1;5;21;
Emeka Okafor;C;29:42;7;13;0;0;3;4;4;5;9;0;0;2;3;1;17;
Garrett Temple;G;28:02;6;8;2;2;3;4;2;3;5;3;2;1;2;1;17;
John Wall;G;32:60;8;17;1;1;8;9;1;3;4;5;2;1;6;6;25;
Bradley Beal;;19:45;2;8;0;3;1;2;1;1;2;4;1;0;2;5;5;
Trevor Booker;;26:39;2;6;0;0;0;2;4;2;6;1;0;0;0;1;4;
Trevor Ariza;;29:00;3;5;1;3;0;0;0;5;5;4;0;0;2;0;7;
Kevin Seraphin;;9:27;3;6;0;0;0;0;0;0;0;1;0;0;0;4;6;
CHA
Michael Kidd-Gilchrist;F;24:40;5;9;0;0;1;1;2;5;7;2;1;0;0;1;11;
Josh McRoberts;F;35:37;5;11;0;1;7;9;3;4;7;3;2;0;2;3;17;
Bismack Biyombo;C;17:39;1;1;0;0;0;0;0;1;1;0;0;1;1;1;2;
Gerald Henderson;G;45:23;8;16;1;2;10;11;1;2;3;8;1;1;2;2;27;
Kemba Walker;G;34:13;8;14;0;2;2;4;1;2;3;7;3;0;0;1;18;
Ben Gordon;;21:14;7;10;3;5;2;2;0;3;3;0;0;0;3;4;19;
Byron Mullens;;30:21;4;8;2;6;2;4;0;5;5;5;0;1;0;3;12;
Brendan Haywood;;7:17;0;0;0;0;0;0;0;1;1;1;0;2;0;1;0;
Jannero Pargo;;18:30;4;10;3;6;0;0;1;0;1;6;2;0;3;3;11;
Jeff Adrien;;5:06;0;0;0;0;2;2;0;0;0;0;0;0;0;1;2;
