02-25;LAL-DEN;108-119;
29-35;25-32;29-28;25-24;
LAL
Metta World Peace;F;30:53;6;11;2;5;1;2;2;0;2;0;3;0;2;3;15;
Earl Clark;F;22:40;4;9;0;2;0;2;0;1;1;0;1;1;0;2;8;
Dwight Howard;C;38:20;6;8;0;0;3;14;4;10;14;1;0;4;1;2;15;
Kobe Bryant;G;38:44;12;23;0;1;5;6;0;6;6;9;0;0;4;3;29;
Steve Nash;G;34:03;6;8;0;1;4;5;0;3;3;5;0;0;6;3;16;
Antawn Jamison;;24:15;5;12;3;4;1;2;0;3;3;1;1;0;0;0;14;
Jodie Meeks;;31:34;3;5;2;4;0;0;2;3;5;1;1;0;1;3;8;
Steve Blake;;19:31;1;2;1;2;0;0;0;2;2;4;0;0;1;1;3;
DEN
Wilson Chandler;F;25:24;10;18;3;5;0;0;2;2;4;1;1;0;0;3;23;
Kenneth Faried;F;31:48;6;10;0;0;0;0;4;6;10;0;3;2;1;5;12;
Kosta Koufos;C;14:24;3;4;0;0;2;4;3;2;5;0;1;0;0;5;8;
Andre Iguodala;G;36:45;6;9;0;1;2;5;0;4;4;12;1;1;2;0;14;
Ty Lawson;G;40:30;8;19;1;6;5;7;0;4;4;8;1;0;4;3;22;
Corey Brewer;;25:40;6;15;1;5;3;5;0;2;2;3;1;0;1;3;16;
JaVale McGee;;23:19;3;4;0;0;1;2;2;5;7;0;2;4;1;3;7;
Andre Miller;;27:41;3;4;0;1;3;4;0;3;3;5;2;0;0;0;9;
Anthony Randolph;;6:18;3;3;0;0;0;0;2;2;4;0;1;0;0;1;6;
Jordan Hamilton;;4:15;0;1;0;0;0;0;0;1;1;1;0;0;0;0;0;
Timofey Mozgov;;3:56;1;1;0;0;0;0;0;0;0;0;0;0;0;2;2;
