12-01;POR-CLE;118-117;
21-28;26-20;23-26;21-17;12-12;15-14;
POR
Nicolas Batum;F;41:09;4;12;2;3;5;6;3;4;7;0;2;2;1;2;15;
LaMarcus Aldridge;F;38:33;9;19;0;0;1;3;2;7;9;0;1;0;1;4;19;
JJ Hickson;C;29:54;3;3;0;0;3;4;1;3;4;1;2;1;0;1;9;
Wesley Matthews;G;39:12;3;11;1;4;4;4;1;3;4;9;0;1;1;1;11;
Damian Lillard;G;40:51;7;15;4;7;2;2;2;4;6;9;1;0;5;4;20;
Will Barton;;12:47;3;5;1;3;0;0;0;1;1;0;1;1;2;1;7;
Jared Jeffries;;5:30;1;1;0;0;0;0;0;0;0;0;0;0;0;0;2;
Meyers Leonard;;19:40;1;1;0;0;0;0;1;1;2;0;0;2;2;1;2;
Nolan Smith;;12:09;3;6;0;2;0;0;0;0;0;2;0;0;1;0;6;
Luke Babbitt;;12:58;2;7;0;4;0;0;1;4;5;0;0;1;0;0;4;
Joel Freeland;;12:15;3;4;0;0;2;2;0;2;2;0;0;1;0;3;8;
CLE
Alonzo Gee;F;33:21;8;16;2;7;0;1;0;4;4;2;1;0;1;4;18;
Tristan Thompson;F;37:32;5;8;0;0;0;0;1;1;2;1;0;2;1;5;10;
Anderson Varejao;C;41:46;7;10;0;0;3;4;7;8;15;5;2;0;2;4;17;
Dion Waiters;G;34:21;4;16;2;8;2;2;0;4;4;7;1;0;2;2;12;
Jeremy Pargo;G;31:44;3;12;3;6;4;4;0;2;2;6;1;0;3;1;13;
Tyler Zeller;;26:18;3;6;0;0;0;0;2;6;8;2;0;1;0;1;6;
Daniel Gibson;;24:27;2;9;2;6;0;0;0;1;1;2;0;0;2;3;6;
Omri Casspi;;19:45;4;9;3;6;0;1;2;4;6;1;0;0;1;1;11;
Donald Sloan;;15:44;3;5;0;1;4;4;0;1;1;3;1;0;2;0;10;
