03-18;IND-CLE;111-90;
27-24;33-21;27-17;24-28;
IND
Paul George;F;24:55;5;9;0;2;4;5;0;4;4;4;2;1;5;2;14;
Tyler Hansbrough;F;23:25;6;12;0;0;6;7;5;6;11;0;0;0;0;0;18;
Roy Hibbert;C;28:27;4;10;0;0;4;5;3;6;9;2;1;5;2;1;12;
Lance Stephenson;G;22:21;3;8;0;4;0;0;0;3;3;3;0;0;0;0;6;
George Hill;G;22:14;2;7;1;3;4;4;0;2;2;7;3;0;1;3;9;
Jeff Ayres;;24:35;4;8;1;1;2;2;1;6;7;4;0;2;2;2;11;
Orlando Johnson;;20:53;3;6;1;2;1;2;0;3;3;0;0;0;0;0;8;
D.J. Augustin;;21:00;1;3;1;3;0;0;3;1;4;4;2;0;1;1;3;
Ian Mahinmi;;14:47;4;7;0;0;0;0;1;4;5;2;0;1;2;5;8;
Gerald Green;;23:05;7;13;4;7;2;2;0;6;6;2;0;0;1;1;20;
Ben Hansbrough;;4:46;0;1;0;0;2;2;0;0;0;1;0;0;0;1;2;
Miles Plumlee;;4:46;0;2;0;0;0;0;2;0;2;0;0;0;0;0;0;
Sam Young;;4:46;0;2;0;0;0;0;0;1;1;0;0;0;0;0;0;
CLE
Alonzo Gee;F;25:39;2;7;0;2;3;4;1;5;6;2;3;0;2;1;7;
Tristan Thompson;F;31:36;9;16;0;0;2;3;6;5;11;2;0;2;0;3;20;
Tyler Zeller;C;26:58;3;5;0;0;2;4;2;4;6;4;0;1;1;4;8;
Dion Waiters;G;12:00;2;7;0;1;0;0;1;1;2;2;0;1;1;2;4;
Shaun Livingston;G;25:59;4;10;0;0;0;0;1;2;3;2;0;0;1;2;8;
Luke Walton;;22:28;1;3;1;3;2;2;2;2;4;4;1;1;1;1;5;
Wayne Ellington;;24:14;1;9;1;3;0;0;1;2;3;2;1;0;2;3;3;
Marreese Speights;;8:14;2;4;0;0;0;0;1;1;2;0;0;0;2;2;4;
CJ Miles;;26:48;8;16;4;8;1;2;1;1;2;1;0;0;1;0;21;
Daniel Gibson;;24:34;1;9;0;6;4;6;0;1;1;2;1;1;0;2;6;
Kevin Jones;;6:44;1;3;0;0;0;0;0;2;2;0;0;1;0;1;2;
Omri Casspi;;4:46;1;3;0;1;0;0;0;3;3;0;0;0;0;0;2;
