02-01;LAC-TOR;73-98;
17-22;13-24;15-26;28-26;
LAC
Caron Butler;F;36:39;3;12;2;5;4;4;1;7;8;1;1;0;0;3;12;
Blake Griffin;F;34:11;4;11;0;0;9;12;2;7;9;2;0;0;3;3;17;
DeAndre Jordan;C;26:28;4;6;0;0;0;2;4;5;9;0;0;1;1;3;8;
Willie Green;G;16:16;1;5;0;4;0;0;0;0;0;0;1;0;0;3;2;
Eric Bledsoe;G;33:42;4;14;0;3;2;2;1;1;2;3;1;2;3;2;10;
Jamal Crawford;;32:02;5;17;1;7;3;5;0;1;1;5;0;1;2;0;14;
Grant Hill;;22:57;2;3;0;0;0;3;0;5;5;0;0;0;3;1;4;
Lamar Odom;;17:41;1;1;0;0;0;0;0;2;2;1;2;0;0;0;2;
Ronny Turiaf;;12:16;0;1;0;0;1;2;0;0;0;0;1;0;2;1;1;
Ryan Hollins;;7:48;1;2;0;0;1;1;1;0;1;0;0;0;0;0;3;
TOR
Landry Fields;F;15:15;3;4;1;1;1;2;0;1;1;0;1;2;0;0;8;
Amir Johnson;F;37:24;7;9;0;0;5;8;5;11;16;3;1;1;2;5;19;
Aaron Gray;C;25:13;3;6;0;0;1;2;4;8;12;4;0;0;1;3;7;
DeMar DeRozan;G;34:23;8;17;2;3;1;1;0;2;2;7;1;1;2;0;19;
Kyle Lowry;G;32:16;1;6;1;4;0;0;1;4;5;8;2;1;0;2;3;
Rudy Gay;;32:45;8;16;3;6;1;2;0;3;3;1;1;1;2;3;20;
John Lucas III;;18:44;6;9;5;7;0;0;0;1;1;1;0;0;2;1;17;
Alan Anderson;;13:23;0;4;0;3;0;0;0;1;1;3;1;0;0;2;0;
Terrence Ross;;15:25;2;8;0;2;0;0;0;0;0;3;0;0;1;3;4;
Jonas Valanciunas;;12:57;0;1;0;0;0;0;1;2;3;0;0;0;2;5;0;
Quincy Acy;;2:15;0;1;0;0;1;2;0;1;1;0;0;0;0;1;1;
