11-18;IND-NYK;76-88;
18-21;12-20;26-27;20-20;
IND
Paul George;F;35:51;6;15;4;7;4;4;1;2;3;3;1;0;2;3;20;
David West;F;34:24;6;10;0;0;2;2;0;7;7;3;0;1;2;0;14;
Roy Hibbert;C;25:11;3;10;0;0;0;0;4;4;8;1;0;2;6;4;6;
George Hill;G;32:54;2;9;2;6;1;1;0;3;3;6;0;0;3;3;7;
Lance Stephenson;G;28:02;2;7;0;2;0;0;0;3;3;5;1;0;3;2;4;
Gerald Green;;17:52;2;2;1;1;0;0;0;4;4;1;0;1;0;0;5;
Ian Mahinmi;;10:02;0;6;0;0;0;2;0;3;3;0;1;1;0;1;0;
Tyler Hansbrough;;19:05;1;2;0;0;3;4;4;4;8;0;0;1;2;2;5;
Sam Young;;19:22;2;2;1;1;1;4;0;6;6;1;0;0;0;2;6;
D.J. Augustin;;6:20;1;3;0;2;0;0;0;1;1;0;1;0;1;0;2;
Ben Hansbrough;;3:39;1;2;0;1;0;0;0;0;0;1;0;0;0;0;2;
Miles Plumlee;;3:39;0;1;0;0;0;0;0;0;0;0;0;1;0;1;0;
Jeff Ayres;;3:39;2;2;0;0;1;1;0;1;1;0;0;0;0;0;5;
NYK
Carmelo Anthony;F;30:54;9;22;1;4;7;8;4;5;9;0;2;0;0;4;26;
Ronnie Brewer;F;22:37;4;7;0;1;0;0;3;3;6;2;0;0;1;2;8;
Tyson Chandler;C;27:32;3;7;0;0;1;2;5;4;9;1;2;1;1;1;7;
Raymond Felton;G;28:53;5;15;1;3;0;0;0;1;1;8;1;0;0;0;11;
Jason Kidd;G;22:31;0;3;0;2;3;3;1;1;2;2;1;0;1;0;3;
J.R. Smith;;30:29;5;10;1;3;2;2;0;7;7;2;1;1;2;3;13;
Rasheed Wallace;;16:35;3;7;1;2;2;2;0;7;7;0;0;1;1;1;9;
Pablo Prigioni;;16:10;0;5;0;2;0;0;0;1;1;4;1;0;1;0;0;
Steve Novak;;24:06;3;10;3;8;0;0;0;2;2;0;1;0;0;2;9;
Marcus Camby;;12:55;0;0;0;0;0;2;2;2;4;0;0;1;1;1;0;
James White;;3:39;0;0;0;0;0;0;0;0;0;0;0;0;0;1;0;
Chris Copeland;;3:39;1;4;0;0;0;0;0;0;0;0;0;0;0;0;2;
