12-04;PHX-MEM;98-108;
25-18;27-27;20-23;22-26;4-14;
PHX
Michael Beasley;F;29:47;3;13;0;2;0;0;0;2;2;1;1;1;2;3;6;
Markieff Morris;F;15:12;2;5;2;3;0;0;0;2;2;0;0;0;1;2;6;
Marcin Gortat;C;35:01;3;4;0;0;5;6;3;4;7;4;1;1;0;2;11;
Shannon Brown;G;22:11;5;11;0;2;0;0;0;0;0;0;2;1;4;1;10;
Goran Dragic;G;43:34;8;15;1;3;2;4;0;2;2;7;2;0;3;4;19;
Luis Scola;;37:48;7;15;0;0;2;4;3;5;8;2;3;0;1;5;16;
Jared Dudley;;30:49;4;7;3;4;2;2;0;2;2;3;0;0;1;3;13;
Diante Garrett;;9:26;0;1;0;0;1;2;0;1;1;3;1;0;2;0;1;
PJ Tucker;;23:13;0;1;0;0;4;4;3;3;6;2;1;0;0;2;4;
Jermaine O'Neal;;17:59;6;10;0;0;0;0;0;2;2;0;1;2;2;4;12;
MEM
Rudy Gay;F;44:38;5;12;0;2;4;6;1;6;7;2;2;3;4;2;14;
Zach Randolph;F;44:16;15;22;0;0;8;8;7;15;22;0;1;3;3;2;38;
Marc Gasol;C;37:47;7;13;0;1;0;0;4;5;9;4;1;1;2;6;14;
Wayne Ellington;G;23:56;3;9;1;5;0;0;0;1;1;2;1;0;3;0;7;
Mike Conley;G;42:15;2;9;1;3;6;8;1;4;5;1;2;0;3;4;11;
Darrell Arthur;;21:07;3;8;0;1;0;0;1;1;2;1;2;2;2;4;6;
Jerryd Bayless;;10:45;1;2;0;0;0;0;0;1;1;1;1;0;0;2;2;
Quincy Pondexter;;37:26;4;9;2;6;6;9;1;2;3;1;1;0;2;2;16;
Marreese Speights;;2:50;0;1;0;1;0;0;0;0;0;1;0;0;0;0;0;
