11-25;PHX-PHI;101-104;
20-23;21-23;34-34;26-24;
PHX
Michael Beasley;F;32:18;8;13;0;0;5;5;0;1;1;1;0;1;3;1;21;
Markieff Morris;F;26:14;4;9;0;1;0;0;2;8;10;2;0;1;0;4;8;
Marcin Gortat;C;25:57;7;11;0;0;4;5;1;6;7;2;0;1;2;1;18;
Shannon Brown;G;23:05;1;7;1;2;1;1;1;1;2;7;0;0;2;1;4;
Goran Dragic;G;29:25;4;10;2;5;0;0;2;1;3;4;2;0;2;4;10;
Luis Scola;;21:46;3;9;0;0;4;4;0;7;7;2;0;0;0;2;10;
Jared Dudley;;24:41;3;6;1;3;0;0;0;2;2;3;0;0;0;2;7;
Sebastian Telfair;;18:50;5;8;0;0;2;2;1;2;3;2;1;0;1;2;12;
PJ Tucker;;15:42;0;1;0;0;0;0;2;1;3;1;0;0;1;3;0;
Jermaine O'Neal;;22:03;4;9;0;0;3;3;0;3;3;0;0;2;1;3;11;
PHI
Evan Turner;F;31:56;4;13;3;5;5;6;1;8;9;3;0;0;2;3;16;
Thaddeus Young;F;35:50;5;7;0;0;0;2;0;4;4;2;1;1;0;3;10;
Lavoy Allen;C;26:07;5;9;0;0;1;1;2;4;6;1;0;2;0;5;11;
Jason Richardson;G;34:05;3;7;2;6;0;0;0;4;4;1;0;0;0;0;8;
Jrue Holiday;G;38:57;13;21;1;2;6;8;1;2;3;13;0;0;2;1;33;
Nick Young;;12:28;1;4;1;2;0;0;1;0;1;0;0;0;1;0;3;
Spencer Hawes;;20:25;3;5;0;0;0;0;1;1;2;2;0;1;2;3;6;
Dorell Wright;;19:52;1;4;1;1;5;5;0;4;4;1;2;0;0;0;8;
Arnett Moultrie;;7:09;0;2;0;0;0;0;0;0;0;0;0;0;0;0;0;
Maalik Wayns;;7:08;3;7;1;3;0;0;0;0;0;0;0;0;0;1;7;
Damien Wilkins;;0:25;0;0;0;0;0;0;0;0;0;0;1;0;0;0;0;
Kwame Brown;;5:38;1;2;0;0;0;1;0;0;0;0;0;0;1;2;2;
