12-14;BOS-HOU;89-101;
19-27;26-16;25-32;19-26;
BOS
Paul Pierce;F;40:33;5;18;2;6;6;8;0;7;7;3;3;0;1;2;18;
Brandon Bass;F;22:33;1;3;0;0;0;0;0;4;4;1;0;1;0;1;2;
Kevin Garnett;C;27:00;6;12;0;0;2;2;1;4;5;2;1;1;1;3;14;
Courtney Lee;G;27:20;3;7;1;2;1;2;0;3;3;0;2;1;0;2;8;
Rajon Rondo;G;36:28;6;13;0;2;3;3;1;3;4;13;4;1;7;1;15;
Chris Wilcox;;14:52;2;3;0;0;0;0;0;2;2;0;0;0;0;2;4;
Jared Sullinger;;14:25;3;7;0;0;1;2;4;2;6;1;0;1;0;1;7;
Leandro Barbosa;;6:28;0;1;0;0;0;0;0;2;2;2;0;0;0;0;0;
Jeff Green;;24:37;4;11;1;2;0;0;3;4;7;0;2;0;1;1;9;
Jason Terry;;25:44;4;10;4;8;0;0;0;1;1;0;3;0;2;3;12;
HOU
Chandler Parsons;F;37:21;5;7;1;3;4;6;2;7;9;8;2;0;2;2;15;
Patrick Patterson;F;25:21;4;8;1;2;0;0;0;3;3;1;0;0;2;3;9;
Omer Asik;C;26:14;4;7;0;0;1;2;2;8;10;0;0;2;1;2;9;
James Harden;G;38:22;6;17;2;7;7;8;0;5;5;5;3;0;1;1;21;
Jeremy Lin;G;27:04;2;6;1;3;0;0;0;3;3;7;1;2;3;2;5;
Greg Smith;;21:46;8;9;0;0;4;6;2;4;6;0;0;3;2;3;20;
Toney Douglas;;24:30;4;9;2;3;1;1;0;2;2;0;1;1;0;2;11;
Carlos Delfino;;22:39;3;6;3;5;0;0;0;0;0;2;0;0;5;1;9;
Marcus Morris;;16:43;1;7;0;4;0;0;1;6;7;0;0;0;1;0;2;
