02-01;LAL-MIN;111-100;
37-24;31-29;17-23;26-24;
LAL
Metta World Peace;F;27:15;2;11;1;6;1;2;4;3;7;4;2;0;2;4;6;
Earl Clark;F;36:17;6;15;1;3;0;0;4;6;10;1;1;1;4;2;13;
Pau Gasol;C;37:19;8;15;1;1;5;5;2;10;12;2;0;3;1;0;22;
Kobe Bryant;G;38:30;4;13;1;4;8;10;2;10;12;8;0;0;4;2;17;
Steve Nash;G;37:09;6;9;3;3;2;2;2;5;7;7;0;2;0;1;17;
Steve Blake;;18:26;4;7;2;5;0;0;0;2;2;3;0;0;1;2;10;
Antawn Jamison;;28:10;7;15;1;3;3;4;3;4;7;1;2;0;0;3;18;
Jodie Meeks;;16:54;2;7;2;7;2;2;0;0;0;1;1;0;0;0;8;
MIN
Andrei Kirilenko;F;31:38;5;8;1;2;1;2;0;0;0;3;1;1;0;1;12;
Derrick Williams;F;31:52;6;14;2;4;1;4;2;7;9;0;1;0;1;2;15;
Nikola Pekovic;C;34:05;6;13;0;0;2;5;1;8;9;0;1;1;0;1;14;
Luke Ridnour;G;24:44;2;7;0;1;0;0;0;0;0;2;1;1;0;4;4;
Ricky Rubio;G;28:59;4;9;0;0;1;2;0;4;4;7;2;0;3;3;9;
Alexey Shved;;26:31;6;16;5;11;1;2;1;3;4;6;0;0;3;0;18;
Jose Juan Barea;;23:08;6;10;2;4;0;1;0;1;1;3;0;0;4;4;14;
Dante Cunningham;;21:12;3;8;0;0;0;0;1;5;6;0;1;1;1;1;6;
Mickael Gelabale;;6:44;0;0;0;0;0;0;1;1;2;0;0;0;0;1;0;
Chris Johnson;;11:07;3;4;0;0;2;2;2;3;5;2;1;0;1;1;8;
