01-28;GSW-TOR;114-102;
25-28;27-24;32-30;30-20;
GSW
Harrison Barnes;F;32:55;6;11;0;1;2;3;1;4;5;2;0;0;0;2;14;
David Lee;F;44:05;10;17;0;0;1;2;2;10;12;7;0;0;3;2;21;
Andrew Bogut;C;23:36;6;8;0;0;0;0;1;7;8;2;1;4;2;3;12;
Klay Thompson;G;35:13;7;16;3;7;2;2;1;6;7;1;2;0;3;2;19;
Stephen Curry;G;26:16;7;12;1;3;2;2;1;0;1;5;1;0;2;1;17;
Andris Biedrins;;12:33;0;0;0;0;0;0;2;1;3;0;0;0;0;2;0;
Richard Jefferson;;14:13;2;4;1;1;0;0;0;2;2;0;0;2;0;2;5;
Jarrett Jack;;25:26;4;10;1;3;5;7;0;4;4;4;0;0;0;2;14;
Carl Landry;;14:01;4;8;0;0;4;4;5;0;5;0;0;1;1;1;12;
Draymond Green;;10:55;0;0;0;0;0;0;0;2;2;1;0;1;2;2;0;
Kent Bazemore;;0:47;0;0;0;0;0;0;0;0;0;0;0;0;0;0;0;
TOR
Landry Fields;F;12:42;1;1;0;0;0;0;0;2;2;0;0;0;1;0;2;
Ed Davis;F;37:19;5;12;0;0;2;3;1;8;9;3;1;3;1;4;12;
Aaron Gray;C;31:36;9;12;0;0;4;4;6;4;10;1;2;0;1;2;22;
DeMar DeRozan;G;36:21;7;18;0;1;7;8;0;0;0;9;0;0;1;2;21;
Jose Calderon;G;35:15;4;13;3;9;0;0;0;4;4;7;0;0;3;2;11;
Alan Anderson;;26:25;2;11;1;4;6;7;0;4;4;2;3;0;0;2;11;
Amir Johnson;;23:45;4;6;0;0;1;1;2;3;5;1;1;1;2;3;9;
John Lucas III;;14:07;1;5;1;2;0;0;1;0;1;3;0;0;0;1;3;
Terrence Ross;;22:30;5;9;1;3;0;0;1;1;2;2;0;0;1;2;11;
