11-23;SAS-IND;104-97;
28-25;20-27;25-25;31-20;
SAS
Danny Green;F;34:04;3;9;1;6;2;2;0;4;4;1;1;0;1;1;9;
Tim Duncan;F;31:09;10;19;0;0;2;2;3;14;17;1;1;0;0;4;22;
DeJuan Blair;C;14:48;1;2;0;0;2;2;0;2;2;0;0;0;1;3;4;
Gary Neal;G;28:04;2;5;0;1;4;4;0;5;5;1;1;0;0;2;8;
Tony Parker;G;37:10;15;23;0;1;3;4;0;1;1;10;2;0;3;3;33;
Boris Diaw;;25:58;1;1;0;0;0;0;1;1;2;2;0;0;1;5;2;
Manu Ginobili;;28:05;7;18;1;7;4;4;1;1;2;3;2;2;1;0;19;
Tiago Splitter;;21:40;1;2;0;0;3;4;1;2;3;1;0;0;1;2;5;
Nando De Colo;;5:10;0;2;0;1;0;0;0;1;1;0;0;0;1;1;0;
Matt Bonner;;8:40;1;2;0;1;0;0;0;0;0;0;0;0;0;0;2;
Patty Mills;;5:12;0;0;0;0;0;0;0;0;0;0;1;0;1;0;0;
IND
Paul George;F;34:07;6;14;2;2;1;2;1;3;4;2;0;1;3;2;15;
David West;F;29:59;7;13;0;0;8;11;3;5;8;3;0;0;1;3;22;
Roy Hibbert;C;29:41;5;18;0;0;0;0;7;4;11;2;0;2;0;4;10;
Lance Stephenson;G;24:40;4;5;1;1;0;0;0;2;2;2;0;0;1;1;9;
George Hill;G;34:26;5;15;0;5;1;1;1;3;4;7;0;0;0;2;11;
Gerald Green;;16:24;2;5;2;3;0;0;0;0;0;2;0;0;1;1;6;
Tyler Hansbrough;;18:01;1;3;0;0;1;2;4;8;12;0;0;1;1;2;3;
Ian Mahinmi;;17:24;3;7;0;0;1;2;2;1;3;1;1;1;2;4;7;
Sam Young;;20:27;2;5;1;2;1;2;1;3;4;0;0;0;2;0;6;
D.J. Augustin;;14:51;3;7;1;3;1;1;0;1;1;8;0;0;2;4;8;
