01-30;CHI-MIL;104-88;
23-19;32-18;24-31;25-20;
CHI
Luol Deng;F;40:06;6;18;0;3;0;0;5;8;13;5;1;1;2;2;12;
Taj Gibson;F;33:59;7;12;0;0;0;0;5;4;9;2;1;2;1;4;14;
Joakim Noah;C;39:58;6;11;0;0;0;1;3;9;12;4;1;1;3;2;12;
Richard Hamilton;G;17:13;4;11;0;0;2;2;0;0;0;3;0;0;1;2;10;
Kirk Hinrich;G;32:32;2;7;0;3;2;2;0;3;3;8;1;0;0;4;6;
Marco Belinelli;;18:52;3;8;1;2;1;2;0;0;0;0;1;1;0;1;8;
Jimmy Butler;;27:23;8;12;1;2;1;2;2;4;6;0;2;0;0;3;18;
Nazr Mohammed;;4:15;0;1;0;0;0;0;0;0;0;1;0;0;0;0;0;
Nate Robinson;;25:42;9;11;2;3;4;4;0;2;2;4;3;0;4;4;24;
MIL
Luc Mbah a Moute;F;23:52;2;4;0;0;0;0;1;4;5;1;1;0;0;0;4;
Ersan Ilyasova;F;38:31;6;18;2;3;4;6;3;4;7;0;0;1;2;5;18;
Samuel Dalembert;C;24:08;6;9;0;0;2;4;6;7;13;0;0;4;2;2;14;
Monta Ellis;G;37:58;4;12;1;2;3;3;1;2;3;4;1;0;4;2;12;
Brandon Jennings;G;39:58;6;18;2;5;1;2;1;1;2;8;1;0;3;5;15;
Mike Dunleavy;;25:56;4;5;1;2;2;2;0;5;5;1;0;1;1;0;11;
Ekpe Udoh;;12:25;0;2;0;0;2;2;0;0;0;1;0;1;0;1;2;
John Henson;;7:56;3;5;0;0;0;0;2;1;3;0;0;0;2;1;6;
Beno Udrih;;22:16;2;6;0;2;0;0;0;2;2;2;0;0;3;3;4;
Tobias Harris;;7:00;1;3;0;0;0;0;1;0;1;0;0;0;1;0;2;
