02-13;CHA-IND;77-101;
29-30;17-19;14-21;17-31;
CHA
Michael Kidd-Gilchrist;F;18:45;0;3;0;1;2;2;0;2;2;0;1;2;0;1;2;
Byron Mullens;F;34:48;9;19;1;5;0;0;0;3;3;1;0;0;2;2;19;
Bismack Biyombo;C;36:11;1;7;0;0;3;6;8;8;16;2;0;4;2;4;5;
Gerald Henderson;G;29:47;5;10;0;0;4;5;1;1;2;2;1;0;1;2;14;
Kemba Walker;G;29:46;3;9;1;2;1;2;0;1;1;6;1;1;1;3;8;
Ramon Sessions;;25:00;3;9;1;2;6;6;1;2;3;1;2;0;3;1;13;
Jeff Taylor;;20:56;2;4;1;1;1;2;1;2;3;1;0;0;1;2;6;
Ben Gordon;;16:15;2;9;1;3;3;3;0;2;2;1;0;0;1;0;8;
Brendan Haywood;;10:16;0;6;0;0;0;2;2;1;3;0;0;0;2;1;0;
Jeff Adrien;;14:45;1;4;0;0;0;0;3;7;10;0;0;1;3;4;2;
Reggie Williams;;3:31;0;2;0;2;0;0;0;0;0;0;0;0;0;0;0;
IND
Paul George;F;38:57;8;17;1;4;6;7;1;11;12;12;2;0;1;2;23;
Tyler Hansbrough;F;23:25;8;13;0;0;3;6;5;5;10;2;2;0;0;1;19;
Roy Hibbert;C;18:17;5;9;0;0;0;0;6;2;8;0;0;3;2;5;10;
Lance Stephenson;G;25:55;2;12;1;6;0;0;0;3;3;2;0;0;0;1;5;
George Hill;G;32:16;4;10;3;3;0;0;0;2;2;4;0;1;0;0;11;
Orlando Johnson;;18:34;2;5;0;2;2;4;1;2;3;2;0;0;1;1;6;
Jeff Ayres;;24:35;5;8;0;0;0;0;3;5;8;1;0;2;3;5;10;
D.J. Augustin;;12:13;1;3;1;3;0;0;0;0;0;1;0;0;0;0;3;
Ian Mahinmi;;26:12;5;10;0;0;0;0;2;3;5;0;3;2;0;3;10;
Gerald Green;;9:03;1;5;0;1;0;0;0;0;0;0;0;0;0;2;2;
Ben Hansbrough;;3:31;0;0;0;0;0;0;0;0;0;0;0;0;0;0;0;
Miles Plumlee;;3:31;0;2;0;0;0;0;0;0;0;0;0;0;0;1;0;
Sam Young;;3:31;0;1;0;0;2;2;0;2;2;0;0;1;0;0;2;
