11-02;MIL-BOS;99-88;
25-18;21-12;30-28;23-30;
MIL
Tobias Harris;F;32:53;8;11;2;2;0;0;0;6;6;2;0;1;3;1;18;
Ersan Ilyasova;F;25:20;3;7;1;1;0;0;4;7;11;1;1;0;2;4;7;
Samuel Dalembert;C;15:28;1;1;0;0;0;0;1;2;3;1;0;0;1;1;2;
Monta Ellis;G;36:33;6;20;2;6;0;0;1;2;3;4;0;0;2;1;14;
Brandon Jennings;G;28:35;9;17;1;3;2;3;0;2;2;13;6;0;2;2;21;
Larry Sanders;;21:40;5;7;0;0;0;0;2;5;7;0;0;2;1;5;10;
Mike Dunleavy;;22:41;2;5;1;1;2;2;1;5;6;2;2;0;2;0;7;
Ekpe Udoh;;23:21;3;5;0;0;4;4;2;1;3;1;2;2;1;1;10;
Beno Udrih;;21:15;3;6;1;3;3;3;0;5;5;2;0;0;3;1;10;
Marquis Daniels;;9:37;0;5;0;2;0;0;0;0;0;0;1;0;1;1;0;
Doron Lamb;;2:37;0;2;0;0;0;0;0;0;0;0;0;0;0;0;0;
BOS
Paul Pierce;F;27:47;3;11;1;3;4;4;0;6;6;2;0;0;4;3;11;
Brandon Bass;F;26:55;3;6;0;1;4;4;1;5;6;3;1;0;1;0;10;
Kevin Garnett;C;25:30;6;14;0;0;3;5;1;3;4;0;1;2;1;1;15;
Courtney Lee;G;32:59;3;7;1;3;0;0;1;1;2;1;1;0;3;2;7;
Rajon Rondo;G;40:30;6;12;0;1;2;4;0;4;4;11;3;0;2;3;14;
Jeff Green;;26:42;5;9;1;4;0;0;0;1;1;0;2;1;1;0;11;
Jared Sullinger;;17:59;2;5;0;0;2;2;3;4;7;0;1;1;0;4;6;
Darko Milicic;;4:30;0;1;0;0;0;0;0;1;1;0;0;0;2;1;0;
Jason Terry;;24:41;4;6;2;2;0;0;0;2;2;2;0;0;3;4;10;
Leandro Barbosa;;7:13;1;3;0;0;0;0;0;1;1;1;0;0;0;0;2;
Kris Joseph;;2:37;0;0;0;0;0;0;0;1;1;1;0;0;1;0;0;
Chris Wilcox;;2:37;0;0;0;0;2;2;0;1;1;1;0;0;0;0;2;
