12-16;NOH-POR;94-95;
19-25;24-29;20-21;31-20;
NOH
Al-Farouq Aminu;F;8:07;0;1;0;0;0;0;2;3;5;1;0;0;0;0;0;
Ryan Anderson;F;33:41;9;16;7;10;1;2;5;1;6;2;2;0;1;3;26;
Robin Lopez;C;20:00;4;8;0;0;0;0;1;2;3;1;0;0;1;2;8;
Austin Rivers;G;33:13;3;8;1;1;1;2;0;1;1;2;0;0;1;3;8;
Greivis Vasquez;G;45:49;9;20;2;7;3;3;1;7;8;11;0;0;6;2;23;
Anthony Davis;;33:47;5;10;0;0;5;6;1;4;5;1;0;1;2;1;15;
Xavier Henry;;15:20;0;2;0;0;0;0;0;1;1;0;1;0;2;1;0;
Roger Mason Jr.;;17:51;1;4;1;2;0;0;0;3;3;1;1;0;0;1;3;
Lance Thomas;;16:51;4;5;0;0;0;0;4;3;7;2;0;0;0;2;8;
Brian Roberts;;4:16;0;1;0;0;0;0;0;0;0;0;0;0;0;0;0;
Dominic McGuire;;11:05;1;5;0;0;1;2;2;2;4;0;1;0;1;0;3;
POR
Nicolas Batum;F;42:13;4;11;3;9;0;0;0;5;5;10;5;5;2;3;11;
LaMarcus Aldridge;F;37:25;8;17;0;0;4;4;3;0;3;1;1;1;1;1;20;
JJ Hickson;C;30:43;10;14;0;0;4;6;8;8;16;3;0;1;4;1;24;
Wesley Matthews;G;3:30;1;1;1;1;0;0;0;0;0;0;0;0;0;0;3;
Damian Lillard;G;38:35;5;14;4;10;2;2;0;2;2;4;1;1;1;3;16;
Victor Claver;;12:06;1;2;1;2;0;0;0;1;1;1;0;0;1;1;3;
Luke Babbitt;;26:36;4;7;2;5;0;0;0;2;2;1;0;0;1;0;10;
Will Barton;;7:12;1;6;0;1;0;0;2;0;2;1;0;0;0;0;2;
Ronnie Price;;19:34;1;2;0;0;0;0;0;1;1;3;1;0;0;0;2;
Meyers Leonard;;5:47;0;0;0;0;0;0;0;0;0;0;0;0;0;2;0;
Sasha Pavlovic;;15:57;2;6;0;1;0;0;1;3;4;1;1;0;0;1;4;
Jared Jeffries;;0:22;0;0;0;0;0;0;0;0;0;0;0;0;0;0;0;
