11-20;BKN-LAL;90-95;
23-29;34-27;16-20;17-19;
BKN
Gerald Wallace;F;29:10;2;7;0;3;3;4;2;3;5;2;5;3;2;4;7;
Kris Humphries;F;27:29;2;10;0;0;3;4;3;7;10;0;0;0;1;5;7;
Brook Lopez;C;36:37;11;18;0;0;1;3;3;4;7;3;1;0;4;4;23;
Joe Johnson;G;41:03;6;16;2;7;0;0;0;3;3;6;0;0;1;2;14;
Deron Williams;G;36:45;6;18;3;9;7;8;1;3;4;10;1;0;0;5;22;
CJ Watson;;18:54;3;7;2;3;0;0;1;0;1;3;0;0;1;0;8;
Jerry Stackhouse;;15:28;2;3;0;1;1;2;0;1;1;0;0;0;1;0;5;
Reggie Evans;;19:20;0;0;0;0;0;0;4;7;11;0;0;0;1;3;0;
Josh Childress;;0:03;0;0;0;0;0;0;0;0;0;0;0;0;0;0;0;
Andray Blatche;;11:06;2;3;0;0;0;0;0;3;3;0;0;0;1;2;4;
MarShon Brooks;;4:06;0;0;0;0;0;0;0;1;1;0;0;0;1;1;0;
LAL
Metta World Peace;F;38:47;6;13;4;9;1;2;1;7;8;0;2;0;2;2;17;
Pau Gasol;F;38:36;7;15;0;0;3;6;3;8;11;7;0;1;2;1;17;
Dwight Howard;C;40:53;8;11;0;0;7;19;4;11;15;3;1;4;3;5;23;
Kobe Bryant;G;38:36;8;15;1;4;8;10;0;4;4;5;1;0;3;4;25;
Darius Morris;G;22:36;1;4;1;2;0;0;0;1;1;3;1;0;1;4;3;
Chris Duhon;;25:24;2;3;0;1;0;0;0;1;1;3;0;0;0;1;4;
Jordan Hill;;16:31;2;7;0;1;0;0;0;2;2;0;0;0;0;1;4;
Antawn Jamison;;9:13;1;3;0;2;0;0;0;0;0;2;0;0;0;0;2;
Jodie Meeks;;9:24;0;2;0;2;0;0;0;1;1;0;0;0;0;0;0;
