11-24;MIN-GSW;85-96;
18-16;33-31;23-23;11-26;
MIN
Andrei Kirilenko;F;35:28;4;13;0;5;3;4;1;5;6;3;3;0;1;1;11;
Kevin Love;F;33:50;6;20;1;5;2;4;6;9;15;2;0;0;2;1;15;
Nikola Pekovic;C;30:07;7;13;0;0;3;4;1;5;6;0;0;0;0;3;17;
Malcolm Lee;G;15:26;0;3;0;1;0;0;2;1;3;0;1;0;1;2;0;
Luke Ridnour;G;24:25;1;7;0;3;0;0;0;0;0;4;0;0;0;2;2;
Greg Stiemsma;;6:11;2;4;0;0;0;0;0;0;0;0;0;1;0;2;4;
Alexey Shved;;25:25;3;7;1;5;2;2;1;0;1;5;1;0;2;1;9;
Jose Juan Barea;;30:44;2;6;1;3;3;3;0;5;5;10;0;0;2;5;8;
Dante Cunningham;;15:12;3;5;0;0;0;0;0;1;1;0;2;0;0;2;6;
Josh Howard;;12:32;1;2;0;1;1;2;0;2;2;1;0;0;1;2;3;
Derrick Williams;;10:40;4;6;2;4;0;0;0;0;0;0;1;2;1;3;10;
GSW
Harrison Barnes;F;38:39;4;7;0;1;2;4;0;11;11;2;0;0;1;1;10;
David Lee;F;35:51;7;14;0;0;3;4;3;5;8;4;0;0;2;4;17;
Festus Ezeli;C;14:05;1;1;0;0;0;0;2;1;3;1;0;1;0;4;2;
Klay Thompson;G;31:53;8;17;1;8;7;8;0;3;3;1;0;0;1;1;24;
Stephen Curry;G;38:53;7;19;5;10;1;1;0;2;2;6;1;0;3;3;20;
Andris Biedrins;;7:27;0;0;0;0;0;0;0;1;1;0;0;2;1;1;0;
Draymond Green;;16:56;2;6;0;0;0;0;2;4;6;1;0;0;0;3;4;
Jarrett Jack;;22:30;0;7;0;2;1;2;0;5;5;3;0;0;4;5;1;
Carl Landry;;29:55;4;7;0;0;10;10;6;3;9;0;0;0;1;2;18;
Charles Jenkins;;3:11;0;0;0;0;0;0;0;0;0;0;0;0;0;1;0;
Jeremy Tyler;;0:20;0;0;0;0;0;0;0;0;0;0;0;0;0;0;0;
Kent Bazemore;;0:20;0;0;0;0;0;0;0;0;0;0;0;0;0;0;0;
