02-09;DEN-CLE;111-103;
30-32;28-20;26-21;27-30;
DEN
Danilo Gallinari;F;36:51;6;13;3;6;4;5;4;5;9;0;2;2;4;2;19;
Kenneth Faried;F;29:57;7;12;0;0;3;6;3;4;7;1;1;1;5;2;17;
Kosta Koufos;C;16:54;5;8;0;0;0;0;6;3;9;1;0;0;0;4;10;
Andre Iguodala;G;34:37;6;9;2;3;0;0;0;4;4;7;1;1;4;2;14;
Ty Lawson;G;35:02;3;11;1;2;4;4;0;2;2;5;2;0;1;1;11;
Wilson Chandler;;22:54;2;6;0;2;3;4;0;4;4;1;2;0;1;4;7;
JaVale McGee;;17:55;6;7;0;0;1;2;0;4;4;0;0;4;1;2;13;
Andre Miller;;24:57;3;8;0;1;4;5;2;4;6;5;0;0;3;1;10;
Corey Brewer;;20:53;2;6;0;3;6;8;0;1;1;3;1;0;1;3;10;
CLE
Alonzo Gee;F;34:25;8;8;3;3;1;2;0;2;2;2;2;1;1;2;20;
Tristan Thompson;F;31:07;4;10;0;1;3;4;4;0;4;0;0;1;3;4;11;
Tyler Zeller;C;26:18;1;3;0;0;5;6;2;4;6;4;1;1;2;2;7;
Dion Waiters;G;23:37;1;6;0;0;1;2;0;4;4;2;1;0;2;0;3;
Kyrie Irving;G;36:00;10;24;2;5;4;4;0;6;6;7;1;0;2;4;26;
Marreese Speights;;16:11;1;10;0;1;3;4;2;1;3;0;0;1;0;3;5;
Shaun Livingston;;17:49;5;8;0;0;1;2;1;4;5;2;2;0;2;3;11;
Luke Walton;;15:15;0;2;0;1;0;0;1;2;3;3;1;0;1;3;0;
CJ Miles;;16:26;3;7;1;5;0;0;0;0;0;4;1;1;1;2;7;
Wayne Ellington;;22:52;4;6;3;4;2;2;1;4;5;0;0;0;1;0;13;
