11-05;UTA-MEM;94-103;
25-18;25-29;18-27;26-29;
UTA
Marvin Williams;F;30:04;2;5;0;1;2;2;0;5;5;0;2;2;3;4;6;
Paul Millsap;F;33:03;5;13;2;3;2;2;3;5;8;4;0;3;2;6;14;
Al Jefferson;C;29:00;5;10;0;0;1;2;2;8;10;2;1;2;3;4;11;
Gordon Hayward;G;36:35;9;17;0;1;1;1;1;4;5;2;1;0;1;1;19;
Mo Williams;G;38:37;8;19;1;5;0;0;2;2;4;8;0;0;2;1;17;
Derrick Favors;;25:50;6;12;0;0;2;4;3;5;8;1;3;1;2;0;14;
Randy Foye;;22:46;4;9;2;5;1;2;0;0;0;3;1;0;1;1;11;
Enes Kanter;;11:57;1;3;0;0;0;0;0;1;1;0;0;0;0;4;2;
Alec Burks;;6:30;0;2;0;0;0;0;0;0;0;0;0;0;0;0;0;
Jeremy Evans;;5:38;0;0;0;0;0;0;0;1;1;0;0;0;0;1;0;
MEM
Rudy Gay;F;34:42;3;17;1;4;8;8;1;4;5;0;1;2;2;2;15;
Zach Randolph;F;38:03;8;19;0;1;0;0;9;9;18;1;1;0;0;2;16;
Marc Gasol;C;35:53;6;11;0;0;10;10;2;6;8;8;0;3;0;4;22;
Tony Allen;G;26:31;4;13;0;1;0;0;0;2;2;2;3;2;0;2;8;
Mike Conley;G;33:37;7;10;1;2;1;2;0;5;5;4;1;1;3;1;16;
Quincy Pondexter;;22:20;5;8;2;2;2;3;1;1;2;1;0;0;1;1;14;
Marreese Speights;;21:29;3;5;0;0;1;2;0;6;6;1;1;1;3;4;7;
Wayne Ellington;;13:02;1;5;0;1;0;0;1;2;3;0;1;0;0;0;2;
Jerryd Bayless;;14:23;1;3;1;3;0;0;0;2;2;4;1;1;2;1;3;
