01-03;MIN-DEN;101-97;
23-25;24-18;22-27;32-27;
MIN
Andrei Kirilenko;F;32:58;4;9;1;2;5;8;0;4;4;3;0;3;1;1;14;
Kevin Love;F;23:36;4;13;0;2;4;5;5;12;17;2;0;0;1;1;12;
Nikola Pekovic;C;28:58;4;9;0;0;3;5;3;3;6;0;0;0;0;5;11;
Alexey Shved;G;33:44;7;13;1;4;2;2;2;2;4;5;0;0;5;1;17;
Luke Ridnour;G;37:10;6;14;2;4;0;0;1;3;4;2;1;0;2;2;14;
Dante Cunningham;;27:16;2;5;0;0;2;4;4;4;8;4;0;0;0;2;6;
Jose Juan Barea;;25:17;6;10;2;3;3;4;0;4;4;5;0;0;3;2;17;
Derrick Williams;;17:60;3;7;0;1;2;2;1;3;4;0;0;0;1;1;8;
Greg Stiemsma;;13:01;1;3;0;0;0;0;1;0;1;0;1;0;0;2;2;
DEN
Danilo Gallinari;F;27:47;4;11;3;7;1;2;0;3;3;1;1;0;1;4;12;
Kenneth Faried;F;24:58;3;5;0;0;2;2;2;4;6;3;1;0;0;5;8;
Kosta Koufos;C;26:22;8;10;0;0;0;0;3;4;7;1;4;2;0;2;16;
Andre Iguodala;G;35:50;6;16;1;5;1;7;0;7;7;6;2;0;1;1;14;
Andre Miller;G;35:36;5;12;0;2;1;1;1;3;4;10;1;1;1;4;11;
JaVale McGee;;12:31;1;7;0;0;0;0;3;1;4;0;0;2;1;2;2;
Corey Brewer;;29:09;5;13;1;5;1;2;0;3;3;3;2;1;1;0;12;
Timofey Mozgov;;13:10;2;3;0;0;2;3;2;1;3;1;0;2;1;3;6;
Ty Lawson;;22:41;6;9;1;3;3;3;0;0;0;2;0;2;1;1;16;
Evan Fournier;;7:41;0;0;0;0;0;0;0;1;1;0;0;0;0;3;0;
Anthony Randolph;;4:15;0;0;0;0;0;0;0;1;1;0;0;1;0;1;0;
