01-27;ATL-NYK;104-106;
25-27;27-25;22-30;30-24;
ATL
Kyle Korver;F;41:02;3;8;2;6;5;5;0;7;7;2;0;1;2;1;13;
Josh Smith;F;40:24;9;16;2;6;0;1;0;2;2;4;2;0;3;2;20;
Al Horford;C;33:22;8;8;0;0;0;2;3;3;6;1;0;0;5;5;16;
Devin Harris;G;21:15;1;4;0;1;1;2;0;4;4;2;2;1;1;0;3;
Jeff Teague;G;36:51;9;15;2;4;7;7;1;4;5;6;2;0;4;4;27;
Zaza Pachulia;;17:14;1;2;0;0;0;0;1;2;3;2;1;0;2;3;2;
John Jenkins;;4:30;0;0;0;0;0;0;1;0;1;0;0;0;0;1;0;
Ivan Johnson;;10:12;3;5;0;0;2;2;1;0;1;1;0;0;1;0;8;
Jannero Pargo;;5:34;0;0;0;0;0;0;0;0;0;1;0;0;1;1;0;
DeShawn Stevenson;;29:36;5;7;4;6;1;1;0;1;1;2;0;0;0;4;15;
NYK
Carmelo Anthony;F;44:06;15;28;9;12;3;3;0;5;5;1;0;0;4;4;42;
Iman Shumpert;F;19:08;3;5;2;2;0;0;0;1;1;1;2;0;1;0;8;
Tyson Chandler;C;36:02;1;1;0;0;0;2;1;2;3;1;0;2;0;1;2;
Raymond Felton;G;37:54;5;9;2;4;0;0;1;3;4;10;0;0;3;3;12;
Jason Kidd;G;5:24;0;0;0;0;0;0;0;0;0;2;1;0;0;0;0;
J.R. Smith;;36:32;7;15;1;5;3;4;0;3;3;2;2;0;1;1;18;
Amar'e Stoudemire;;29:28;6;9;0;0;6;8;4;4;8;1;0;1;3;4;18;
Pablo Prigioni;;10:06;2;3;2;3;0;0;0;0;0;4;0;0;2;3;6;
Kurt Thomas;;4:19;0;0;0;0;0;0;0;1;1;0;1;0;0;0;0;
Ronnie Brewer;;0:05;0;0;0;0;0;0;0;0;0;0;0;0;0;0;0;
Steve Novak;;13:01;0;1;0;0;0;0;0;1;1;0;0;0;0;0;0;
James White;;3:55;0;1;0;1;0;0;0;0;0;0;0;0;0;1;0;
