02-06;GSW-OKC;98-119;
22-34;27-33;30-23;19-29;
GSW
Harrison Barnes;F;28:43;7;9;2;2;3;4;0;0;0;0;1;0;0;0;19;
David Lee;F;33:28;5;13;0;0;2;4;5;6;11;6;2;1;4;1;12;
Andris Biedrins;C;12:02;1;1;0;0;0;0;2;5;7;0;0;3;0;0;2;
Klay Thompson;G;33:39;8;16;3;6;0;0;0;3;3;2;1;0;2;3;19;
Stephen Curry;G;36:08;5;20;2;7;2;2;3;5;8;11;1;0;6;3;14;
Festus Ezeli;;12:36;1;3;0;0;0;0;0;2;2;0;0;0;0;1;2;
Draymond Green;;16:40;0;2;0;0;0;0;1;5;6;1;1;0;0;1;0;
Carl Landry;;26:45;4;13;0;0;1;1;2;6;8;1;1;0;2;2;9;
Richard Jefferson;;11:43;3;4;2;2;1;1;0;1;1;0;0;0;1;0;9;
Kent Bazemore;;15:46;4;8;1;3;2;2;0;2;2;2;0;0;3;2;11;
Charles Jenkins;;8:13;0;2;0;0;1;2;0;1;1;2;0;0;0;1;1;
Jeremy Tyler;;4:18;0;2;0;0;0;0;0;0;0;0;0;0;1;1;0;
OKC
Kevin Durant;F;31:09;10;18;2;3;3;4;1;6;7;4;2;2;5;1;25;
Serge Ibaka;F;32:00;7;10;1;1;0;0;5;4;9;4;0;6;0;2;15;
Kendrick Perkins;C;22:47;3;6;0;0;0;0;2;9;11;2;0;2;1;3;6;
Thabo Sefolosha;G;29:59;2;8;2;6;0;0;1;6;7;2;1;2;1;2;6;
Russell Westbrook;G;29:37;8;19;0;3;6;8;0;3;3;5;4;1;2;0;22;
Kevin Martin;;26:16;8;16;3;6;2;2;0;1;1;4;2;0;3;1;21;
Nick Collison;;22:47;4;5;0;0;0;0;1;4;5;0;1;0;0;1;8;
Reggie Jackson;;19:14;4;7;0;3;4;4;0;3;3;6;1;1;0;0;12;
Hasheem Thabeet;;10:59;1;2;0;0;0;0;0;0;0;0;0;2;0;2;2;
Perry Jones;;6:36;0;3;0;1;0;0;0;3;3;1;0;0;0;0;0;
DeAndre Liggins;;4:18;1;1;0;0;0;2;0;1;1;1;1;0;0;0;2;
Eric Maynor;;4:18;0;0;0;0;0;0;0;0;0;0;0;0;0;0;0;
