01-08;MIA-IND;77-87;
19-20;23-22;15-25;20-20;
MIA
LeBron James;F;42:36;10;20;1;1;1;4;3;7;10;4;1;2;7;2;22;
Udonis Haslem;F;24:20;0;2;0;0;0;0;1;3;4;0;0;0;0;1;0;
Chris Bosh;C;36:09;5;10;0;0;4;4;1;4;5;3;1;2;1;3;14;
Dwyane Wade;G;35:45;9;16;4;6;8;10;1;4;5;3;0;1;2;3;30;
Mario Chalmers;G;26:04;1;6;1;3;0;0;0;4;4;1;3;0;2;3;3;
Joel Anthony;;11:51;0;1;0;0;0;0;0;1;1;0;0;3;0;2;0;
Shane Battier;;17:15;0;3;0;3;0;0;1;0;1;0;0;0;0;2;0;
Ray Allen;;16:28;0;5;0;4;0;0;0;1;1;1;0;2;1;3;0;
Norris Cole;;15:02;2;2;1;1;0;0;0;3;3;0;0;0;1;1;5;
Mike Miller;;14:29;1;3;1;1;0;0;0;2;2;1;0;0;0;1;3;
IND
Paul George;F;43:34;12;27;4;9;1;3;4;7;11;2;0;0;1;2;29;
David West;F;33:41;6;13;1;1;1;2;5;6;11;1;2;0;1;2;14;
Roy Hibbert;C;29:25;3;12;0;0;0;0;9;5;14;1;0;0;1;4;6;
Lance Stephenson;G;26:12;5;11;3;4;0;2;1;3;4;2;2;0;0;4;13;
George Hill;G;23:28;0;4;0;3;0;0;0;1;1;4;0;0;5;2;0;
Tyler Hansbrough;;14:59;1;4;0;0;5;6;0;2;2;0;0;0;0;1;7;
Gerald Green;;21:48;3;11;1;5;0;0;2;2;4;0;2;2;1;2;7;
Ian Mahinmi;;17:55;3;7;0;0;1;2;1;4;5;0;1;0;0;4;7;
D.J. Augustin;;24:32;0;2;0;0;4;4;0;3;3;8;2;0;0;0;4;
Orlando Johnson;;4:26;0;0;0;0;0;0;0;0;0;2;0;0;0;0;0;
