02-10;NOH-TOR;89-102;
21-32;26-18;19-19;23-33;
NOH
Al-Farouq Aminu;F;27:00;1;2;0;0;2;6;0;4;4;0;0;1;0;1;4;
Anthony Davis;F;19:32;1;6;0;0;0;0;2;4;6;1;1;2;1;1;2;
Robin Lopez;C;26:34;7;13;0;0;5;8;0;4;4;0;0;1;1;2;19;
Eric Gordon;G;28:53;2;7;1;2;1;2;0;0;0;4;0;0;6;1;6;
Greivis Vasquez;G;33:02;7;11;0;2;3;4;1;6;7;6;2;0;3;4;17;
Austin Rivers;;23:55;4;6;1;1;0;0;0;1;1;0;0;0;1;3;9;
Ryan Anderson;;33:28;5;11;1;5;4;4;2;4;6;1;0;1;2;0;15;
Brian Roberts;;14:58;5;7;2;3;1;1;1;0;1;2;0;0;0;2;13;
Jason Smith;;14:52;2;4;0;0;0;0;0;1;1;0;0;1;2;1;4;
Roger Mason Jr.;;10:25;0;1;0;0;0;0;0;0;0;1;0;0;1;1;0;
Lance Thomas;;5:47;0;1;0;0;0;0;0;3;3;1;0;1;0;1;0;
Xavier Henry;;0:47;0;0;0;0;0;0;0;0;0;0;0;0;0;0;0;
Darius Miller;;0:47;0;0;0;0;0;0;0;0;0;0;0;0;0;0;0;
TOR
Rudy Gay;F;40:50;8;19;0;4;4;4;3;5;8;4;2;1;1;3;20;
Amir Johnson;F;26:58;6;9;0;0;2;4;3;4;7;2;0;1;1;1;14;
Jonas Valanciunas;C;34:08;5;8;0;0;1;2;4;6;10;0;0;2;2;5;11;
DeMar DeRozan;G;31:44;3;7;0;1;1;2;0;4;4;2;0;0;4;2;7;
Kyle Lowry;G;28:30;4;7;2;3;4;4;1;4;5;10;2;0;2;3;14;
Aaron Gray;;2:00;1;1;0;0;0;0;0;0;0;0;0;0;0;2;2;
Terrence Ross;;7:55;0;1;0;1;0;0;0;0;0;0;0;0;0;0;0;
Alan Anderson;;30:24;4;12;1;2;2;2;0;3;3;3;3;0;1;3;11;
John Lucas III;;19:30;7;11;5;5;0;0;0;0;0;2;0;0;0;2;19;
Landry Fields;;18:01;2;3;0;0;0;0;1;1;2;1;0;0;0;0;4;
