03-06;HOU-DAL;108-112;
25-34;31-26;27-27;25-25;
HOU
Chandler Parsons;F;42:39;8;15;5;8;2;2;0;4;4;1;0;1;1;2;23;
Donatas Motiejunas;F;16:14;3;8;0;4;1;1;0;1;1;0;0;0;1;1;7;
Omer Asik;C;22:40;4;5;0;0;4;11;4;11;15;0;0;0;1;3;12;
James Harden;G;39:00;5;17;2;7;16;16;1;3;4;9;2;0;2;3;28;
Jeremy Lin;G;24:37;5;10;1;2;1;1;0;1;1;3;0;0;3;0;12;
Thomas Robinson;;27:59;4;6;0;0;0;0;1;3;4;0;1;2;0;2;8;
Francisco Garcia;;22:13;2;6;1;4;2;2;0;2;2;2;1;1;1;1;7;
Patrick Beverley;;23:23;0;2;0;0;0;0;2;1;3;7;1;1;2;2;0;
Carlos Delfino;;21:15;4;9;3;7;0;0;0;6;6;0;0;0;1;4;11;
DAL
Shawn Marion;F;35:54;10;16;0;2;2;5;0;3;3;4;2;0;1;4;22;
Dirk Nowitzki;F;32:48;9;16;1;2;3;3;2;3;5;3;0;1;1;5;22;
Brandan Wright;C;27:21;6;7;0;0;0;0;1;1;2;1;1;1;2;2;12;
O.J. Mayo;G;32:59;5;10;3;4;0;0;0;6;6;12;0;0;0;2;13;
Mike James;G;24:59;3;8;2;5;0;0;1;2;3;6;0;0;1;4;8;
Elton Brand;;18:26;4;5;0;0;1;1;1;2;3;0;0;1;0;1;9;
Darren Collison;;23:01;2;6;1;4;2;2;0;2;2;5;0;0;3;0;7;
Vince Carter;;30:14;5;9;3;6;3;3;0;7;7;2;2;0;2;3;16;
Jae Crowder;;14:18;1;6;1;3;0;0;0;2;2;2;0;0;1;1;3;
