11-16;HOU-POR;117-119;
27-22;31-29;21-27;32-33;6-8;
HOU
Chandler Parsons;F;47:39;8;15;2;6;1;2;2;9;11;2;1;0;2;2;19;
Patrick Patterson;F;31:43;7;14;1;3;0;0;1;1;2;1;1;0;2;4;15;
Omer Asik;C;43:32;6;11;0;0;4;5;7;9;16;1;0;1;4;6;16;
James Harden;G;43:26;8;18;2;4;11;12;2;4;6;6;3;0;4;4;29;
Jeremy Lin;G;35:34;3;8;0;1;5;7;0;6;6;11;1;2;3;4;11;
Marcus Morris;;30:18;6;9;4;6;0;0;3;0;3;2;1;0;2;4;16;
Toney Douglas;;23:41;2;11;0;5;5;5;1;1;2;1;2;0;0;2;9;
Greg Smith;;7:18;1;2;0;0;0;0;0;0;0;0;0;0;1;3;2;
Cole Aldrich;;1:49;0;0;0;0;0;0;0;1;1;0;0;0;0;0;0;
POR
Nicolas Batum;F;46:34;13;19;5;8;4;5;2;4;6;4;1;5;7;3;35;
LaMarcus Aldridge;F;43:15;11;19;0;0;7;9;2;4;6;2;0;2;1;3;29;
JJ Hickson;C;25:26;1;2;0;0;1;2;1;6;7;0;0;0;0;2;3;
Wesley Matthews;G;43:43;6;18;2;7;1;5;1;4;5;5;0;0;2;5;15;
Damian Lillard;G;42:15;9;18;3;9;6;6;0;5;5;5;2;0;4;2;27;
Victor Claver;;8:58;0;0;0;0;0;0;0;0;0;1;0;0;1;0;0;
Jared Jeffries;;9:53;0;0;0;0;0;0;0;0;0;2;0;0;0;1;0;
Meyers Leonard;;26:45;3;5;0;0;2;2;4;4;8;0;1;1;0;4;8;
Ronnie Price;;10:45;1;4;0;0;0;0;0;0;0;1;0;0;0;4;2;
Sasha Pavlovic;;7:27;0;1;0;1;0;0;0;0;0;1;0;0;0;0;0;
