02-08;TOR-IND;100-98;
25-26;19-25;20-21;26-18;10-8;
TOR
Rudy Gay;F;43:49;9;25;0;2;5;6;2;3;5;2;4;2;1;5;23;
Amir Johnson;F;36:29;7;12;0;0;0;0;6;8;14;3;1;2;3;6;14;
Aaron Gray;C;13:30;1;2;0;0;0;2;3;2;5;1;0;0;1;1;2;
DeMar DeRozan;G;40:32;7;17;1;1;7;9;0;3;3;2;0;0;1;3;22;
Kyle Lowry;G;34:24;1;4;0;0;0;0;0;1;1;6;1;2;2;3;2;
Jonas Valanciunas;;26:22;6;10;0;0;2;2;5;8;13;0;1;2;1;4;14;
Alan Anderson;;4:08;0;1;0;1;0;0;0;1;1;1;0;0;1;2;0;
Andrea Bargnani;;29:20;7;10;0;1;0;0;1;1;2;1;2;0;4;5;14;
Terrence Ross;;17:53;1;5;1;2;0;0;0;1;1;1;0;1;0;2;3;
John Lucas III;;18:34;3;10;0;2;0;0;0;1;1;2;0;0;0;0;6;
IND
Paul George;F;47:14;8;19;5;10;5;6;2;12;14;5;1;1;3;3;26;
David West;F;40:59;11;20;0;0;8;10;2;6;8;3;0;1;5;4;30;
Roy Hibbert;C;37:35;3;9;0;0;0;0;0;3;3;4;0;4;0;5;6;
Lance Stephenson;G;38:33;4;11;2;6;1;2;0;1;1;3;3;0;2;4;11;
George Hill;G;38:28;3;8;1;4;2;4;3;0;3;5;2;0;2;2;9;
Tyler Hansbrough;;12:02;1;1;0;0;1;2;2;3;5;0;0;0;0;0;3;
Orlando Johnson;;14:26;1;4;0;1;1;2;1;3;4;1;0;0;0;0;3;
D.J. Augustin;;14:43;1;1;1;1;1;2;0;2;2;1;0;0;2;1;4;
Ian Mahinmi;;15:14;3;4;0;0;0;0;0;1;1;0;0;1;4;3;6;
Gerald Green;;5:46;0;1;0;0;0;0;0;1;1;1;0;0;0;0;0;
