12-23;MIN-NYK;91-94;
29-22;26-24;18-25;18-23;
MIN
Andrei Kirilenko;F;20:02;2;6;0;1;0;0;1;2;3;2;2;0;1;6;4;
Alexey Shved;F;38:41;7;16;4;9;0;0;1;4;5;4;1;0;5;2;18;
Nikola Pekovic;C;39:53;7;16;0;0;7;8;6;11;17;2;0;0;1;2;21;
Jose Juan Barea;G;37:55;4;14;1;5;3;3;1;4;5;4;0;0;2;2;12;
Luke Ridnour;G;38:02;5;13;1;5;3;3;0;1;1;5;0;0;0;2;14;
Dante Cunningham;;27:59;6;10;0;0;0;0;3;7;10;1;1;0;0;3;12;
Ricky Rubio;;17:36;2;6;0;0;1;2;0;1;1;2;0;0;5;4;5;
Derrick Williams;;11:46;1;3;1;2;2;2;1;4;5;0;0;0;1;0;5;
Greg Stiemsma;;8:07;0;0;0;0;0;0;0;0;0;0;1;2;1;1;0;
NYK
Carmelo Anthony;F;43:45;10;25;3;10;10;11;0;7;7;2;1;1;4;5;33;
Ronnie Brewer;F;13:20;0;0;0;0;0;0;0;3;3;1;0;0;1;0;0;
Tyson Chandler;C;38:13;4;7;0;0;8;10;3;6;9;3;3;1;2;4;16;
Raymond Felton;G;38:49;7;15;0;3;1;1;0;2;2;2;1;0;4;4;15;
Jason Kidd;G;33:51;0;3;0;3;0;0;0;6;6;1;2;0;0;0;0;
J.R. Smith;;39:18;7;15;2;6;3;4;1;4;5;7;3;0;3;3;19;
Kurt Thomas;;9:47;2;2;0;0;0;0;0;2;2;0;1;0;0;2;4;
Steve Novak;;18:42;1;3;0;2;2;2;0;1;1;0;0;0;0;1;4;
Pablo Prigioni;;4:15;1;2;1;2;0;0;0;0;0;1;0;0;0;1;3;
