02-20;PHI-MIN;87-94;
25-35;16-21;26-20;20-18;
PHI
Evan Turner;F;36:11;6;16;0;0;5;6;2;4;6;2;2;1;4;5;17;
Lavoy Allen;F;26:13;4;9;0;0;0;0;2;4;6;1;1;2;0;3;8;
Spencer Hawes;C;32:10;3;9;0;1;3;4;2;6;8;3;0;1;2;4;9;
Nick Young;G;31:44;1;7;0;1;4;9;2;3;5;3;0;0;0;3;6;
Jrue Holiday;G;35:02;7;17;0;1;2;4;1;2;3;5;5;0;4;6;16;
Jeremy Pargo;;8:42;2;3;1;1;0;0;0;1;1;0;0;0;0;1;5;
Dorell Wright;;19:00;2;6;2;6;4;5;0;2;2;2;0;0;0;2;10;
Damien Wilkins;;26:00;5;10;0;0;3;4;0;3;3;2;0;1;0;2;13;
Kwame Brown;;6:23;0;1;0;0;0;0;1;2;3;0;0;0;0;1;0;
Royal Ivey;;18:36;1;3;1;3;0;0;0;2;2;0;0;0;0;3;3;
MIN
Andrei Kirilenko;F;36:40;4;8;1;1;6;6;0;5;5;5;2;3;2;4;15;
Derrick Williams;F;35:38;7;12;2;4;1;2;0;8;8;1;1;0;2;0;17;
Nikola Pekovic;C;41:10;9;16;0;0;9;15;7;11;18;0;1;2;2;5;27;
Luke Ridnour;G;30:56;2;8;1;4;3;4;1;1;2;5;1;0;2;3;8;
Ricky Rubio;G;29:07;1;4;0;0;9;12;1;5;6;6;3;0;6;5;11;
Alexey Shved;;18:39;2;9;1;2;1;1;1;3;4;1;1;0;0;2;6;
Jose Juan Barea;;20:14;2;7;0;2;2;2;0;3;3;2;0;0;1;1;6;
Dante Cunningham;;19:12;1;6;0;0;0;0;0;4;4;1;0;0;0;2;2;
Mickael Gelabale;;8:24;0;0;0;0;2;2;0;1;1;0;0;0;0;1;2;
