12-08;SAS-CHA;132-102;
32-23;27-21;38-23;35-35;
SAS
Danny Green;F;24:09;8;10;7;9;0;0;0;4;4;1;1;1;1;0;23;
Tim Duncan;F;23:38;5;9;0;0;1;2;0;2;2;2;1;3;2;1;11;
Boris Diaw;C;23:41;2;4;0;0;0;0;0;5;5;4;0;0;1;3;4;
Gary Neal;G;19:40;2;6;1;3;0;0;0;1;1;2;1;0;1;3;5;
Tony Parker;G;25:34;10;12;1;1;1;1;0;2;2;9;2;0;0;0;22;
Manu Ginobili;;18:34;4;7;3;5;0;0;0;4;4;7;0;0;0;4;11;
Tiago Splitter;;16:22;4;7;0;1;2;2;2;4;6;2;0;0;0;0;10;
Nando De Colo;;25:44;3;10;2;6;2;2;2;6;8;6;0;1;3;2;10;
Matt Bonner;;20:20;3;9;1;3;2;2;3;4;7;1;1;0;0;4;9;
Patty Mills;;15:38;5;10;3;5;0;0;0;1;1;1;0;0;0;2;13;
James Anderson;;14:42;2;3;1;1;3;4;1;1;2;1;1;0;0;3;8;
Cory Joseph;;12:00;2;3;0;0;2;2;1;2;3;2;0;0;3;0;6;
CHA
Michael Kidd-Gilchrist;F;25:55;4;7;0;0;0;0;1;4;5;6;0;3;2;1;8;
Bismack Biyombo;F;33:29;1;3;0;0;2;4;2;6;8;0;0;2;1;2;4;
DeSagana Diop;C;9:01;0;1;0;0;0;1;0;2;2;1;0;0;1;0;0;
Jeff Taylor;G;31:59;5;7;0;1;0;0;1;1;2;1;0;1;3;2;10;
Kemba Walker;G;31:07;9;18;3;4;2;3;0;0;0;3;1;0;1;2;23;
Brendan Haywood;;10:17;0;1;0;0;1;2;1;3;4;0;0;0;0;1;1;
Gerald Henderson;;25:36;5;10;1;1;2;4;0;1;1;0;2;1;0;3;13;
Byron Mullens;;14:19;1;5;1;5;4;4;1;3;4;0;0;0;2;2;7;
Ramon Sessions;;23:45;4;12;0;0;4;4;0;0;0;4;1;0;0;0;12;
Ben Gordon;;11:09;2;3;0;0;2;3;0;0;0;0;1;0;0;0;6;
Reggie Williams;;9:36;2;4;1;3;0;0;0;1;1;0;0;0;1;0;5;
Hakim Warrick;;8:00;1;2;0;0;4;4;0;2;2;2;0;0;0;2;6;
Cory Higgins;;5:47;3;6;0;1;1;2;1;0;1;1;1;0;0;1;7;
