03-08;POR-SAS;136-106;
27-29;30-28;33-25;46-24;
POR
Nicolas Batum;F;37:31;1;5;0;3;0;0;1;7;8;5;0;2;0;4;2;
LaMarcus Aldridge;F;34:16;12;18;0;0;2;2;2;3;5;2;1;1;2;2;26;
JJ Hickson;C;31:42;9;15;0;0;5;7;1;10;11;1;0;1;2;2;23;
Wesley Matthews;G;35:08;5;9;5;7;0;2;0;4;4;1;2;1;2;0;15;
Damian Lillard;G;39:59;12;20;3;4;8;8;1;2;3;9;2;0;0;3;35;
Meyers Leonard;;4:44;0;0;0;0;0;0;0;1;1;1;0;1;0;1;0;
Victor Claver;;6:04;1;1;1;1;0;0;0;0;0;0;0;0;0;1;3;
Eric Maynor;;23:21;8;11;2;3;2;2;0;1;1;6;2;0;3;0;20;
Jared Jeffries;;8:58;0;0;0;0;0;0;2;0;2;0;0;0;1;1;0;
Luke Babbitt;;9:46;1;2;1;2;0;0;0;0;0;1;0;0;0;2;3;
Joel Freeland;;3:11;3;3;0;0;0;0;1;2;3;0;0;0;0;0;6;
Will Barton;;3:11;1;1;1;1;0;0;0;0;0;1;1;0;0;1;3;
Nolan Smith;;2:09;0;1;0;0;0;0;0;0;0;0;0;0;0;0;0;
SAS
Kawhi Leonard;F;32:12;7;14;1;4;1;1;3;3;6;0;0;0;1;1;16;
Tim Duncan;F;23:15;8;14;0;0;2;2;2;6;8;3;0;0;3;3;18;
Tiago Splitter;C;26:04;4;5;0;0;1;2;1;2;3;3;0;1;0;3;9;
Danny Green;G;24:17;4;9;2;4;0;0;0;3;3;2;0;1;0;2;10;
Cory Joseph;G;26:51;5;8;0;1;3;4;0;3;3;3;2;0;2;0;13;
DeJuan Blair;;8:12;1;1;0;0;0;0;1;3;4;0;0;0;1;1;2;
Manu Ginobili;;23:30;6;15;2;7;2;2;0;0;0;3;0;1;4;2;16;
Boris Diaw;;15:05;1;4;0;0;3;4;0;0;0;3;2;0;0;1;5;
Patty Mills;;18:26;3;3;0;0;0;0;0;0;0;2;0;0;1;1;6;
Stephen Jackson;;20:00;2;5;1;2;0;0;0;1;1;3;1;0;0;2;5;
Matt Bonner;;14:02;3;3;0;0;0;0;0;0;0;0;0;0;0;1;6;
Nando De Colo;;4:03;0;1;0;0;0;0;0;0;0;0;0;0;0;0;0;
Gary Neal;;4:03;0;2;0;1;0;0;0;1;1;0;0;0;0;0;0;
