12-19;MIL-MEM;80-90;
22-21;12-22;17-23;29-24;
MIL
Marquis Daniels;F;21:46;5;8;0;2;2;2;3;3;6;0;0;0;2;3;12;
Luc Mbah a Moute;F;21:34;1;3;0;0;2;2;0;4;4;0;0;0;1;2;4;
Larry Sanders;C;21:25;4;6;0;0;0;0;2;7;9;1;3;2;2;3;8;
Monta Ellis;G;34:17;1;14;0;5;2;2;0;2;2;2;2;1;3;1;4;
Brandon Jennings;G;41:45;9;26;3;9;5;8;4;3;7;2;1;0;4;1;26;
Ekpe Udoh;;16:47;1;5;0;0;0;0;1;3;4;0;2;2;1;2;2;
Mike Dunleavy;;26:14;3;8;1;3;0;0;0;3;3;3;0;0;1;2;7;
Ersan Ilyasova;;22:28;2;6;1;1;0;0;0;4;4;1;0;0;1;2;5;
Doron Lamb;;17:28;3;6;0;0;2;2;0;2;2;2;2;0;1;2;8;
Drew Gooden;;9:48;0;2;0;0;2;3;0;1;1;0;0;0;0;0;2;
John Henson;;3:58;1;1;0;0;0;0;1;0;1;0;0;0;0;1;2;
Joel Przybilla;;2:30;0;0;0;0;0;0;0;1;1;0;0;0;0;0;0;
MEM
Rudy Gay;F;30:25;6;15;1;2;0;0;1;7;8;5;2;0;1;2;13;
Zach Randolph;F;31:21;6;16;0;0;3;4;4;13;17;2;1;0;1;1;15;
Marc Gasol;C;31:35;5;10;0;0;2;2;4;8;12;2;0;3;3;4;12;
Tony Allen;G;26:54;3;11;0;0;2;2;2;1;3;1;4;1;1;1;8;
Mike Conley;G;30:54;4;8;0;2;3;5;0;0;0;6;2;0;2;2;11;
Marreese Speights;;16:25;4;8;1;1;1;2;4;2;6;1;0;2;2;3;10;
Darrell Arthur;;16:39;1;4;0;0;2;2;2;1;3;2;1;0;2;2;4;
Jerryd Bayless;;19:10;4;7;0;1;0;0;0;5;5;5;0;0;2;2;8;
Wayne Ellington;;19:02;1;5;0;0;0;0;0;0;0;2;1;0;1;0;2;
Quincy Pondexter;;17:35;2;4;1;2;2;2;0;2;2;0;0;0;1;0;7;
