11-19;DEN-MEM;97-92;
27-26;25-23;17-21;28-22;
DEN
Danilo Gallinari;F;35:12;7;15;2;6;10;11;1;4;5;3;1;1;0;1;26;
Kenneth Faried;F;28:54;5;10;0;0;3;4;7;6;13;0;0;0;2;4;13;
Kosta Koufos;C;25:49;4;6;0;0;0;0;2;7;9;2;0;1;2;3;8;
Andre Iguodala;G;34:54;3;8;0;3;1;2;0;2;2;3;0;0;3;2;7;
Ty Lawson;G;34:10;4;14;1;2;0;0;4;1;5;4;3;0;5;1;9;
Andre Miller;;29:37;2;6;0;1;2;2;0;0;0;8;3;0;3;0;6;
Corey Brewer;;19:29;3;7;1;2;3;6;0;2;2;0;2;0;0;2;10;
JaVale McGee;;17:45;7;12;0;0;1;3;5;3;8;0;0;1;0;1;15;
Timofey Mozgov;;2:21;0;0;0;0;0;0;0;0;0;1;0;0;0;0;0;
Jordan Hamilton;;11:50;1;3;1;1;0;0;2;1;3;0;0;0;2;1;3;
MEM
Rudy Gay;F;33:59;8;13;2;2;4;5;1;2;3;1;0;1;4;4;22;
Zach Randolph;F;39:18;6;15;0;0;0;0;3;10;13;3;0;0;2;1;12;
Marc Gasol;C;36:24;5;7;0;0;6;6;3;3;6;5;2;1;3;4;16;
Tony Allen;G;27:50;2;9;0;0;4;4;3;2;5;1;2;0;1;1;8;
Mike Conley;G;35:41;4;10;3;6;0;0;0;0;0;8;2;0;3;2;11;
Quincy Pondexter;;26:12;3;7;0;3;0;0;1;1;2;1;2;0;0;2;6;
Wayne Ellington;;8:12;0;2;0;1;0;0;0;0;0;0;0;0;1;0;0;
Jerryd Bayless;;19:06;4;8;1;5;0;2;0;1;1;3;2;0;2;2;9;
Marreese Speights;;13:20;4;7;0;0;0;0;1;2;3;1;0;2;1;4;8;
