11-02;MEM-GSW;104-94;
28-20;23-27;24-16;29-31;
MEM
Rudy Gay;F;34:49;7;18;0;2;4;8;2;6;8;0;0;1;2;2;18;
Zach Randolph;F;36:09;5;10;0;1;5;5;4;10;14;0;1;1;5;4;15;
Marc Gasol;C;37:22;7;13;0;0;7;8;0;6;6;5;0;1;1;4;21;
Tony Allen;G;29:49;3;9;0;0;0;1;1;2;3;1;1;0;0;2;6;
Mike Conley;G;33:58;5;9;3;5;8;8;0;3;3;7;5;0;3;3;21;
Marreese Speights;;18:19;2;7;0;0;0;0;2;3;5;0;0;1;1;4;4;
Wayne Ellington;;17:43;3;6;2;4;2;2;0;0;0;3;1;0;0;0;10;
Quincy Pondexter;;17:50;1;2;0;0;2;2;0;1;1;2;1;0;0;1;4;
Jerryd Bayless;;14:02;2;3;1;1;0;0;0;0;0;4;0;0;1;2;5;
GSW
Harrison Barnes;F;23:22;3;7;2;5;0;0;0;0;0;1;0;0;2;5;8;
David Lee;F;34:58;8;13;0;0;0;0;0;7;7;0;0;0;4;5;16;
Andrew Bogut;C;18:00;2;5;0;0;0;0;1;2;3;1;0;1;2;3;4;
Klay Thompson;G;38:27;4;10;1;2;2;2;0;3;3;5;1;1;1;1;11;
Stephen Curry;G;42:30;10;20;6;10;0;1;1;4;5;7;1;0;4;3;26;
Carl Landry;;23:40;5;10;0;0;10;12;4;2;6;1;1;0;3;3;20;
Brandon Rush;;1:51;0;0;0;0;0;0;0;0;0;0;0;0;0;0;0;
Festus Ezeli;;12:31;2;5;0;0;0;0;2;2;4;0;2;2;2;1;4;
Andris Biedrins;;6:06;0;1;0;0;0;2;0;1;1;0;0;1;0;1;0;
Jarrett Jack;;27:17;2;6;1;2;0;0;0;4;4;6;0;0;0;2;5;
Richard Jefferson;;9:40;0;1;0;1;0;0;0;2;2;0;0;0;0;0;0;
Draymond Green;;1:39;0;2;0;0;0;0;1;0;1;0;0;0;0;0;0;
