03-17;OKC-DAL;107-101;
24-26;26-23;23-23;34-29;
OKC
Kevin Durant;F;39:21;10;19;2;5;9;9;0;9;9;1;2;2;6;1;31;
Serge Ibaka;F;39:44;7;11;1;2;3;8;7;9;16;0;0;3;1;2;18;
Kendrick Perkins;C;28:22;0;2;0;0;1;2;2;4;6;1;1;1;2;4;1;
Thabo Sefolosha;G;27:57;2;6;0;2;0;0;0;4;4;2;0;1;0;0;4;
Russell Westbrook;G;37:11;13;23;0;4;9;9;3;3;6;6;2;1;5;3;35;
Nick Collison;;18:09;2;5;0;0;0;0;0;3;3;2;1;0;0;2;4;
Kevin Martin;;24:16;4;9;1;4;0;0;0;1;1;2;2;0;1;1;9;
Derek Fisher;;12:28;0;1;0;1;2;2;0;1;1;1;0;0;0;3;2;
Reggie Jackson;;12:32;1;4;1;3;0;0;0;0;0;2;1;0;1;1;3;
DAL
Jae Crowder;F;28:45;4;8;1;5;2;2;1;3;4;3;2;0;2;1;11;
Dirk Nowitzki;F;33:48;8;10;3;4;4;4;1;6;7;1;1;0;1;3;23;
Elton Brand;C;20:42;2;7;0;0;0;0;2;2;4;0;3;1;0;1;4;
O.J. Mayo;G;34:06;4;10;0;2;1;1;0;1;1;3;1;0;2;0;9;
Mike James;G;32:23;5;11;2;3;2;2;1;2;3;4;0;0;2;3;14;
Brandan Wright;;29:38;4;12;0;1;0;0;1;6;7;1;1;0;0;4;8;
Darren Collison;;22:13;4;9;0;1;4;4;0;1;1;3;2;0;2;1;12;
Vince Carter;;27:16;6;12;3;5;3;3;1;3;4;3;2;0;2;5;18;
Chris Kaman;;4:32;1;3;0;0;0;0;1;2;3;0;1;0;0;0;2;
Rodrigue Beaubois;;6:37;0;1;0;0;0;0;0;0;0;0;0;1;3;2;0;
