11-17;DAL-CLE;103-95;
24-24;27-28;24-21;28-22;
DAL
Elton Brand;F;10:56;0;2;0;0;0;0;1;3;4;0;0;2;1;2;0;
Shawn Marion;F;32:36;4;7;0;1;2;2;2;8;10;4;1;0;2;2;10;
Chris Kaman;C;32:16;6;12;0;0;3;4;1;7;8;1;1;6;3;2;15;
O.J. Mayo;G;33:10;5;9;3;5;6;6;0;1;1;3;1;0;4;2;19;
Darren Collison;G;30:53;5;8;0;1;4;5;1;1;2;8;1;0;2;0;14;
Vince Carter;;20:37;5;10;3;6;1;2;1;5;6;1;0;2;3;4;14;
Troy Murphy;;18:33;3;6;3;6;0;0;0;0;0;1;0;0;0;2;9;
Dominique Jones;;17:39;5;11;0;2;0;0;1;3;4;5;2;0;3;0;10;
Bernard James;;15:44;2;5;0;0;0;0;1;4;5;0;0;3;1;1;4;
Jae Crowder;;6:01;0;1;0;1;0;0;0;0;0;0;0;0;0;1;0;
Brandan Wright;;7:08;2;2;0;0;1;1;0;0;0;1;0;0;0;1;5;
Dahntay Jones;;14:27;1;1;1;1;0;0;0;2;2;2;0;1;1;2;3;
CLE
Alonzo Gee;F;35:27;6;16;0;3;3;5;4;3;7;2;4;1;0;1;15;
Tristan Thompson;F;28:51;5;12;0;0;0;0;4;8;12;3;0;0;2;2;10;
Anderson Varejao;C;38:44;2;11;0;0;0;0;4;3;7;3;1;1;1;1;4;
Dion Waiters;G;28:11;4;16;1;4;7;8;0;4;4;3;2;0;1;2;16;
Kyrie Irving;G;33:39;11;21;2;7;2;3;0;0;0;0;1;1;3;3;26;
Daniel Gibson;;26:45;5;11;4;8;2;2;0;1;1;5;3;0;1;3;16;
Tyler Zeller;;25:56;1;4;0;0;1;2;0;2;2;1;0;1;2;2;3;
Jeremy Pargo;;9:54;0;1;0;1;0;0;0;0;0;3;0;0;0;0;0;
Omri Casspi;;12:33;2;4;1;2;0;0;1;4;5;1;1;0;1;1;5;
