11-12;OKC-DET;92-90;
25-23;20-28;17-22;30-17;
OKC
Kevin Durant;F;43:49;8;22;0;2;10;10;0;9;9;3;0;4;2;1;26;
Serge Ibaka;F;38:15;4;9;0;0;3;3;3;4;7;0;0;6;3;4;11;
Kendrick Perkins;C;21:16;0;2;0;0;1;2;0;4;4;0;0;1;1;1;1;
Thabo Sefolosha;G;34:03;0;2;0;1;2;2;0;8;8;2;2;0;3;4;2;
Russell Westbrook;G;43:47;11;25;0;3;11;15;4;6;10;4;3;0;2;1;33;
Nick Collison;;16:23;1;2;0;0;0;0;2;2;4;1;0;1;1;5;2;
Kevin Martin;;28:42;2;8;1;4;8;8;0;1;1;0;2;0;0;1;13;
Eric Maynor;;7:15;1;3;0;0;0;0;0;0;0;0;0;0;0;0;2;
Hasheem Thabeet;;3:34;0;0;0;0;2;2;0;1;1;0;0;0;1;1;2;
Jeremy Lamb;;2:56;0;0;0;0;0;0;0;0;0;0;0;0;1;2;0;
DET
Tayshaun Prince;F;39:40;4;12;1;1;3;5;3;3;6;3;0;1;0;3;12;
Jason Maxiell;F;29:54;5;10;0;0;3;6;3;4;7;1;0;3;1;3;13;
Greg Monroe;C;33:53;7;14;0;0;3;4;0;6;6;2;4;1;2;2;17;
Rodney Stuckey;G;40:30;7;13;1;3;4;6;0;3;3;5;1;0;2;3;19;
Brandon Knight;G;31:39;2;13;2;8;2;2;1;3;4;6;1;1;3;3;8;
Jonas Jerebko;;18:36;1;6;0;2;1;1;4;0;4;0;0;0;1;2;3;
Will Bynum;;16:33;2;7;0;0;1;1;0;0;0;4;0;0;1;3;5;
Andre Drummond;;12:49;2;3;0;0;0;0;2;4;6;1;2;1;1;3;4;
Kyle Singler;;16:26;3;5;2;3;1;2;0;3;3;0;0;0;0;6;9;
