03-16;IND-PHI;91-98;
24-23;25-25;23-23;19-27;
IND
Paul George;F;41:21;6;17;2;7;4;6;2;12;14;8;1;0;2;4;18;
David West;F;26:51;8;13;0;1;2;3;0;4;4;0;0;0;3;5;18;
Roy Hibbert;C;35:50;9;26;0;0;7;8;7;3;10;0;0;2;0;3;25;
Lance Stephenson;G;28:39;1;6;0;1;0;0;2;2;4;6;0;0;1;1;2;
George Hill;G;38:59;5;15;3;6;0;0;1;2;3;8;3;0;2;1;13;
Tyler Hansbrough;;21:09;2;3;0;0;4;4;2;4;6;0;0;0;3;3;8;
Orlando Johnson;;21:06;2;4;1;1;0;0;1;2;3;2;1;0;1;2;5;
D.J. Augustin;;9:01;0;0;0;0;0;0;0;0;0;1;0;0;0;0;0;
Ian Mahinmi;;12:06;1;4;0;0;0;0;3;0;3;0;0;1;0;1;2;
Sam Young;;4:58;0;0;0;0;0;0;0;0;0;0;0;0;1;0;0;
PHI
Evan Turner;F;33:52;5;11;0;2;1;2;0;4;4;2;1;0;2;4;11;
Thaddeus Young;F;36:39;5;7;0;0;3;4;1;6;7;1;4;1;1;5;13;
Spencer Hawes;C;34:06;7;14;1;1;3;4;2;14;16;8;0;7;3;4;18;
Damien Wilkins;G;33:21;4;11;0;2;4;6;1;0;1;3;0;3;1;1;12;
Jrue Holiday;G;42:52;12;25;2;3;1;1;3;3;6;12;0;0;3;2;27;
Arnett Moultrie;;9:06;0;0;0;0;0;0;1;1;2;0;0;2;0;2;0;
Dorell Wright;;29:21;4;6;3;5;2;2;0;2;2;1;1;0;1;1;13;
Lavoy Allen;;15:36;2;4;0;0;0;0;1;2;3;1;0;1;0;2;4;
Charles Jenkins;;5:07;0;1;0;0;0;0;0;0;0;0;0;0;1;0;0;
