12-21;CHA-GSW;100-115;
23-31;26-27;27-31;24-26;
CHA
Michael Kidd-Gilchrist;F;32:04;5;10;0;1;2;2;3;3;6;2;1;1;0;1;12;
Byron Mullens;F;21:48;0;6;0;2;0;0;1;3;4;2;1;0;3;1;0;
Bismack Biyombo;C;31:45;4;6;0;0;4;4;4;10;14;1;1;2;0;2;12;
Gerald Henderson;G;33:04;8;19;0;1;7;8;0;4;4;5;0;1;0;0;23;
Kemba Walker;G;33:56;6;17;4;7;0;0;0;1;1;6;1;0;1;1;16;
Hakim Warrick;;23:36;3;8;0;0;3;4;3;3;6;2;1;0;2;2;9;
Brendan Haywood;;15:48;0;2;0;0;1;4;2;1;3;0;0;0;0;4;1;
Ramon Sessions;;22:46;4;10;3;4;6;6;0;1;1;1;0;0;1;3;17;
Jeff Taylor;;6:26;0;1;0;1;0;0;1;0;1;0;0;0;0;0;0;
Reggie Williams;;13:07;3;8;1;5;2;3;1;0;1;0;0;0;0;3;9;
Jeff Adrien;;2:50;0;2;0;0;1;4;2;0;2;0;0;0;0;0;1;
DeSagana Diop;;2:50;0;1;0;0;0;0;1;0;1;0;0;0;0;0;0;
GSW
Harrison Barnes;F;27:43;0;7;0;2;4;6;1;2;3;0;2;0;2;1;4;
David Lee;F;34:10;11;16;0;0;1;1;6;5;11;11;0;0;2;3;23;
Festus Ezeli;C;19:52;3;3;0;0;0;0;4;5;9;0;0;2;1;2;6;
Klay Thompson;G;29:03;7;15;4;8;2;2;0;3;3;1;1;0;1;5;20;
Stephen Curry;G;35:41;9;17;8;13;1;1;0;3;3;8;0;2;2;2;27;
Andris Biedrins;;12:42;1;1;0;0;0;0;0;7;7;0;0;3;1;4;2;
Jarrett Jack;;21:42;3;6;1;1;2;2;0;3;3;6;1;0;1;0;9;
Draymond Green;;19:57;5;6;1;2;0;0;0;2;2;4;0;1;0;2;11;
Carl Landry;;20:37;4;10;0;0;3;4;1;5;6;0;0;1;0;1;11;
Charles Jenkins;;8:06;0;1;0;0;0;0;0;0;0;0;0;0;0;1;0;
Kent Bazemore;;3:34;0;1;0;1;0;0;0;0;0;1;0;0;1;0;0;
Richard Jefferson;;3:32;0;0;0;0;0;0;0;0;0;0;0;0;0;1;0;
Jeremy Tyler;;3:21;1;2;0;0;0;0;0;1;1;0;0;0;0;2;2;
