11-03;UTA-SAS;100-110;
17-28;27-34;35-17;21-31;
UTA
Marvin Williams;F;24:37;4;9;0;1;0;0;2;2;4;1;0;0;1;0;8;
Paul Millsap;F;31:10;5;10;2;2;5;6;5;5;10;0;3;3;4;4;17;
Al Jefferson;C;34:45;8;16;0;0;0;0;1;7;8;2;1;2;1;5;16;
Gordon Hayward;G;35:45;5;11;1;5;4;4;1;2;3;2;3;1;2;1;15;
Mo Williams;G;38:32;9;13;2;2;9;9;0;0;0;9;2;0;2;1;29;
Derrick Favors;;23:10;3;5;0;0;0;0;0;2;2;1;0;1;1;4;6;
Randy Foye;;25:01;3;8;0;3;1;1;0;0;0;1;0;0;2;1;7;
Jamaal Tinsley;;9:28;1;3;0;0;0;0;0;2;2;0;0;0;2;1;2;
Enes Kanter;;11:22;0;2;0;0;0;0;0;2;2;0;0;0;1;4;0;
DeMarre Carroll;;6:10;0;0;0;0;0;2;0;1;1;1;2;0;0;1;0;
SAS
Kawhi Leonard;F;32:22;5;5;1;1;2;2;1;4;5;3;0;0;1;1;13;
Tim Duncan;F;31:40;7;14;0;0;5;6;1;10;11;1;2;3;1;3;19;
Boris Diaw;C;26:31;1;3;0;0;0;0;1;2;3;3;1;0;2;4;2;
Danny Green;G;32:30;8;9;3;3;2;2;0;0;0;3;1;0;1;0;21;
Tony Parker;G;32:31;9;20;1;1;5;6;0;2;2;10;2;0;5;1;24;
Stephen Jackson;;15:38;1;3;0;2;0;0;0;3;3;1;1;1;2;2;2;
Tiago Splitter;;19:08;2;6;0;0;1;3;3;2;5;2;0;1;3;5;5;
Manu Ginobili;;15:30;4;7;0;2;0;0;0;2;2;2;1;1;2;0;8;
Gary Neal;;12:14;3;4;1;2;4;4;1;0;1;2;0;0;0;0;11;
Matt Bonner;;18:41;2;2;1;1;0;0;0;1;1;1;0;0;1;1;5;
Nando De Colo;;3:15;0;1;0;1;0;0;0;0;0;1;0;0;0;1;0;
