11-02;LAC-LAL;105-95;
28-23;24-24;30-20;23-28;
LAC
Caron Butler;F;25:17;5;7;2;3;2;2;0;2;2;0;1;1;2;1;14;
Blake Griffin;F;33:07;6;15;0;1;3;5;3;5;8;3;2;0;4;6;15;
DeAndre Jordan;C;22:58;2;3;0;0;0;3;2;3;5;0;0;2;0;3;4;
Willie Green;G;13:16;3;6;2;5;0;0;0;1;1;1;1;0;1;3;8;
Chris Paul;G;34:02;7;15;1;3;3;4;0;6;6;15;3;0;1;3;18;
Matt Barnes;;28:17;4;9;0;2;0;0;2;3;5;1;1;0;0;1;8;
Ryan Hollins;;12:17;0;1;0;0;2;2;1;1;2;0;0;0;1;6;2;
Jamal Crawford;;31:13;5;12;2;4;9;9;0;3;3;1;3;0;0;1;21;
Ronny Turiaf;;6:54;0;0;0;0;0;0;0;1;1;1;0;1;1;0;0;
Eric Bledsoe;;14:04;4;8;0;0;2;2;1;1;2;1;1;0;1;2;10;
Lamar Odom;;18:36;2;8;1;4;0;0;0;2;2;1;0;0;0;0;5;
LAL
Metta World Peace;F;38:18;3;10;1;7;1;2;0;1;1;3;2;0;2;5;8;
Pau Gasol;F;38:50;5;9;0;0;0;0;3;11;14;3;1;0;1;3;10;
Dwight Howard;C;30:28;4;7;0;0;5;10;1;7;8;2;0;5;4;5;13;
Kobe Bryant;G;42:55;14;23;2;3;10;10;2;4;6;1;2;0;6;1;40;
Steve Blake;G;38:41;2;6;2;3;2;2;0;1;1;2;0;0;3;6;8;
Jordan Hill;;8:48;1;4;0;0;0;0;0;1;1;1;0;0;1;0;2;
Devin Ebanks;;9:33;1;2;1;1;0;0;0;1;1;1;0;1;0;2;3;
Darius Morris;;12:48;3;5;1;2;0;0;0;0;0;1;1;0;2;1;7;
Antawn Jamison;;19:39;1;2;0;0;2;4;1;5;6;1;1;1;1;0;4;
