03-18;NYK-UTA;90-83;
23-21;19-23;24-19;24-20;
NYK
Iman Shumpert;F;16:35;3;7;2;3;0;0;0;2;2;1;0;0;0;0;8;
Chris Copeland;F;31:15;6;15;1;4;1;2;0;6;6;2;0;0;2;4;14;
Kenyon Martin;C;20:56;4;6;0;0;1;4;4;5;9;0;1;1;0;3;9;
Pablo Prigioni;G;20:09;1;3;1;2;0;0;2;0;2;3;0;0;0;4;3;
Raymond Felton;G;41:31;8;12;2;3;1;2;0;1;1;4;3;0;1;1;19;
J.R. Smith;;31:25;5;13;1;4;9;10;2;3;5;1;1;0;4;3;20;
Jason Kidd;;27:51;2;5;1;4;2;2;0;3;3;5;1;0;1;1;7;
Marcus Camby;;6:52;0;0;0;0;0;0;0;3;3;0;2;1;1;1;0;
Kurt Thomas;;26:47;3;5;0;0;0;0;0;3;3;2;0;3;2;2;6;
Steve Novak;;16:39;0;3;0;3;4;5;0;0;0;0;1;0;1;2;4;
UTA
Gordon Hayward;F;36:55;6;14;3;6;2;2;1;1;2;3;1;4;2;0;17;
Paul Millsap;F;29:02;4;9;0;1;4;4;4;1;5;0;2;1;4;4;12;
Al Jefferson;C;31:06;4;13;0;0;2;2;3;8;11;3;0;0;2;3;10;
Randy Foye;G;18:14;2;3;2;3;0;0;0;0;0;1;0;0;1;4;6;
Mo Williams;G;31:07;4;14;1;2;0;0;2;4;6;5;2;0;2;3;9;
Derrick Favors;;21:21;1;7;0;0;5;12;5;8;13;0;2;0;1;1;7;
Earl Watson;;16:53;1;1;0;0;0;0;0;1;1;4;3;0;1;1;2;
Alec Burks;;12:54;2;5;1;3;0;0;0;0;0;0;0;0;1;3;5;
Enes Kanter;;14:31;1;3;0;0;3;4;2;0;2;0;0;0;3;1;5;
Marvin Williams;;27:57;4;7;2;4;0;0;2;4;6;1;0;0;0;3;10;
