11-24;OKC-PHI;116-109;
29-21;21-28;35-30;13-19;18-11;
OKC
Kevin Durant;F;49:36;10;22;2;6;15;17;1;7;8;5;4;3;2;3;37;
Serge Ibaka;F;36:43;8;12;0;0;2;3;8;1;9;2;0;0;1;3;18;
Kendrick Perkins;C;20:24;1;4;0;0;1;2;1;1;2;0;1;0;0;3;3;
Thabo Sefolosha;G;38:07;2;7;1;5;1;2;2;3;5;3;1;1;4;2;6;
Russell Westbrook;G;41:51;11;23;2;5;6;6;1;4;5;9;2;1;3;2;30;
Kevin Martin;;37:23;2;9;1;5;1;1;0;4;4;0;2;0;1;2;6;
Nick Collison;;21:17;5;6;0;0;4;4;3;2;5;0;0;0;1;2;14;
Hasheem Thabeet;;8:30;0;1;0;0;2;2;1;2;3;0;1;0;0;2;2;
Eric Maynor;;11:09;0;4;0;0;0;0;1;0;1;2;0;0;0;1;0;
PHI
Evan Turner;F;41:13;10;17;0;2;6;7;1;4;5;4;2;0;2;4;26;
Thaddeus Young;F;44:22;13;23;0;0;3;3;6;9;15;4;1;1;3;3;29;
Lavoy Allen;C;28:17;3;4;0;0;2;2;2;2;4;3;1;2;2;4;8;
Jason Richardson;G;18:04;5;7;3;5;0;0;0;1;1;0;1;0;2;2;13;
Jrue Holiday;G;36:39;3;11;0;3;0;0;1;2;3;13;0;0;2;4;6;
Kwame Brown;;8:24;1;4;0;0;0;0;1;1;2;0;0;0;1;2;2;
Nick Young;;25:04;4;10;1;3;0;0;1;3;4;3;0;1;0;1;9;
Spencer Hawes;;19:20;3;6;0;0;1;3;0;3;3;2;0;0;1;3;7;
Dorell Wright;;33:15;3;8;3;7;0;0;0;6;6;2;2;0;1;5;9;
Maalik Wayns;;6:23;0;1;0;0;0;0;0;0;0;0;0;0;1;0;0;
Damien Wilkins;;3:59;0;0;0;0;0;2;0;0;0;0;0;0;0;0;0;
