12-03;ORL-GSW;102-94;
28-27;23-20;18-22;33-25;
ORL
Maurice Harkless;F;21:45;1;5;0;2;0;0;0;5;5;2;0;0;1;2;2;
Glen Davis;F;34:41;10;20;0;0;4;4;2;4;6;4;1;2;0;3;24;
Nikola Vucevic;C;37:23;6;12;0;0;2;3;6;9;15;3;2;2;2;2;14;
Arron Afflalo;G;37:18;9;16;2;5;4;4;1;3;4;1;2;0;1;2;24;
Jameer Nelson;G;33:16;3;12;1;6;0;1;1;2;3;9;2;0;3;2;7;
DeQuan Jones;;1:52;0;0;0;0;0;0;0;0;0;0;0;0;0;0;0;
JJ Redick;;35:05;7;13;4;6;4;4;0;5;5;7;0;0;1;2;22;
Gustavo Ayon;;14:54;2;3;0;0;0;0;1;3;4;1;1;0;0;2;4;
Andrew Nicholson;;9:02;1;5;0;0;0;0;0;1;1;1;0;0;0;1;2;
E'Twaun Moore;;14:44;1;6;1;4;0;0;0;0;0;1;0;0;0;3;3;
GSW
Harrison Barnes;F;34:36;4;8;1;2;0;2;0;4;4;2;1;2;1;1;9;
David Lee;F;38:49;9;16;0;0;4;6;1;8;9;2;1;2;3;5;22;
Festus Ezeli;C;15:47;2;5;0;0;0;0;3;1;4;0;0;0;1;2;4;
Klay Thompson;G;30:26;3;12;2;6;0;0;0;2;2;4;0;0;1;4;8;
Stephen Curry;G;44:12;9;21;3;6;4;5;1;4;5;11;2;0;1;0;25;
Andris Biedrins;;6:04;0;1;0;0;0;0;0;1;1;0;0;0;1;1;0;
Jarrett Jack;;29:23;6;10;1;3;4;4;0;4;4;4;1;0;3;2;17;
Carl Landry;;25:53;4;8;0;0;1;1;3;7;10;0;0;1;2;2;9;
Draymond Green;;10:04;0;0;0;0;0;0;0;3;3;0;0;0;0;3;0;
Charles Jenkins;;4:17;0;0;0;0;0;0;1;0;1;0;0;0;0;0;0;
Kent Bazemore;;0:29;0;0;0;0;0;0;0;0;0;0;0;0;0;0;0;
