02-01;WAS-MEM;76-85;
30-23;10-16;16-22;20-24;
WAS
Martell Webster;F;33:48;3;8;2;6;0;0;0;0;0;1;1;0;1;2;8;
Nene;F;33:08;7;16;0;0;0;0;0;4;4;6;1;0;1;4;14;
Emeka Okafor;C;35:25;4;9;0;0;0;0;3;7;10;1;2;0;1;5;8;
Garrett Temple;G;17:50;2;5;0;2;0;0;0;0;0;1;3;0;0;0;4;
John Wall;G;23:29;3;8;1;2;2;2;0;7;7;6;0;0;4;4;9;
A.J. Price;;24:31;3;7;0;3;0;0;0;1;1;1;2;0;3;1;6;
Kevin Seraphin;;19:31;4;8;0;0;0;0;1;1;2;1;0;0;1;1;8;
Jordan Crawford;;23:49;3;10;1;3;1;1;0;2;2;1;1;0;2;2;8;
Trevor Ariza;;20:34;3;8;1;4;0;0;1;2;3;1;2;0;2;0;7;
Trevor Booker;;7:56;2;4;0;0;0;0;2;0;2;0;0;0;0;0;4;
MEM
Tony Allen;F;34:41;5;8;0;0;1;2;3;5;8;3;2;1;4;4;11;
Zach Randolph;F;36:08;3;10;0;0;1;2;3;8;11;3;0;1;3;1;7;
Marc Gasol;C;37:28;5;13;0;1;3;3;5;10;15;5;1;2;4;1;13;
Jerryd Bayless;G;35:47;4;13;0;2;3;4;0;5;5;2;1;0;1;2;11;
Mike Conley;G;34:19;7;15;1;3;3;3;0;3;3;6;4;0;3;1;18;
Tayshaun Prince;;31:45;7;11;0;0;0;0;0;1;1;3;0;1;0;0;14;
Darrell Arthur;;17:14;4;5;0;0;0;0;0;0;0;0;1;1;0;2;8;
Tony Wroten;;2:43;0;0;0;0;0;0;0;0;0;0;0;0;2;0;0;
Ed Davis;;5:10;0;1;0;0;2;2;0;1;1;0;0;0;1;1;2;
Austin Daye;;4:45;0;2;0;1;1;1;1;1;2;0;0;0;0;0;1;
