11-07;ORL-MIN;75-90;
12-25;22-13;21-30;20-22;
ORL
Josh McRoberts;F;22:22;3;8;1;1;0;0;2;2;4;1;1;1;1;1;7;
Glen Davis;F;19:18;2;9;0;0;0;1;2;4;6;3;0;0;4;3;4;
Nikola Vucevic;C;17:58;1;4;0;0;0;0;1;3;4;0;0;0;0;2;2;
Arron Afflalo;G;28:07;5;11;1;3;1;1;0;3;3;0;0;0;2;3;12;
E'Twaun Moore;G;35:47;4;14;0;3;2;4;2;3;5;5;1;0;4;0;10;
JJ Redick;;19:42;5;12;1;4;5;5;0;2;2;1;0;0;5;1;16;
Gustavo Ayon;;19:47;3;5;0;0;0;0;1;3;4;1;1;0;1;3;6;
Andrew Nicholson;;26:31;3;8;0;0;5;5;2;3;5;0;0;2;2;5;11;
Ish Smith;;20:04;0;3;0;0;0;0;0;2;2;4;0;1;0;0;0;
Maurice Harkless;;22:20;2;6;0;1;3;4;2;3;5;2;3;2;0;4;7;
Kyle O'Quinn;;8:04;0;0;0;0;0;0;0;1;1;0;0;1;0;0;0;
MIN
Andrei Kirilenko;F;30:40;3;5;0;1;1;2;2;3;5;0;3;2;3;1;7;
Derrick Williams;F;30:00;5;10;2;5;2;2;2;4;6;1;2;0;0;0;14;
Nikola Pekovic;C;25:04;5;9;0;0;1;2;1;4;5;0;1;2;5;3;11;
Brandon Roy;G;26:04;1;6;0;1;1;2;1;4;5;9;0;0;1;2;3;
Luke Ridnour;G;30:36;6;9;3;4;4;5;1;4;5;3;1;1;3;1;19;
Greg Stiemsma;;21:03;6;7;0;0;0;0;1;4;5;0;1;2;1;4;12;
Jose Juan Barea;;12:21;0;3;0;1;1;2;2;0;2;5;1;0;3;1;1;
Dante Cunningham;;13:30;2;5;0;0;0;0;2;2;4;0;0;0;0;2;4;
Chase Budinger;;17:12;3;9;1;4;3;5;0;1;1;1;1;1;1;2;10;
Alexey Shved;;17:15;3;6;1;3;0;0;0;4;4;3;1;1;0;0;7;
Lou Amundson;;6:28;0;1;0;0;0;0;0;2;2;0;0;0;2;1;0;
Will Conroy;;5:03;0;3;0;1;0;0;0;0;0;0;0;0;0;1;0;
Malcolm Lee;;4:44;0;3;0;0;2;2;1;1;2;0;0;0;0;0;2;
