11-12;DEN-PHX;100-110;
27-23;30-31;21-29;22-27;
DEN
Danilo Gallinari;F;35:09;6;16;2;6;1;2;1;8;9;3;0;1;1;3;15;
Kenneth Faried;F;30:29;6;7;0;0;2;4;4;7;11;0;0;1;4;3;14;
Kosta Koufos;C;16:44;2;3;0;0;0;0;1;2;3;1;0;2;0;3;4;
Andre Iguodala;G;34:15;6;8;3;3;2;4;0;9;9;5;1;3;1;1;17;
Ty Lawson;G;35:14;5;8;0;1;2;2;0;1;1;8;1;0;4;2;12;
JaVale McGee;;24:09;8;12;0;0;0;0;1;2;3;1;0;2;1;2;16;
Corey Brewer;;21:44;3;9;1;3;0;0;0;0;0;2;0;0;0;2;7;
Andre Miller;;26:01;2;7;1;2;3;4;1;1;2;6;0;0;3;2;8;
Wilson Chandler;;13:53;3;6;0;1;1;2;0;4;4;0;0;1;1;2;7;
Timofey Mozgov;;2:22;0;0;0;0;0;0;1;0;1;0;0;0;0;1;0;
PHX
Michael Beasley;F;25:00;7;15;1;1;1;2;0;2;2;2;0;0;2;2;16;
Luis Scola;F;25:20;5;13;0;0;2;2;3;4;7;2;0;1;0;3;12;
Marcin Gortat;C;39:44;4;10;0;0;4;6;4;7;11;2;1;2;1;4;12;
Jared Dudley;G;38:09;7;15;1;5;0;0;1;2;3;2;0;0;0;0;15;
Goran Dragic;G;31:26;7;12;4;5;3;4;2;2;4;7;2;0;2;3;21;
Markieff Morris;;25:12;5;11;1;1;2;2;3;3;6;5;3;0;0;3;13;
Shannon Brown;;28:40;7;16;0;0;5;5;0;2;2;4;0;0;0;1;19;
Sebastian Telfair;;18:08;1;2;0;0;0;0;1;2;3;4;0;1;1;3;2;
PJ Tucker;;8:21;0;0;0;0;0;0;1;1;2;1;0;0;0;0;0;
