03-01;HOU-ORL;118-110;
31-32;33-29;22-26;32-23;
HOU
Donatas Motiejunas;F;24:13;7;12;2;5;1;2;2;1;3;1;0;0;3;2;17;
Chandler Parsons;F;40:42;9;15;3;7;0;2;0;2;2;4;2;0;1;1;21;
Omer Asik;C;34:11;4;6;0;0;1;5;6;6;12;1;0;0;0;4;9;
James Harden;G;42:09;7;18;0;5;10;11;0;7;7;8;3;1;2;3;24;
Jeremy Lin;G;25:51;3;6;2;2;3;4;0;1;1;5;0;0;2;1;11;
Thomas Robinson;;12:48;1;1;0;0;0;0;0;2;2;1;0;0;2;1;2;
Greg Smith;;9:17;0;0;0;0;0;0;0;2;2;1;0;0;1;1;0;
Patrick Beverley;;22:09;5;7;3;4;0;0;0;2;2;6;3;0;1;1;13;
Carlos Delfino;;28:40;6;12;5;9;4;4;1;2;3;1;0;0;0;2;21;
ORL
Maurice Harkless;F;29:17;5;7;3;4;0;0;1;3;4;3;1;0;1;1;13;
Andrew Nicholson;F;16:35;7;8;0;0;3;3;0;0;0;1;0;0;2;4;17;
Nikola Vucevic;C;35:16;8;13;0;0;2;2;3;7;10;2;3;0;3;1;18;
Arron Afflalo;G;42:09;6;14;1;5;6;9;0;3;3;4;0;0;3;3;19;
E'Twaun Moore;G;33:17;4;9;1;3;0;0;1;2;3;11;1;1;1;2;9;
Beno Udrih;;33:26;2;7;0;2;0;0;0;1;1;7;1;0;2;2;4;
Tobias Harris;;31:25;11;15;3;5;2;2;1;9;10;2;1;0;1;4;27;
Al Harrington;;12:23;1;4;1;3;0;0;0;0;0;0;1;0;0;2;3;
Doron Lamb;;6:12;0;1;0;0;0;0;0;0;0;0;0;0;1;2;0;
