12-10;GSW-CHA;104-96;
38-23;20-17;35-34;11-22;
GSW
Harrison Barnes;F;22:26;2;7;1;3;1;2;1;2;3;3;0;0;2;3;6;
David Lee;F;34:42;10;14;0;0;5;5;5;6;11;4;1;0;3;4;25;
Festus Ezeli;C;12:24;1;2;0;0;0;0;0;1;1;0;0;0;0;2;2;
Klay Thompson;G;36:12;4;7;2;5;0;0;1;1;2;6;0;1;1;4;10;
Stephen Curry;G;36:33;10;22;4;7;3;4;1;6;7;7;1;0;3;5;27;
Andris Biedrins;;5:56;0;0;0;0;0;0;0;2;2;0;0;1;0;1;0;
Jarrett Jack;;31:29;3;11;1;4;5;6;0;5;5;6;5;0;2;2;12;
Carl Landry;;27:53;5;9;0;0;6;6;4;2;6;2;0;1;1;2;16;
Charles Jenkins;;12:11;3;4;0;0;0;0;0;0;0;0;1;0;0;2;6;
Draymond Green;;19:07;0;8;0;1;0;0;2;7;9;0;1;1;4;0;0;
Kent Bazemore;;0:44;0;0;0;0;0;0;0;0;0;0;0;0;0;1;0;
Jeremy Tyler;;0:24;0;0;0;0;0;0;0;0;0;0;0;0;0;0;0;
CHA
Michael Kidd-Gilchrist;F;33:55;6;10;0;0;5;6;1;6;7;3;1;1;3;4;17;
Byron Mullens;F;28:49;6;14;1;4;0;0;3;1;4;3;2;1;1;1;13;
Bismack Biyombo;C;33:07;2;4;0;0;1;2;3;8;11;0;0;3;1;2;5;
Jeff Taylor;G;32:37;1;8;0;3;2;3;2;1;3;2;1;0;0;1;4;
Kemba Walker;G;34:07;6;16;3;9;9;12;1;0;1;6;1;1;4;4;24;
Gerald Henderson;;17:59;2;7;0;1;3;4;0;3;3;0;0;1;4;3;7;
Ramon Sessions;;23:04;3;8;2;2;4;4;1;0;1;6;0;1;0;1;12;
Ben Gordon;;15:21;5;11;3;6;1;1;0;1;1;1;0;1;2;0;14;
Brendan Haywood;;3:04;0;3;0;0;0;0;1;0;1;0;0;0;0;1;0;
DeSagana Diop;;14:08;0;0;0;0;0;0;0;6;6;0;1;1;0;2;0;
Reggie Williams;;3:49;0;2;0;1;0;0;0;1;1;0;0;0;0;1;0;
