01-05;NYK-ORL;114-106;
27-36;32-19;22-34;33-17;
NYK
Carmelo Anthony;F;45:01;14;29;4;9;8;9;2;4;6;6;1;0;1;3;40;
Marcus Camby;F;13:05;1;1;0;0;0;0;0;1;1;4;0;0;2;1;2;
Tyson Chandler;C;36:29;6;6;0;0;2;4;5;7;12;2;0;1;1;1;14;
Ronnie Brewer;G;16:34;1;4;0;2;0;0;0;0;0;0;1;0;0;0;2;
Jason Kidd;G;34:50;5;10;5;8;0;0;0;8;8;7;2;0;1;5;15;
J.R. Smith;;31:19;8;18;0;4;2;3;0;6;6;2;2;0;0;5;18;
Amar'e Stoudemire;;16:57;3;7;0;0;5;5;2;2;4;1;0;0;2;2;11;
Pablo Prigioni;;13:33;2;6;1;3;0;0;0;1;1;2;1;0;0;1;5;
Chris Copeland;;4:08;0;1;0;1;0;0;0;0;0;0;0;0;1;1;0;
Steve Novak;;28:04;2;6;2;6;1;1;0;2;2;0;0;0;0;0;7;
ORL
DeQuan Jones;F;24:05;4;8;0;2;0;1;1;5;6;1;0;0;0;3;8;
Andrew Nicholson;F;13:46;5;6;0;0;1;1;0;2;2;1;1;1;1;0;11;
Nikola Vucevic;C;36:38;5;12;0;0;1;1;6;12;18;2;1;1;2;4;11;
Arron Afflalo;G;38:13;10;14;2;3;7;9;0;1;1;4;0;0;3;2;29;
Jameer Nelson;G;40:06;10;20;5;9;4;4;0;3;3;8;1;1;3;4;29;
Josh McRoberts;;29:59;1;5;0;0;0;0;5;5;10;5;0;0;1;4;2;
Hedo Turkoglu;;18:11;0;5;0;2;1;2;0;2;2;0;1;0;2;0;1;
JJ Redick;;27:38;3;10;3;9;0;0;0;3;3;1;0;0;0;2;9;
Ish Smith;;4:24;2;4;0;1;0;0;0;0;0;0;0;0;0;0;4;
Maurice Harkless;;7:00;1;1;0;0;0;0;0;0;0;1;1;1;1;0;2;
