12-27;BOS-LAC;77-106;
20-30;27-30;20-22;10-24;
BOS
Paul Pierce;F;27:24;5;13;0;2;2;2;0;2;2;3;1;0;3;3;12;
Kevin Garnett;F;25:40;6;11;0;0;4;4;0;4;4;3;0;1;2;1;16;
Jason Collins;C;17:11;0;0;0;0;0;0;0;1;1;0;0;0;1;3;0;
Jason Terry;G;31:04;4;10;2;4;0;0;1;4;5;2;0;0;1;1;10;
Rajon Rondo;G;34:12;4;12;2;2;0;0;1;4;5;6;0;1;4;3;10;
Brandon Bass;;17:01;1;3;0;0;1;1;2;7;9;2;1;0;1;2;3;
Jared Sullinger;;18:04;1;2;0;0;2;2;2;3;5;2;1;0;1;6;4;
Jeff Green;;28:54;3;9;0;3;2;2;0;2;2;1;1;0;3;3;8;
Courtney Lee;;25:36;5;9;2;4;0;0;0;3;3;1;1;1;0;0;12;
Kris Joseph;;8:22;0;2;0;1;1;2;1;2;3;0;0;0;1;0;1;
Jarvis Varnado;;6:33;0;1;0;0;1;2;0;1;1;0;0;0;1;1;1;
LAC
Caron Butler;F;24:39;6;12;2;6;0;0;0;1;1;3;0;0;0;1;14;
Blake Griffin;F;26:19;6;11;0;0;3;7;3;5;8;1;1;0;2;2;15;
DeAndre Jordan;C;17:42;3;3;0;0;1;3;1;6;7;0;1;1;0;4;7;
Willie Green;G;24:24;3;7;3;4;0;0;1;1;2;2;0;0;0;1;9;
Chris Paul;G;28:51;3;11;1;4;1;1;1;2;3;11;2;0;3;1;8;
Lamar Odom;;28:60;2;6;0;2;0;0;1;12;13;5;0;4;0;3;4;
Matt Barnes;;23:21;7;13;5;9;2;2;0;0;0;0;2;1;1;3;21;
Jamal Crawford;;23:36;7;15;1;4;2;2;1;0;1;4;0;0;0;0;17;
Ronny Turiaf;;17:11;2;2;0;0;0;2;2;3;5;0;0;1;0;2;4;
Eric Bledsoe;;19:09;1;4;0;1;1;2;0;3;3;4;6;0;2;0;3;
Ryan Hollins;;5:49;1;1;0;0;2;5;0;1;1;1;0;0;0;1;4;
