12-18;BOS-CHI;89-100;
23-28;25-27;22-24;19-21;
BOS
Paul Pierce;F;31:05;6;10;2;3;2;4;0;3;3;4;0;0;0;2;16;
Brandon Bass;F;27:15;3;9;0;0;1;1;2;6;8;0;0;0;1;0;7;
Kevin Garnett;C;25:28;5;10;0;0;0;0;1;7;8;0;0;0;1;1;10;
Courtney Lee;G;23:28;7;11;0;1;0;0;1;0;1;0;1;0;0;1;14;
Rajon Rondo;G;33:51;9;18;2;3;6;8;2;0;2;8;0;0;3;2;26;
Chris Wilcox;;13:20;2;3;0;0;0;0;1;0;1;0;1;0;0;3;4;
Jared Sullinger;;15:34;0;6;0;0;1;2;1;2;3;1;0;1;1;4;1;
Jason Terry;;25:53;1;2;0;0;0;0;0;2;2;2;1;1;2;1;2;
Jeff Green;;20:19;1;6;1;2;0;0;0;1;1;0;2;0;0;1;3;
Leandro Barbosa;;11:45;1;6;0;1;4;4;0;1;1;3;1;0;1;1;6;
Jason Collins;;12:03;0;0;0;0;0;0;3;2;5;0;1;0;0;2;0;
CHI
Luol Deng;F;38:25;5;9;0;0;11;12;0;4;4;3;0;0;3;1;21;
Carlos Boozer;F;30:58;10;17;0;0;1;2;3;9;12;2;1;2;1;2;21;
Joakim Noah;C;36:37;4;7;0;0;3;3;3;10;13;10;1;3;3;0;11;
Marco Belinelli;G;33:59;3;8;0;1;4;4;0;1;1;1;0;1;1;2;10;
Kirk Hinrich;G;23:35;0;2;0;1;0;0;1;1;2;2;0;1;0;4;0;
Taj Gibson;;25:37;6;9;0;0;1;1;2;3;5;4;1;1;0;2;13;
Marquis Teague;;6:30;0;1;0;0;0;0;0;1;1;2;0;1;1;0;0;
Jimmy Butler;;19:54;3;6;0;0;0;0;2;0;2;0;1;0;1;2;6;
Nate Robinson;;21:53;6;12;5;7;1;2;1;2;3;4;0;0;1;1;18;
Nazr Mohammed;;2:32;0;3;0;0;0;0;0;0;0;0;0;1;1;1;0;
