12-08;NOH-MIA;90-106;
32-31;15-33;25-22;18-20;
NOH
Xavier Henry;F;21:06;2;2;0;0;1;1;0;2;2;1;0;0;0;2;5;
Ryan Anderson;F;29:37;10;19;4;6;0;0;2;3;5;1;0;0;2;4;24;
Robin Lopez;C;30:12;7;10;0;0;6;6;3;5;8;0;0;1;0;2;20;
Roger Mason Jr.;G;15:21;2;5;1;3;1;1;0;1;1;0;0;0;3;2;6;
Greivis Vasquez;G;31:10;2;6;1;1;3;4;0;3;3;7;1;0;4;3;8;
Darius Miller;;23:50;1;3;0;1;0;0;1;2;3;2;0;0;1;5;2;
Jason Smith;;21:32;6;12;0;0;0;0;2;3;5;1;1;2;1;2;12;
Al-Farouq Aminu;;7:57;1;2;0;0;0;0;0;0;0;0;0;0;0;1;2;
Lance Thomas;;14:39;0;4;0;0;0;0;1;3;4;0;1;0;0;0;0;
Austin Rivers;;20:28;2;6;0;1;1;1;0;2;2;1;0;0;2;1;5;
Brian Roberts;;24:09;2;9;2;6;0;0;0;1;1;3;2;0;4;1;6;
MIA
LeBron James;F;35:55;11;16;0;0;2;3;1;4;5;7;2;0;4;2;24;
Udonis Haslem;F;13:52;1;2;0;0;0;0;0;2;2;1;2;0;0;2;2;
Chris Bosh;C;34:05;4;11;0;0;5;6;1;5;6;2;0;3;2;3;13;
Dwyane Wade;G;32:23;9;12;0;0;8;9;0;2;2;3;1;0;2;1;26;
Mario Chalmers;G;24:19;2;6;2;3;0;0;0;4;4;3;2;0;3;3;6;
Shane Battier;;29:13;3;5;2;3;3;4;0;3;3;2;0;1;0;0;11;
Joel Anthony;;13:55;1;1;0;0;1;2;0;3;3;0;1;3;1;1;3;
Ray Allen;;15:51;4;6;3;4;0;0;0;3;3;2;0;0;2;3;11;
Norris Cole;;23:41;3;7;0;0;0;0;0;2;2;2;2;0;1;0;6;
Mike Miller;;16:46;2;3;0;1;0;0;0;3;3;1;2;0;1;3;4;
