12-16;DEN-SAC;122-97;
32-23;32-23;33-21;25-30;
DEN
Danilo Gallinari;F;25:54;6;9;1;3;5;5;1;2;3;4;0;0;1;0;18;
Kenneth Faried;F;25:16;3;8;0;0;0;0;3;5;8;0;0;1;0;2;6;
Kosta Koufos;C;22:15;6;10;0;0;0;2;4;3;7;1;0;1;0;5;12;
Andre Iguodala;G;28:29;4;7;0;1;3;4;2;6;8;8;1;0;2;3;11;
Ty Lawson;G;25:49;4;7;1;2;2;2;0;4;4;7;0;0;2;2;11;
Andre Miller;;23:34;0;1;0;0;4;4;0;3;3;3;1;0;1;1;4;
Corey Brewer;;19:14;2;9;2;5;0;0;0;5;5;2;2;0;1;0;6;
JaVale McGee;;17:09;7;9;0;0;5;8;4;1;5;0;0;3;0;4;19;
Jordan Hamilton;;20:12;6;11;3;5;0;0;0;4;4;0;1;0;2;2;15;
Evan Fournier;;12:00;3;5;1;1;0;0;0;0;0;1;1;0;1;3;7;
Timofey Mozgov;;8:36;2;4;0;0;2;2;1;1;2;0;0;0;1;0;6;
Anthony Randolph;;7:02;3;4;0;1;0;0;2;1;3;0;0;0;0;3;6;
Quincy Miller;;4:30;0;1;0;0;1;2;0;0;0;1;0;0;0;0;1;
SAC
John Salmons;F;20:37;1;8;0;4;2;2;0;0;0;1;0;0;1;3;4;
Jason Thompson;F;26:12;7;14;0;0;2;2;7;3;10;1;2;1;0;0;16;
DeMarcus Cousins;C;32:34;5;14;0;0;9;11;6;5;11;1;0;0;1;3;19;
Tyreke Evans;G;10:22;0;4;0;2;2;2;1;0;1;0;0;0;0;0;2;
Aaron Brooks;G;21:03;3;10;2;4;1;2;1;1;2;2;0;0;2;2;9;
Isaiah Thomas;;26:57;3;10;1;3;13;15;1;2;3;4;1;0;4;1;20;
Francisco Garcia;;19:01;3;5;1;3;0;0;0;0;0;1;1;0;0;1;7;
James Johnson;;19:46;3;7;0;1;0;0;0;1;1;2;2;0;0;4;6;
Charles Hayes;;12:08;1;1;0;0;0;0;2;1;3;1;1;0;0;0;2;
Travis Outlaw;;16:46;0;4;0;2;0;0;0;2;2;0;0;0;0;3;0;
Jimmer Fredette;;18:37;4;9;2;5;0;0;0;3;3;0;0;0;0;1;10;
Thomas Robinson;;15:57;1;5;0;0;0;0;3;3;6;0;0;0;1;1;2;
