01-02;WAS-IND;81-89;
18-31;21-16;19-20;23-22;
WAS
Martell Webster;F;14:00;0;3;0;0;0;0;0;0;0;2;1;0;1;1;0;
Nene;F;24:57;6;13;0;0;3;3;1;5;6;1;2;1;5;1;15;
Emeka Okafor;C;21:44;2;6;0;0;0;0;2;7;9;0;1;1;2;1;4;
Bradley Beal;G;28:08;6;15;2;4;0;0;0;2;2;3;0;1;0;2;14;
Garrett Temple;G;22:19;0;3;0;2;0;0;0;1;1;7;0;2;2;6;0;
Jordan Crawford;;35:24;7;15;1;4;5;7;0;4;4;7;2;0;4;1;20;
Kevin Seraphin;;30:43;8;13;0;0;0;0;2;7;9;0;0;1;3;4;16;
Cartier Martin;;18:28;2;6;0;2;0;0;0;2;2;0;0;0;1;2;4;
Jan Vesely;;4:04;0;0;0;0;0;0;2;0;2;0;0;0;0;2;0;
Shelvin Mack;;25:41;2;6;0;1;0;0;0;1;1;4;2;0;1;2;4;
Chris Singleton;;14:32;2;3;0;0;0;0;1;4;5;0;1;0;0;3;4;
IND
Paul George;F;40:18;9;19;3;8;8;8;1;13;14;3;2;0;3;3;29;
David West;F;34:21;3;13;0;0;2;2;1;5;6;1;1;1;3;0;8;
Roy Hibbert;C;24:13;6;11;0;0;1;1;1;3;4;4;0;1;2;5;13;
Lance Stephenson;G;29:28;3;9;0;0;0;0;1;2;3;2;2;1;0;1;6;
D.J. Augustin;G;37:18;4;9;1;4;9;10;2;2;4;6;1;0;2;1;18;
Gerald Green;;17:58;1;4;1;2;0;0;0;0;0;0;1;0;2;0;3;
Tyler Hansbrough;;14:50;0;3;0;0;2;4;2;1;3;1;0;0;2;2;2;
Ian Mahinmi;;22:36;3;5;0;0;3;4;3;8;11;0;1;0;0;1;9;
Ben Hansbrough;;10:43;0;3;0;2;1;2;0;1;1;0;1;0;2;1;1;
Sam Young;;8:15;0;1;0;0;0;0;0;2;2;0;0;0;0;0;0;
