11-16;ORL-DET;110-106;
22-25;22-25;27-25;39-31;
ORL
Arron Afflalo;F;37:03;7;14;2;4;3;3;0;2;2;1;2;0;2;2;19;
Glen Davis;F;35:53;8;14;0;0;1;2;6;7;13;2;0;0;2;2;17;
Nikola Vucevic;C;27:53;5;12;0;0;1;2;4;9;13;3;0;2;3;2;11;
JJ Redick;G;38:15;7;13;3;7;6;6;0;1;1;5;1;0;4;1;23;
Jameer Nelson;G;32:14;4;11;1;4;4;4;0;4;4;10;2;0;1;5;13;
Andrew Nicholson;;14:34;3;8;0;0;0;0;0;2;2;0;1;1;1;0;6;
E'Twaun Moore;;18:04;3;6;0;1;0;0;0;1;1;4;0;0;1;1;6;
Josh McRoberts;;8:60;3;4;1;1;0;0;1;1;2;0;0;0;0;1;7;
Gustavo Ayon;;17:06;3;5;0;0;0;0;2;2;4;2;1;0;0;2;6;
Maurice Harkless;;9:59;1;2;0;0;0;0;1;1;2;0;0;0;0;1;2;
DET
Tayshaun Prince;F;34:01;7;11;0;0;4;4;0;3;3;3;0;1;1;1;18;
Jason Maxiell;F;31:30;5;10;0;0;1;1;0;5;5;0;2;1;1;2;11;
Greg Monroe;C;36:22;9;12;0;0;5;5;2;5;7;1;1;0;2;2;23;
Kyle Singler;G;28:57;5;10;1;1;3;4;1;1;2;1;1;0;1;3;14;
Brandon Knight;G;34:36;4;12;1;4;1;2;0;6;6;12;1;0;3;2;10;
Rodney Stuckey;;21:17;4;7;0;0;1;2;0;1;1;1;0;0;1;3;9;
Andre Drummond;;14:52;5;6;0;0;0;0;2;1;3;0;1;2;2;1;10;
Will Bynum;;11:25;1;5;0;1;0;0;0;0;0;3;1;0;1;2;2;
Corey Maggette;;13:59;3;8;0;2;1;2;0;1;1;0;1;0;2;1;7;
Jonas Jerebko;;13:01;1;1;0;0;0;0;1;1;2;0;0;0;0;1;2;
