01-09;MIL-CHI;104-96;
23-33;27-24;31-23;23-16;
MIL
Luc Mbah a Moute;F;21:19;0;3;0;1;1;2;2;3;5;0;0;1;2;1;1;
Ersan Ilyasova;F;27:29;4;10;1;4;4;5;0;6;6;2;2;2;2;3;13;
Larry Sanders;C;30:37;3;6;0;0;0;0;4;8;12;1;1;7;0;3;6;
Monta Ellis;G;39:54;6;14;0;2;2;2;0;5;5;5;5;1;3;1;14;
Brandon Jennings;G;39:33;12;24;5;10;6;7;1;5;6;6;1;0;4;3;35;
Mike Dunleavy;;27:39;6;11;4;5;0;0;0;4;4;2;1;1;3;2;16;
Ekpe Udoh;;17:23;1;2;0;0;2;3;3;0;3;1;1;2;0;2;4;
Beno Udrih;;15:55;5;8;0;0;0;0;1;0;1;4;0;0;2;0;10;
John Henson;;17:47;2;6;0;0;1;2;0;6;6;0;0;1;0;2;5;
Samuel Dalembert;;2:24;0;0;0;0;0;0;0;0;0;0;0;0;0;1;0;
CHI
Luol Deng;F;34:26;7;14;0;2;4;7;2;3;5;2;0;0;0;1;18;
Carlos Boozer;F;32:39;8;15;0;0;6;8;4;7;11;3;1;0;2;2;22;
Joakim Noah;C;39:10;4;12;0;1;0;0;5;7;12;2;0;0;1;2;8;
Richard Hamilton;G;16:19;2;11;0;0;0;0;1;0;1;2;0;0;0;2;4;
Nate Robinson;G;42:26;8;17;3;5;0;0;1;4;5;6;5;0;2;4;19;
Taj Gibson;;19:57;3;6;0;0;2;3;3;2;5;2;0;2;2;2;8;
Marco Belinelli;;31:41;4;14;1;2;0;0;0;3;3;3;3;0;5;2;9;
Nazr Mohammed;;4:14;1;1;0;0;0;0;0;2;2;0;0;0;0;1;2;
Marquis Teague;;5:34;0;1;0;0;0;0;0;0;0;2;0;0;2;2;0;
Jimmy Butler;;13:34;2;4;0;0;2;2;0;1;1;1;0;0;1;0;6;
