11-15;NYK-SAS;104-100;
33-31;22-26;17-19;32-24;
NYK
Ronnie Brewer;F;18:25;4;8;1;3;0;2;1;2;3;1;1;0;0;0;9;
Carmelo Anthony;F;40:31;3;12;0;2;3;4;5;7;12;3;0;0;2;3;9;
Tyson Chandler;C;33:06;4;8;0;0;5;7;3;9;12;0;0;1;1;4;13;
Raymond Felton;G;34:50;10;20;2;4;3;5;1;2;3;7;0;0;2;2;25;
Jason Kidd;G;33:50;5;9;4;7;0;0;0;1;1;2;2;3;2;2;14;
J.R. Smith;;37:05;6;13;1;1;4;5;0;5;5;2;1;1;0;3;17;
Steve Novak;;20:39;2;6;1;5;0;0;0;1;1;0;0;0;0;2;5;
Rasheed Wallace;;14:54;4;8;2;3;0;0;0;3;3;0;1;1;0;2;10;
Pablo Prigioni;;6:40;1;2;0;1;0;0;0;1;1;2;1;0;0;1;2;
SAS
Kawhi Leonard;F;33:24;6;12;3;7;1;1;5;4;9;0;2;0;1;2;16;
Tim Duncan;F;31:08;6;10;0;1;2;4;4;10;14;2;0;3;1;0;14;
DeJuan Blair;C;8:30;1;4;0;0;0;0;0;0;0;1;0;0;0;1;2;
Danny Green;G;30:14;4;10;1;5;0;0;1;2;3;1;1;1;0;3;9;
Tony Parker;G;36:02;7;20;0;1;5;7;0;6;6;12;0;1;0;5;19;
Manu Ginobili;;26:17;4;8;1;5;3;4;0;2;2;4;1;0;3;2;12;
Tiago Splitter;;16:52;4;6;0;0;5;5;0;0;0;0;0;1;2;1;13;
Boris Diaw;;15:23;0;0;0;0;0;0;0;2;2;0;0;0;0;3;0;
Patty Mills;;15:49;2;6;1;4;0;0;1;0;1;0;0;0;2;1;5;
Stephen Jackson;;26:21;4;11;2;6;0;0;2;9;11;1;0;1;1;2;10;
