12-25;HOU-CHI;120-97;
27-22;31-19;36-27;26-29;
HOU
Chandler Parsons;F;36:31;9;15;4;5;1;2;1;4;5;2;2;0;0;2;23;
Marcus Morris;F;28:28;3;9;2;7;2;2;0;5;5;1;1;0;0;2;10;
Omer Asik;C;34:57;9;13;0;0;2;3;5;13;18;1;0;3;0;3;20;
James Harden;G;35:53;7;13;1;2;11;13;1;4;5;6;2;1;1;1;26;
Jeremy Lin;G;34:20;8;12;0;1;4;4;0;1;1;11;1;1;2;4;20;
Greg Smith;;10:27;2;3;0;0;0;0;1;1;2;0;0;0;0;1;4;
Toney Douglas;;22:17;3;7;0;2;0;0;1;0;1;1;0;0;4;4;6;
Carlos Delfino;;25:49;3;6;1;2;0;0;0;4;4;1;2;0;1;4;7;
Daequan Cook;;3:30;0;0;0;0;0;0;0;0;0;0;0;0;0;0;0;
Donatas Motiejunas;;2:36;1;1;0;0;0;0;1;1;2;0;0;0;0;0;2;
Cole Aldrich;;2:36;1;1;0;0;0;0;0;2;2;0;0;0;0;0;2;
Scott Machado;;2:36;0;2;0;1;0;0;0;0;0;2;0;0;2;0;0;
CHI
Luol Deng;F;35:53;5;14;0;2;4;4;2;3;5;2;0;0;2;1;14;
Carlos Boozer;F;21:40;3;11;0;0;0;0;0;3;3;3;1;0;1;3;6;
Joakim Noah;C;31:52;3;3;0;0;2;2;2;7;9;4;1;2;5;1;8;
Marco Belinelli;G;35:30;5;10;2;5;3;3;0;1;1;3;0;0;0;3;15;
Kirk Hinrich;G;20:41;2;8;0;4;0;0;0;1;1;4;0;0;0;4;4;
Jimmy Butler;;23:23;3;5;0;0;0;0;1;2;3;0;1;0;0;1;6;
Taj Gibson;;19:38;3;5;0;0;3;4;2;2;4;0;0;0;0;2;9;
Nate Robinson;;27:38;9;16;4;8;5;7;0;4;4;3;1;0;2;2;27;
Marquis Teague;;17:39;4;10;0;0;0;0;0;0;0;3;0;1;1;2;8;
Vladimir Radmanovic;;3:30;0;1;0;1;0;0;0;1;1;0;2;0;0;0;0;
Nazr Mohammed;;2:36;0;0;0;0;0;0;0;0;0;0;0;0;0;0;0;
