11-14;DET-PHI;94-76;
23-17;29-17;17-20;25-22;
DET
Tayshaun Prince;F;34:09;7;13;0;0;1;2;1;4;5;6;1;0;1;1;15;
Jason Maxiell;F;28:06;2;3;0;0;4;6;2;10;12;3;0;3;1;2;8;
Greg Monroe;C;39:49;7;16;0;0;5;6;5;13;18;6;0;1;6;2;19;
Kyle Singler;G;39:56;7;14;1;3;1;2;1;3;4;1;0;1;0;4;16;
Brandon Knight;G;35:08;5;9;1;2;4;6;0;7;7;7;0;0;2;3;15;
Corey Maggette;;21:33;2;3;1;1;4;4;0;2;2;3;0;0;4;6;9;
Andre Drummond;;11:14;3;6;0;0;0;2;2;0;2;1;1;1;1;3;6;
Will Bynum;;12:53;2;6;0;0;2;3;0;1;1;0;0;0;1;2;6;
Jonas Jerebko;;14:35;0;3;0;1;0;0;1;5;6;0;1;1;1;2;0;
Kim English;;1:19;0;0;0;0;0;0;0;0;0;0;0;0;0;0;0;
Khris Middleton;;1:19;0;0;0;0;0;0;0;0;0;0;0;0;0;0;0;
PHI
Evan Turner;F;23:16;1;6;0;0;1;2;0;3;3;2;1;0;0;2;3;
Thaddeus Young;F;28:25;2;11;0;0;0;0;2;6;8;0;1;0;1;3;4;
Kwame Brown;C;12:24;1;2;0;0;1;2;0;1;1;0;1;0;0;2;3;
Jason Richardson;G;26:04;3;12;3;6;0;0;1;0;1;1;1;1;0;1;9;
Jrue Holiday;G;32:46;4;13;0;0;4;9;0;6;6;7;3;0;1;2;12;
Dorell Wright;;19:48;1;5;1;3;3;3;1;3;4;0;0;0;0;2;6;
Spencer Hawes;;15:25;1;5;0;1;3;4;1;1;2;1;0;0;1;1;5;
Lavoy Allen;;26:20;6;10;0;0;2;2;4;2;6;0;1;1;0;6;14;
Royal Ivey;;15:30;3;7;1;3;0;0;0;1;1;0;1;0;0;1;7;
Nick Young;;23:51;2;9;0;3;5;6;0;3;3;2;1;1;0;1;9;
Arnett Moultrie;;6:34;0;1;0;0;2;4;2;0;2;0;0;0;0;0;2;
Damien Wilkins;;6:18;0;1;0;0;0;0;0;1;1;1;0;1;0;0;0;
Maalik Wayns;;3:19;1;2;0;0;0;0;0;0;0;1;0;0;1;0;2;
