12-12;MEM-PHX;80-82;
27-21;19-22;17-20;17-19;
MEM
Rudy Gay;F;43:16;7;17;0;3;7;7;2;9;11;3;2;2;4;2;21;
Zach Randolph;F;34:04;9;14;0;0;0;0;4;6;10;0;0;0;2;3;18;
Marc Gasol;C;38:32;7;12;0;0;1;1;1;1;2;4;0;6;1;2;15;
Tony Allen;G;25:51;1;6;0;0;0;0;0;3;3;2;1;0;0;2;2;
Mike Conley;G;34:43;3;8;1;4;0;0;1;1;2;6;2;0;4;4;7;
Darrell Arthur;;17:07;3;6;0;1;2;2;0;3;3;0;1;0;0;3;8;
Wayne Ellington;;8:41;0;2;0;0;0;0;0;1;1;0;0;0;0;0;0;
Marreese Speights;;6:17;2;3;0;0;0;0;1;3;4;0;0;0;0;0;4;
Jerryd Bayless;;13:18;1;3;1;1;0;0;0;3;3;3;0;1;4;0;3;
Quincy Pondexter;;18:12;0;2;0;1;2;2;1;0;1;1;0;0;0;1;2;
PHX
Jared Dudley;F;43:18;7;14;1;5;0;0;6;3;9;5;3;0;1;1;15;
Luis Scola;F;13:14;1;6;0;1;2;2;1;0;1;1;1;1;1;1;4;
Marcin Gortat;C;33:33;5;10;0;0;0;0;4;4;8;0;1;0;0;2;10;
Shannon Brown;G;38:41;5;19;1;5;4;4;1;6;7;1;1;0;3;2;15;
Goran Dragic;G;32:58;5;10;1;4;1;2;2;3;5;8;1;0;2;4;12;
Michael Beasley;;10:13;2;11;0;4;0;1;3;3;6;1;0;0;0;0;4;
PJ Tucker;;9:40;0;2;0;0;0;0;0;2;2;0;0;0;2;1;0;
Sebastian Telfair;;15:02;2;5;1;1;0;0;0;0;0;4;0;0;0;1;5;
Markieff Morris;;28:54;4;6;1;2;2;2;0;4;4;0;2;2;2;0;11;
Jermaine O'Neal;;14:27;3;6;0;0;0;0;2;0;2;0;0;4;0;1;6;
