11-14;NOH-HOU;96-100;
27-25;18-39;31-21;20-15;
NOH
Al-Farouq Aminu;F;30:08;6;15;0;2;2;2;1;6;7;2;2;2;1;2;14;
Anthony Davis;F;29:03;2;7;0;0;4;4;2;2;4;1;2;3;1;4;8;
Robin Lopez;C;21:25;2;5;0;0;1;2;0;1;1;1;1;1;1;3;5;
Greivis Vasquez;G;33:30;8;15;3;4;5;5;0;5;5;9;0;0;2;2;24;
Austin Rivers;G;35:48;3;8;2;4;2;2;0;3;3;2;1;0;3;1;10;
Ryan Anderson;;28:51;9;19;2;10;0;0;6;6;12;1;0;1;0;1;20;
Brian Roberts;;15:19;3;8;1;2;2;2;0;1;1;0;0;0;2;0;9;
Darius Miller;;7:17;0;1;0;1;0;0;0;0;0;0;0;1;0;1;0;
Roger Mason Jr.;;6:29;0;1;0;1;0;0;0;1;1;1;0;0;0;0;0;
Jason Smith;;16:41;0;3;0;0;4;4;0;3;3;0;0;0;0;0;4;
Xavier Henry;;15:29;1;2;0;0;0;0;0;1;1;0;0;0;0;2;2;
HOU
Chandler Parsons;F;39:23;4;14;2;6;3;4;2;8;10;3;0;0;2;1;13;
Patrick Patterson;F;29:34;3;4;0;0;0;0;2;3;5;0;0;0;1;2;6;
Omer Asik;C;29:58;6;10;0;0;3;4;2;10;12;1;0;2;3;4;15;
James Harden;G;39:19;10;20;1;7;9;11;0;3;3;4;0;1;1;2;30;
Jeremy Lin;G;33:45;2;10;0;3;0;0;0;4;4;4;3;1;2;1;4;
Carlos Delfino;;14:38;0;5;0;3;1;1;0;2;2;4;0;0;1;1;1;
Toney Douglas;;16:36;4;6;4;5;0;0;0;1;1;2;0;0;1;2;12;
Greg Smith;;11:22;2;2;0;0;2;2;0;1;1;1;0;0;0;2;6;
Marcus Morris;;25:24;5;9;3;5;0;0;1;1;2;0;0;3;0;2;13;
