12-03;TOR-DEN;110-113;
24-29;20-32;31-28;35-24;
TOR
Mickael Pietrus;F;25:09;1;5;1;3;0;0;0;0;0;0;1;0;1;4;3;
Andrea Bargnani;F;40:18;10;20;2;8;1;2;0;4;4;0;0;1;2;2;23;
Jonas Valanciunas;C;22:54;3;5;0;0;1;2;2;2;4;1;2;3;0;4;7;
DeMar DeRozan;G;39:32;8;13;1;3;1;1;1;6;7;2;2;1;1;4;18;
Kyle Lowry;G;33:48;6;16;1;4;11;11;1;2;3;7;0;3;3;4;24;
Amir Johnson;;15:31;5;7;1;1;0;0;1;3;4;1;1;0;2;4;11;
Jose Calderon;;16:22;1;4;1;3;1;1;0;0;0;5;0;0;3;2;4;
Ed Davis;;17:03;3;5;0;0;0;0;3;6;9;3;2;1;1;2;6;
Terrence Ross;;23:60;4;8;2;5;2;2;1;5;6;0;0;0;2;4;12;
John Lucas III;;5:23;1;3;0;1;0;0;0;0;0;0;1;0;1;0;2;
DEN
Danilo Gallinari;F;33:00;4;10;2;4;3;4;2;6;8;3;1;0;3;2;13;
Kenneth Faried;F;32:21;5;11;0;0;8;11;7;3;10;2;1;1;2;2;18;
Kosta Koufos;C;27:46;4;12;0;0;2;6;5;5;10;0;2;1;1;6;10;
Andre Iguodala;G;33:21;1;5;0;2;2;2;0;2;2;8;2;0;3;1;4;
Ty Lawson;G;28:17;6;15;3;5;1;2;1;3;4;3;0;0;4;1;16;
JaVale McGee;;23:29;4;5;0;0;9;16;3;3;6;1;0;5;0;3;17;
Corey Brewer;;20:47;9;15;1;2;0;0;2;3;5;0;4;0;1;2;19;
Andre Miller;;25:36;3;4;0;1;2;2;0;3;3;6;1;0;3;1;8;
Jordan Hamilton;;15:23;4;8;0;1;0;0;3;2;5;2;0;0;0;2;8;
