01-15;POR-DEN;111-115;
35-33;22-21;19-27;23-18;12-16;
POR
Nicolas Batum;F;45:19;8;17;2;9;4;6;2;5;7;7;2;0;3;2;22;
LaMarcus Aldridge;F;45:13;11;22;0;0;8;8;1;7;8;6;0;1;2;3;30;
JJ Hickson;C;34:29;7;8;0;0;5;5;5;8;13;2;0;2;3;1;19;
Wesley Matthews;G;43:13;6;13;2;7;0;0;0;5;5;2;2;0;3;4;14;
Damian Lillard;G;42:12;5;14;3;5;1;2;0;8;8;5;1;2;2;4;14;
Luke Babbitt;;14:22;1;3;1;3;0;0;0;1;1;0;0;0;0;1;3;
Will Barton;;17:28;3;7;0;2;1;2;1;2;3;1;0;0;1;2;7;
Ronnie Price;;10:48;1;3;0;1;0;0;0;1;1;2;0;0;3;2;2;
Joel Freeland;;2:56;0;1;0;0;0;0;0;0;0;0;0;0;1;0;0;
Jared Jeffries;;9:00;0;0;0;0;0;0;0;0;0;0;0;2;0;1;0;
DEN
Danilo Gallinari;F;42:25;8;14;3;6;6;8;1;3;4;2;0;0;2;3;25;
Kenneth Faried;F;31:18;9;12;0;0;3;3;2;9;11;2;2;1;0;4;21;
Kosta Koufos;C;22:24;4;6;0;0;0;0;3;2;5;0;3;0;0;3;8;
Andre Iguodala;G;41:23;4;16;1;5;0;3;1;2;3;4;1;0;2;3;9;
Ty Lawson;G;40:28;10;19;2;5;2;4;0;3;3;12;0;0;2;3;24;
Wilson Chandler;;18:31;5;13;2;4;1;1;1;5;6;2;2;0;2;0;13;
Corey Brewer;;18:50;3;6;1;3;0;0;1;2;3;3;1;1;0;1;7;
JaVale McGee;;20:03;2;7;0;0;0;0;0;2;2;1;1;0;0;6;4;
Andre Miller;;29:38;2;6;0;2;0;0;2;0;2;5;2;0;2;0;4;
