12-28;PHX-IND;91-97;
20-27;24-31;27-17;20-22;
PHX
Jared Dudley;F;34:42;4;13;1;5;2;2;3;3;6;2;1;1;0;4;11;
Luis Scola;F;35:03;6;15;0;0;0;0;2;2;4;2;1;0;2;6;12;
Marcin Gortat;C;32:47;6;9;0;0;3;4;2;8;10;2;1;0;1;5;15;
Shannon Brown;G;29:08;6;10;0;2;0;0;3;2;5;3;0;0;2;1;12;
Sebastian Telfair;G;40:43;8;20;1;6;2;2;0;1;1;6;1;0;2;3;19;
PJ Tucker;;15:10;0;0;0;0;0;0;0;1;1;0;0;0;0;2;0;
Kendall Marshall;;7:20;0;0;0;0;0;0;0;0;0;1;0;0;1;0;0;
Markieff Morris;;12:53;3;3;0;0;0;2;0;2;2;0;1;0;2;2;6;
Jermaine O'Neal;;15:13;2;5;0;0;2;2;0;7;7;1;0;1;1;3;6;
Michael Beasley;;17:01;3;7;0;1;4;4;0;1;1;3;0;0;0;0;10;
IND
Paul George;F;38:59;4;12;2;5;5;6;1;3;4;2;0;0;3;3;15;
David West;F;33:34;5;15;0;0;4;4;3;4;7;2;1;1;3;4;14;
Roy Hibbert;C;31:56;3;9;0;0;2;4;5;9;14;4;0;1;2;4;8;
Lance Stephenson;G;36:45;4;9;1;2;1;4;2;7;9;5;3;0;1;1;10;
George Hill;G;32:30;9;13;3;4;1;1;0;2;2;2;2;0;3;3;22;
D.J. Augustin;;15:27;0;2;0;1;2;2;0;1;1;1;0;0;1;2;2;
Gerald Green;;20:19;3;6;2;4;0;0;0;1;1;0;0;0;1;1;8;
Tyler Hansbrough;;14:26;5;6;0;0;2;2;1;4;5;1;0;0;0;3;12;
Ian Mahinmi;;16:04;1;5;0;0;4;6;4;1;5;2;0;0;1;1;6;
