01-16;CLE-POR;93-88;
26-21;27-15;21-29;19-23;
CLE
Alonzo Gee;F;30:50;2;5;0;1;5;6;0;1;1;1;3;0;1;2;9;
Tristan Thompson;F;37:07;7;15;0;0;5;10;7;7;14;2;2;0;3;2;19;
Tyler Zeller;C;40:16;3;7;0;0;5;5;1;8;9;2;0;2;1;2;11;
CJ Miles;G;32:12;3;11;2;5;0;0;0;2;2;0;1;0;0;0;8;
Kyrie Irving;G;38:31;13;24;1;4;4;4;0;3;3;5;4;0;2;3;31;
Dion Waiters;;22:35;1;9;0;2;3;4;1;3;4;1;0;1;0;0;5;
Luke Walton;;18:37;3;9;1;4;0;0;1;3;4;3;0;1;0;1;7;
Shaun Livingston;;13:45;0;2;0;0;3;3;0;2;2;1;1;0;1;6;3;
Omri Casspi;;6:07;0;1;0;1;0;0;0;1;1;1;0;0;0;0;0;
POR
Nicolas Batum;F;37:45;8;17;3;9;4;5;3;9;12;2;1;0;9;5;23;
LaMarcus Aldridge;F;37:24;7;14;0;0;1;2;2;8;10;3;0;4;2;3;15;
JJ Hickson;C;30:40;5;8;0;1;3;6;4;7;11;1;1;1;2;4;13;
Wesley Matthews;G;36:33;6;13;4;8;1;1;1;5;6;3;0;0;3;5;17;
Damian Lillard;G;36:14;3;9;1;5;6;8;0;1;1;7;1;0;2;3;13;
Joel Freeland;;12:24;1;3;0;0;1;2;0;3;3;0;0;1;0;2;3;
Nolan Smith;;12:27;1;4;1;3;0;0;1;3;4;1;1;0;1;1;3;
Jared Jeffries;;15:32;0;5;0;1;0;0;3;2;5;1;1;1;0;1;0;
Will Barton;;15:06;0;4;0;1;1;2;1;1;2;1;1;0;0;1;1;
Sasha Pavlovic;;5:55;0;2;0;1;0;0;0;0;0;0;0;0;0;0;0;
