12-25;DEN-LAC;100-112;
26-25;22-42;28-26;24-19;
DEN
Danilo Gallinari;F;24:13;1;10;0;3;5;5;0;3;3;4;2;0;2;1;7;
Kenneth Faried;F;32:55;3;9;0;0;0;0;4;5;9;2;1;2;1;1;6;
Kosta Koufos;C;27:10;8;8;0;0;0;0;2;8;10;1;1;0;1;2;16;
Andre Iguodala;G;26:34;4;9;0;3;1;2;0;1;1;2;0;0;0;2;9;
Ty Lawson;G;32:02;5;11;1;3;4;6;0;3;3;5;1;0;4;1;15;
JaVale McGee;;19:09;4;7;0;0;1;2;1;5;6;0;0;2;2;3;9;
Corey Brewer;;20:34;0;3;0;2;2;2;0;2;2;2;0;0;1;0;2;
Andre Miller;;23:27;4;9;0;0;4;5;0;2;2;6;1;0;3;3;12;
Jordan Hamilton;;16:52;7;9;2;2;0;2;2;2;4;1;1;0;1;1;16;
Evan Fournier;;4:25;2;2;0;0;0;0;0;0;0;0;1;0;1;2;4;
Timofey Mozgov;;4:25;0;0;0;0;0;0;0;0;0;1;0;0;0;0;0;
Anthony Randolph;;4:25;2;3;0;0;0;0;0;1;1;0;0;0;2;0;4;
Quincy Miller;;3:50;0;0;0;0;0;0;0;1;1;2;0;0;0;0;0;
LAC
Caron Butler;F;16:17;2;6;0;2;0;0;0;2;2;1;0;0;1;2;4;
Blake Griffin;F;25:45;6;12;0;0;1;2;3;3;6;6;1;1;1;3;13;
DeAndre Jordan;C;19:07;3;4;0;0;0;2;4;2;6;0;1;2;1;1;6;
Willie Green;G;17:08;4;6;3;4;0;0;1;1;2;0;0;0;1;0;11;
Chris Paul;G;31:37;5;11;2;4;2;2;0;4;4;8;3;0;1;1;14;
Lamar Odom;;30:26;3;7;0;3;0;0;3;7;10;4;1;1;2;5;6;
Jamal Crawford;;30:52;9;21;3;6;1;3;1;2;3;2;1;0;3;2;22;
Matt Barnes;;31:43;8;15;3;5;1;3;3;5;8;3;3;2;1;3;20;
Ronny Turiaf;;16:52;1;2;0;0;0;0;0;2;2;3;1;0;0;2;2;
Eric Bledsoe;;16:23;3;7;0;1;6;7;0;0;0;2;1;0;4;2;12;
Ryan Hollins;;3:50;1;2;0;0;0;0;1;1;2;0;0;0;0;0;2;
