01-15;TOR-BKN;106-113;
27-27;23-27;26-29;30-30;
TOR
Landry Fields;F;40:19;4;6;0;0;0;0;2;9;11;5;2;0;1;3;8;
Ed Davis;F;29:08;6;10;0;0;0;0;2;5;7;2;0;0;2;3;12;
Aaron Gray;C;16:39;2;5;0;0;2;2;0;2;2;3;0;0;3;2;6;
DeMar DeRozan;G;34:05;5;15;0;0;2;2;2;0;2;1;0;0;2;1;12;
Jose Calderon;G;29:13;6;11;3;4;0;0;0;3;3;5;0;0;0;1;15;
Amir Johnson;;26:00;6;7;0;0;3;6;4;2;6;1;1;1;2;4;15;
Kyle Lowry;;14:49;5;7;4;5;7;7;0;1;1;2;0;0;0;5;21;
Alan Anderson;;8:40;0;4;0;1;2;3;0;0;0;0;0;0;1;0;2;
Terrence Ross;;22:59;2;9;0;3;0;0;3;6;9;1;0;0;1;2;4;
Quincy Acy;;6:08;2;2;0;0;2;2;0;0;0;0;0;0;1;0;6;
John Lucas III;;12:00;2;6;0;0;1;1;0;0;0;1;0;0;0;0;5;
BKN
Keith Bogans;F;26:42;3;5;1;3;0;0;0;1;1;3;3;0;0;0;7;
Reggie Evans;F;21:39;1;3;0;0;0;0;0;7;7;0;0;0;2;3;2;
Brook Lopez;C;28:48;6;12;0;0;10;10;3;6;9;0;1;2;0;1;22;
Joe Johnson;G;37:30;9;18;2;5;1;1;3;2;5;5;2;0;0;0;21;
Deron Williams;G;42:37;6;13;1;5;8;8;0;1;1;7;0;0;2;3;21;
Andray Blatche;;18:58;7;10;0;0;0;0;1;1;2;0;0;1;1;2;14;
Jerry Stackhouse;;9:18;0;1;0;1;0;0;0;0;0;1;0;0;0;2;0;
Kris Humphries;;4:34;0;1;0;0;0;0;0;1;1;0;0;0;0;2;0;
MarShon Brooks;;11:51;3;5;0;0;1;3;0;2;2;2;1;0;0;2;7;
CJ Watson;;16:02;2;5;1;1;4;4;0;1;1;1;1;0;0;3;9;
Mirza Teletovic;;21:44;3;8;3;6;1;2;3;1;4;3;1;1;1;3;10;
Damion James;;0:17;0;0;0;0;0;0;0;1;1;0;0;0;0;0;0;
