11-21;NYK-DAL;111-114;
28-24;26-25;26-35;31-30;
NYK
Ronnie Brewer;F;21:58;1;3;1;1;1;2;0;0;0;1;0;0;0;2;4;
Carmelo Anthony;F;40:35;7;16;2;4;7;8;0;6;6;4;1;0;7;6;23;
Tyson Chandler;C;39:26;8;9;0;0;5;7;5;8;13;1;1;1;2;1;21;
Raymond Felton;G;39:17;8;17;2;6;0;0;0;2;2;11;0;0;4;3;18;
Jason Kidd;G;35:46;5;8;5;8;2;2;0;6;6;5;5;0;0;2;17;
J.R. Smith;;32:10;5;13;1;4;3;3;0;3;3;2;1;0;1;2;14;
Steve Novak;;13:14;1;2;1;1;0;0;0;0;0;0;0;0;0;1;3;
Rasheed Wallace;;17:34;4;9;3;7;0;0;0;7;7;1;2;1;0;0;11;
DAL
Shawn Marion;F;33:52;3;6;1;2;0;0;3;4;7;3;2;0;3;1;7;
Troy Murphy;F;17:46;0;3;0;3;2;2;0;5;5;0;0;0;0;0;2;
Chris Kaman;C;27:31;5;10;0;0;0;1;1;4;5;1;0;1;3;4;10;
O.J. Mayo;G;35:50;10;17;3;7;4;5;0;0;0;2;1;0;1;1;27;
Darren Collison;G;33:30;7;11;1;2;4;4;0;2;2;7;1;0;3;0;19;
Elton Brand;;20:21;1;3;0;0;2;2;3;5;8;3;2;0;1;5;4;
Dominique Jones;;14:30;2;9;0;0;0;0;4;2;6;5;0;0;1;1;4;
Vince Carter;;22:50;9;17;5;10;2;3;0;2;2;0;1;0;0;4;25;
Jae Crowder;;20:52;4;6;3;5;1;2;0;4;4;1;1;0;1;1;12;
Dahntay Jones;;12:58;1;3;0;0;2;2;0;3;3;0;0;0;0;1;4;
