12-04;LAL-HOU;105-107;
30-22;28-23;25-28;22-34;
LAL
Metta World Peace;F;35:16;4;7;1;2;0;0;2;2;4;0;1;0;2;4;9;
Antawn Jamison;F;36:33;6;12;3;4;0;0;4;6;10;2;1;3;2;4;15;
Dwight Howard;C;33:37;4;9;0;0;8;16;2;10;12;1;1;4;4;4;16;
Kobe Bryant;G;34:53;14;31;2;9;9;12;1;5;6;2;2;0;3;4;39;
Chris Duhon;G;38:13;2;4;0;1;2;3;2;3;5;7;1;0;3;2;6;
Jodie Meeks;;25:51;2;8;1;5;2;2;0;1;1;2;1;0;2;2;7;
Earl Clark;;11:27;2;2;0;0;0;0;0;3;3;0;0;1;1;1;4;
Darius Morris;;9:47;0;2;0;0;0;0;1;2;3;2;0;0;0;1;0;
Jordan Hill;;14:23;4;8;0;0;1;1;3;6;9;0;0;3;1;3;9;
HOU
Chandler Parsons;F;34:34;5;16;1;7;2;2;2;3;5;4;0;0;2;2;13;
Patrick Patterson;F;27:36;2;5;0;1;2;2;0;2;2;3;0;2;1;3;6;
Omer Asik;C;23:41;5;8;0;0;0;2;4;5;9;0;2;0;0;4;10;
James Harden;G;37:43;3;19;0;4;9;11;5;5;10;6;1;0;4;4;15;
Jeremy Lin;G;19:59;2;8;0;1;0;0;0;2;2;3;0;0;2;4;4;
Marcus Morris;;13:29;0;5;0;3;1;2;3;2;5;0;1;0;0;1;1;
Toney Douglas;;28:01;8;17;3;7;3;4;3;1;4;3;2;0;0;4;22;
Carlos Delfino;;30:38;6;15;3;10;0;0;0;4;4;3;1;0;0;3;15;
Greg Smith;;24:19;7;8;0;1;7;8;4;5;9;0;0;2;1;3;21;
