12-17;MIN-ORL;93-102;
29-27;32-22;17-25;15-28;
MIN
Andrei Kirilenko;F;35:08;5;13;0;3;3;4;2;2;4;6;2;0;2;1;13;
Kevin Love;F;37:59;10;20;2;6;1;2;2;13;15;0;3;0;2;0;23;
Nikola Pekovic;C;35:40;8;18;0;0;3;5;7;5;12;0;0;0;4;4;19;
Alexey Shved;G;28:24;1;8;1;6;0;0;0;0;0;5;0;0;4;2;3;
Luke Ridnour;G;31:44;4;7;2;3;1;1;0;2;2;3;0;0;2;2;11;
Ricky Rubio;;16:28;0;3;0;1;0;0;2;0;2;4;1;0;3;2;0;
Jose Juan Barea;;22:09;4;13;2;5;0;0;0;0;0;6;0;0;0;1;10;
Dante Cunningham;;16:19;5;10;0;0;0;0;2;2;4;1;0;0;0;0;10;
Derrick Williams;;10:07;2;3;0;1;0;0;0;4;4;0;1;0;0;1;4;
Greg Stiemsma;;6:02;0;1;0;0;0;0;0;0;0;0;0;2;0;2;0;
ORL
Maurice Harkless;F;14:59;2;3;1;1;0;0;0;2;2;0;1;0;0;1;5;
Glen Davis;F;32:02;13;17;0;0;2;2;2;3;5;1;2;0;2;4;28;
Nikola Vucevic;C;32:59;7;13;0;0;0;0;2;9;11;2;1;2;3;3;14;
Arron Afflalo;G;30:37;5;11;2;2;1;1;0;5;5;3;1;0;0;1;13;
Jameer Nelson;G;34:48;2;11;0;3;2;2;0;4;4;12;1;0;4;2;6;
JJ Redick;;27:43;8;12;2;4;0;0;0;1;1;7;0;0;1;0;18;
Gustavo Ayon;;17:55;3;3;0;0;3;3;0;3;3;2;1;1;3;5;9;
Josh McRoberts;;22:41;2;5;0;2;0;0;2;2;4;2;1;0;0;0;4;
E'Twaun Moore;;13:12;1;3;1;2;0;0;0;2;2;2;0;0;2;2;3;
Andrew Nicholson;;10:57;0;3;0;0;0;0;0;5;5;0;1;0;2;2;0;
Kyle O'Quinn;;2:07;1;1;0;0;0;0;0;0;0;0;0;0;0;2;2;
