01-15;MIL-LAL;88-104;
27-29;23-28;23-22;15-25;
MIL
Luc Mbah a Moute;F;25:24;3;10;0;2;2;2;2;3;5;0;0;0;0;0;8;
Ersan Ilyasova;F;22:25;3;9;0;2;0;0;3;4;7;0;1;1;1;1;6;
Larry Sanders;C;24:21;3;7;0;0;0;0;4;7;11;2;1;3;0;4;6;
Monta Ellis;G;31:12;6;16;2;8;3;9;2;4;6;4;1;0;3;3;17;
Brandon Jennings;G;29:23;4;14;1;7;3;3;0;1;1;1;1;0;2;1;12;
Ekpe Udoh;;10:37;0;2;0;0;0;0;2;2;4;0;0;0;1;0;0;
Mike Dunleavy;;23:10;3;8;2;4;2;2;1;2;3;0;0;0;2;2;10;
Beno Udrih;;26:22;6;12;1;2;1;2;2;0;2;7;0;0;1;1;14;
John Henson;;17:00;2;8;0;0;1;2;2;3;5;0;0;0;0;1;5;
Marquis Daniels;;13:53;1;5;1;3;0;0;1;3;4;1;0;0;0;1;3;
Samuel Dalembert;;12:08;3;4;0;0;1;2;2;4;6;0;0;0;1;0;7;
Tobias Harris;;4:05;0;0;0;0;0;0;0;0;0;0;0;0;0;0;0;
LAL
Metta World Peace;F;33:18;5;10;2;6;0;0;0;6;6;3;0;2;1;1;12;
Earl Clark;F;24:27;3;7;0;0;0;0;2;7;9;4;0;1;0;4;6;
Dwight Howard;C;40:05;14;18;0;0;3;8;3;13;16;0;0;4;2;3;31;
Kobe Bryant;G;36:40;12;19;3;5;4;4;1;1;2;6;1;0;1;2;31;
Steve Nash;G;32:51;3;10;0;4;2;2;0;2;2;11;2;0;3;3;8;
Antawn Jamison;;28:59;3;8;3;6;1;2;1;7;8;3;1;0;0;2;10;
Darius Morris;;19:04;1;6;1;3;0;0;0;0;0;2;0;0;0;3;3;
Robert Sacre;;7:55;0;1;0;0;0;2;1;1;2;0;0;0;0;2;0;
Chris Duhon;;15:09;1;5;1;5;0;0;0;1;1;1;1;0;0;0;3;
Jodie Meeks;;1:32;0;0;0;0;0;0;0;0;0;0;0;0;1;0;null;
