11-14;CHA-MIN;89-87;
28-24;23-14;18-15;20-34;
CHA
Michael Kidd-Gilchrist;F;16:57;1;4;0;0;0;0;1;1;2;2;0;0;2;3;2;
Byron Mullens;F;33:34;5;12;0;2;2;2;4;11;15;2;1;4;0;5;12;
Brendan Haywood;C;26:31;3;6;0;0;0;0;2;2;4;0;0;2;3;4;6;
Jeff Taylor;G;25:28;3;7;1;3;0;2;0;1;1;0;0;0;2;3;7;
Kemba Walker;G;45:19;9;19;1;3;3;3;0;4;4;5;4;1;5;3;22;
Reggie Williams;;21:19;3;7;2;3;0;0;1;2;3;2;3;0;0;0;8;
Ramon Sessions;;32:09;8;20;0;5;2;5;1;5;6;4;2;0;0;0;18;
Cory Higgins;;2:48;0;1;0;0;0;0;0;0;0;0;0;0;0;1;0;
Tyrus Thomas;;17:41;4;6;0;0;2;2;0;4;4;0;1;3;2;5;10;
Bismack Biyombo;;18:14;2;2;0;0;0;0;0;4;4;0;0;2;1;2;4;
MIN
Andrei Kirilenko;F;44:11;9;12;3;3;5;9;3;9;12;2;1;2;5;1;26;
Derrick Williams;F;23:14;3;12;0;1;4;7;3;6;9;2;0;1;2;1;10;
Greg Stiemsma;C;21:31;0;6;0;0;1;4;1;6;7;0;1;2;3;2;1;
Malcolm Lee;G;35:22;3;12;0;5;4;6;2;2;4;3;1;0;0;2;10;
Luke Ridnour;G;37:10;6;16;1;6;3;5;2;3;5;10;2;0;0;3;16;
Alexey Shved;;23:28;5;10;1;3;2;2;2;0;2;2;0;0;5;0;13;
Dante Cunningham;;28:29;4;9;0;0;0;0;2;5;7;1;1;3;1;2;8;
Lou Amundson;;22:46;1;2;0;0;1;4;4;3;7;0;1;3;1;3;3;
Will Conroy;;3:49;0;2;0;1;0;0;0;0;0;0;0;0;0;0;0;
