12-29;CLE-BKN;100-103;
24-34;29-27;21-18;26-24;
CLE
Alonzo Gee;F;32:04;4;9;0;1;2;2;0;4;4;1;3;0;4;1;10;
Tristan Thompson;F;36:04;5;11;0;0;7;8;9;6;15;1;0;2;2;4;17;
Tyler Zeller;C;27:25;6;14;0;0;0;0;4;3;7;1;0;0;2;6;12;
Dion Waiters;G;32:24;2;8;0;1;1;2;0;2;2;4;3;0;4;1;5;
Kyrie Irving;G;34:54;5;16;1;6;2;2;0;4;4;7;1;0;2;3;13;
Luke Walton;;29:50;2;4;0;2;0;2;0;4;4;6;0;0;2;3;4;
CJ Miles;;34:13;11;15;8;10;3;3;0;2;2;0;0;0;1;5;33;
Jeremy Pargo;;13:06;3;5;0;0;0;0;0;2;2;1;0;0;1;1;6;
BKN
Keith Bogans;F;19:14;1;3;1;2;0;0;0;1;1;1;1;0;2;1;3;
Gerald Wallace;F;37:04;1;6;0;2;5;8;2;8;10;3;2;1;2;1;7;
Brook Lopez;C;35:35;13;20;0;0;9;11;5;6;11;1;0;1;2;5;35;
Joe Johnson;G;41:22;6;13;1;4;2;2;1;1;2;2;3;0;1;1;15;
Deron Williams;G;39:58;5;12;0;3;5;6;0;4;4;7;2;0;1;2;15;
Reggie Evans;;21:42;1;5;0;0;5;6;3;7;10;0;3;0;1;3;7;
Jerry Stackhouse;;17:49;3;5;1;2;1;2;0;0;0;1;0;0;0;1;8;
Andray Blatche;;11:49;2;5;1;1;2;4;1;0;1;0;0;1;2;1;7;
CJ Watson;;8:58;1;2;0;1;0;0;0;0;0;0;0;1;0;1;2;
MarShon Brooks;;6:29;2;4;0;0;0;0;0;0;0;0;1;0;1;0;4;
