02-20;BKN-MIL;97-94;
21-29;21-25;26-22;29-18;
BKN
Gerald Wallace;F;27:12;3;6;0;2;1;2;0;6;6;1;0;0;1;2;7;
Reggie Evans;F;20:47;0;2;0;0;3;4;1;4;5;1;2;0;2;1;3;
Brook Lopez;C;23:28;3;13;0;0;3;4;1;0;1;1;0;1;2;1;9;
Joe Johnson;G;37:48;3;14;0;5;2;2;2;4;6;4;2;0;1;3;8;
Deron Williams;G;33:16;7;16;3;7;6;7;1;1;2;8;1;0;1;3;23;
Andray Blatche;;24:31;5;9;0;0;2;4;3;9;12;1;1;2;0;2;12;
Kris Humphries;;12:21;1;2;0;0;1;1;0;5;5;0;0;1;0;2;3;
CJ Watson;;28:50;7;11;3;4;0;0;0;2;2;6;3;1;2;2;17;
Mirza Teletovic;;7:31;1;6;0;4;0;0;1;1;2;1;1;0;1;2;2;
Keith Bogans;;16:55;2;3;2;3;0;0;0;1;1;0;0;0;0;1;6;
MarShon Brooks;;7:21;2;3;1;1;2;2;0;1;1;0;0;1;1;4;7;
MIL
Luc Mbah a Moute;F;28:46;0;6;0;0;1;2;1;5;6;0;1;0;0;1;1;
Ersan Ilyasova;F;35:44;5;11;2;3;0;0;1;11;12;2;0;2;1;4;12;
Larry Sanders;C;28:49;5;10;0;0;2;3;4;9;13;3;0;5;1;4;12;
Monta Ellis;G;40:10;5;15;0;2;4;9;0;4;4;5;2;0;6;3;14;
Brandon Jennings;G;42:06;12;18;4;6;3;3;0;2;2;11;1;0;4;4;31;
Mike Dunleavy;;24:52;3;7;0;2;4;6;0;6;6;0;0;0;2;5;10;
Beno Udrih;;13:44;2;4;0;1;0;0;0;0;0;1;0;0;2;1;4;
Samuel Dalembert;;7:31;0;0;0;0;3;4;0;2;2;0;1;0;0;1;3;
John Henson;;6:38;1;2;0;0;0;1;0;0;0;0;0;0;0;0;2;
Ekpe Udoh;;11:40;2;2;0;0;1;3;1;2;3;0;0;2;1;1;5;
