11-02;SAC-MIN;80-92;
18-28;23-22;24-20;15-22;
SAC
James Johnson;F;20:45;2;5;0;0;1;2;1;5;6;2;2;0;2;3;5;
Jason Thompson;F;33:31;4;10;0;0;2;2;4;3;7;2;1;2;0;4;10;
DeMarcus Cousins;C;25:19;5;13;0;0;1;1;0;4;4;0;0;0;1;5;11;
Tyreke Evans;G;29:35;3;14;0;1;0;0;2;5;7;5;1;0;2;4;6;
Isaiah Thomas;G;25:45;7;13;3;7;3;4;0;2;2;2;0;0;2;5;20;
Travis Outlaw;;8:07;1;4;0;0;0;0;0;0;0;1;0;1;0;2;2;
Marcus Thornton;;27:39;6;13;0;4;3;3;0;0;0;2;0;0;0;1;15;
Aaron Brooks;;7:09;0;5;0;2;0;0;0;0;0;1;0;0;0;1;0;
Charles Hayes;;20:09;1;3;0;0;1;2;3;8;11;2;0;1;1;3;3;
Thomas Robinson;;11:35;0;1;0;0;2;2;0;4;4;0;2;0;1;2;2;
Francisco Garcia;;15:20;0;3;0;1;0;0;1;0;1;0;1;0;0;2;0;
Jimmer Fredette;;15:06;3;5;0;1;0;0;0;1;1;0;0;0;2;2;6;
MIN
Andrei Kirilenko;F;30:36;4;7;0;0;2;3;2;5;7;5;0;1;2;0;10;
Derrick Williams;F;21:10;3;12;0;1;2;4;4;3;7;0;0;1;0;1;8;
Nikola Pekovic;C;31:49;2;8;0;0;5;8;3;2;5;0;0;1;1;2;9;
Brandon Roy;G;30:14;4;14;0;5;2;4;2;3;5;6;1;0;1;0;10;
Luke Ridnour;G;20:29;4;7;1;2;0;0;0;3;3;1;1;1;2;2;9;
Alexey Shved;;15:03;0;3;0;2;0;0;0;1;1;0;0;1;1;2;0;
Chase Budinger;;21:29;3;12;0;5;3;3;2;3;5;0;0;1;2;1;9;
Jose Juan Barea;;27:31;6;11;1;2;8;8;1;3;4;5;1;0;1;1;21;
Dante Cunningham;;25:28;3;6;0;0;1;2;1;8;9;0;0;0;1;5;7;
Greg Stiemsma;;16:11;3;7;0;0;3;4;2;5;7;0;1;4;0;3;9;
