11-04;DET-LAL;79-108;
13-34;21-28;21-24;24-22;
DET
Tayshaun Prince;F;24:07;3;8;0;0;3;4;0;2;2;0;0;1;1;1;9;
Jason Maxiell;F;19:11;3;7;0;0;2;2;3;3;6;0;0;0;2;2;8;
Greg Monroe;C;26:18;4;10;0;0;0;0;2;5;7;1;4;1;1;2;8;
Rodney Stuckey;G;25:11;0;6;0;1;0;0;0;1;1;3;0;0;0;2;0;
Brandon Knight;G;23:05;1;8;0;1;0;0;0;1;1;6;0;0;5;0;2;
Jonas Jerebko;;28:49;5;9;1;2;7;9;2;0;2;2;1;0;1;1;18;
Kim English;;20:22;2;5;2;4;2;2;0;1;1;0;0;1;2;3;8;
Andre Drummond;;21:42;2;6;0;0;1;2;4;3;7;0;0;2;1;2;5;
Kyle Singler;;26:20;4;9;1;4;2;2;1;4;5;2;0;0;1;5;11;
Will Bynum;;24:55;4;11;0;1;2;2;1;0;1;5;0;0;2;2;10;
LAL
Metta World Peace;F;30:25;7;11;3;6;1;2;1;4;5;4;1;0;2;1;18;
Pau Gasol;F;32:30;6;16;0;1;2;2;3;2;5;2;0;3;1;3;14;
Dwight Howard;C;32:50;12;14;0;0;4;9;4;3;7;0;2;3;4;1;28;
Kobe Bryant;G;31:43;5;10;3;5;2;2;0;7;7;8;1;0;1;4;15;
Steve Blake;G;30:05;2;4;2;3;0;0;0;5;5;6;5;0;2;2;6;
Jordan Hill;;19:08;3;4;0;0;5;5;4;3;7;0;1;1;0;2;11;
Devin Ebanks;;11:37;0;6;0;2;2;2;2;1;3;1;0;0;1;2;2;
Darius Morris;;14:55;2;5;1;1;1;2;1;0;1;2;0;0;1;0;6;
Antawn Jamison;;19:04;2;4;1;3;1;2;0;5;5;1;1;0;1;1;6;
Robert Sacre;;7:19;1;1;0;0;0;0;0;0;0;0;0;1;2;3;2;
Jodie Meeks;;4:14;0;2;0;1;0;0;0;0;0;0;0;0;0;0;0;
Chris Duhon;;4:14;0;0;0;0;0;0;1;0;1;3;0;0;0;0;0;
Earl Clark;;1:56;0;0;0;0;0;0;0;0;0;0;0;0;0;1;0;
