03-01;MEM-MIA;91-98;
20-16;21-26;25-25;25-31;
MEM
Tayshaun Prince;F;35:08;2;6;0;1;0;0;0;1;1;4;0;1;0;1;4;
Zach Randolph;F;37:01;6;16;0;0;2;4;4;5;9;1;1;0;3;4;14;
Marc Gasol;C;35:57;8;13;0;1;8;8;2;7;9;4;0;1;2;4;24;
Tony Allen;G;27:31;2;7;0;0;5;6;2;2;4;0;0;0;1;2;9;
Mike Conley;G;34:09;6;13;2;4;0;0;0;4;4;8;2;0;2;4;14;
Ed Davis;;10:21;1;2;0;0;1;4;0;3;3;0;0;0;1;3;3;
Jerryd Bayless;;16:40;2;4;0;1;0;0;1;3;4;3;0;0;0;0;4;
Quincy Pondexter;;20:46;2;3;1;2;5;5;0;1;1;3;1;0;1;1;10;
Austin Daye;;10:25;2;7;1;4;0;0;1;2;3;0;0;1;1;3;5;
Darrell Arthur;;12:03;2;6;0;0;0;0;0;0;0;0;0;0;1;2;4;
MIA
LeBron James;F;42:06;4;14;2;4;8;12;1;7;8;10;2;1;1;1;18;
Udonis Haslem;F;16:01;2;5;0;0;0;0;1;1;2;0;0;0;0;1;4;
Chris Bosh;C;32:31;6;12;0;1;1;2;0;6;6;1;0;0;3;2;13;
Dwyane Wade;G;35:42;9;16;0;1;4;6;2;2;4;8;2;1;2;2;22;
Mario Chalmers;G;18:26;3;6;2;3;1;1;0;0;0;2;1;0;1;3;9;
Norris Cole;;20:18;1;4;0;0;2;2;0;2;2;2;2;0;0;1;4;
Shane Battier;;26:16;4;5;4;5;2;2;1;1;2;2;0;0;0;2;14;
Ray Allen;;28:38;4;9;2;5;0;0;0;6;6;1;0;0;0;4;10;
Chris Andersen;;15:29;1;2;0;0;2;2;0;4;4;0;0;1;0;3;4;
Rashard Lewis;;4:12;0;0;0;0;0;0;0;1;1;0;0;0;0;0;0;
Joel Anthony;;0:22;0;0;0;0;0;0;0;0;0;0;0;0;0;0;0;
