02-06;CHA-CLE;95-122;
21-32;20-33;26-35;28-22;
CHA
Jeff Taylor;F;24:28;4;6;2;2;0;1;0;1;1;0;1;0;1;0;10;
Jeff Adrien;F;8:25;1;4;0;0;0;0;0;0;0;2;0;0;0;0;2;
Bismack Biyombo;C;27:42;2;3;0;0;0;2;4;4;8;1;0;2;1;1;4;
Gerald Henderson;G;28:43;5;10;0;0;2;2;1;3;4;1;1;1;1;1;12;
Kemba Walker;G;24:26;2;11;0;2;1;3;0;0;0;4;1;0;0;0;5;
Byron Mullens;;17:52;4;7;3;5;4;5;0;7;7;3;0;1;1;0;15;
Ramon Sessions;;27:13;5;10;0;0;4;4;0;3;3;3;1;0;5;0;14;
Brendan Haywood;;17:10;2;4;0;0;2;5;4;2;6;2;1;0;0;2;6;
Ben Gordon;;15:02;2;5;1;3;2;2;0;0;0;2;0;0;2;3;7;
Tyrus Thomas;;24:51;5;9;0;1;0;1;0;2;2;1;0;1;1;3;10;
Reggie Williams;;18:24;2;5;0;2;0;0;0;4;4;2;0;0;1;0;4;
Hakim Warrick;;5:44;3;5;0;0;0;0;0;2;2;0;0;0;0;0;6;
CLE
Alonzo Gee;F;23:05;3;7;1;3;1;2;1;2;3;2;0;0;0;2;8;
Tristan Thompson;F;24:20;7;8;0;0;3;4;2;7;9;3;0;3;0;2;17;
Tyler Zeller;C;21:54;4;6;0;0;0;0;1;5;6;3;0;1;0;4;8;
Dion Waiters;G;23:32;9;14;0;3;1;2;0;1;1;5;1;0;2;2;19;
Kyrie Irving;G;28:15;8;12;5;5;1;1;0;4;4;3;1;0;1;0;22;
Marreese Speights;;19:14;5;10;0;0;1;2;2;8;10;0;0;1;3;2;11;
CJ Miles;;16:05;3;7;0;2;0;0;0;2;2;2;0;0;0;2;6;
Luke Walton;;19:04;3;5;0;1;0;0;2;1;3;5;2;0;0;3;6;
Shaun Livingston;;24:11;1;2;0;0;2;2;0;0;0;6;1;0;0;0;4;
Wayne Ellington;;23:08;7;12;2;7;0;0;1;4;5;3;1;0;0;0;16;
Daniel Gibson;;5:44;1;3;1;2;0;0;0;0;0;0;0;0;0;0;3;
Kevin Jones;;5:44;1;4;0;0;0;0;1;1;2;1;0;0;0;1;2;
Omri Casspi;;5:44;0;2;0;1;0;0;0;0;0;0;0;0;0;2;0;
