03-12;NOH-BKN;98-108;
19-28;29-29;30-23;20-28;
NOH
Al-Farouq Aminu;F;22:13;1;4;0;0;0;0;0;3;3;0;0;0;1;3;2;
Anthony Davis;F;37:14;9;14;0;0;1;3;4;7;11;2;1;5;1;3;19;
Robin Lopez;C;37:10;6;10;0;0;3;3;5;3;8;0;0;1;2;4;15;
Eric Gordon;G;32:34;8;17;3;8;5;5;0;0;0;3;1;0;1;1;24;
Greivis Vasquez;G;40:03;6;15;1;5;0;0;0;1;1;14;1;0;3;3;13;
Lou Amundson;;3:52;0;1;0;0;0;0;0;0;0;0;0;0;0;3;0;
Roger Mason Jr.;;24:23;3;6;1;3;0;0;0;3;3;2;0;1;1;1;7;
Darius Miller;;12:42;0;1;0;0;0;0;0;1;1;0;1;1;1;3;0;
Brian Roberts;;12:05;3;6;0;0;0;0;0;0;0;1;0;0;1;2;6;
Lance Thomas;;17:44;4;4;0;0;4;4;2;2;4;1;2;1;2;2;12;
BKN
Gerald Wallace;F;28:35;3;9;0;1;7;9;5;3;8;0;2;0;0;1;13;
Reggie Evans;F;23:10;3;5;0;0;0;0;7;6;13;0;0;0;2;4;6;
Brook Lopez;C;32:20;10;15;0;0;6;8;1;4;5;0;1;3;0;1;26;
CJ Watson;G;33:21;1;5;1;2;1;2;1;3;4;1;1;0;2;1;4;
Deron Williams;G;39:05;7;19;2;8;5;7;0;2;2;13;3;0;2;2;21;
Keith Bogans;;17:17;1;3;1;3;0;0;0;0;0;0;0;0;1;0;3;
Tyshawn Taylor;;3:18;0;1;0;1;0;0;0;1;1;0;0;0;1;0;0;
MarShon Brooks;;22:23;5;6;0;0;4;5;1;2;3;0;0;0;0;2;14;
Andray Blatche;;28:33;9;15;0;0;0;0;4;1;5;3;0;1;0;1;18;
Mirza Teletovic;;11:57;1;2;1;1;0;0;0;1;1;0;1;0;1;2;3;
