11-26;DEN-UTA;103-105;
35-24;30-30;19-30;19-21;
DEN
Danilo Gallinari;F;27:32;4;10;2;4;2;3;0;3;3;3;0;0;2;4;12;
Kenneth Faried;F;36:27;8;12;0;0;5;6;4;5;9;2;1;1;1;4;21;
Kosta Koufos;C;27:41;3;4;0;0;1;3;2;7;9;0;0;1;2;4;7;
Andre Iguodala;G;24:45;5;9;0;1;0;2;0;3;3;4;2;0;3;2;10;
Ty Lawson;G;37:53;7;17;0;4;2;4;3;2;5;9;2;0;1;0;16;
Corey Brewer;;29:51;4;5;2;2;2;2;1;1;2;1;1;1;0;2;12;
JaVale McGee;;20:01;4;5;0;0;2;6;1;2;3;1;0;2;1;4;10;
Andre Miller;;22:13;2;7;0;1;4;6;1;0;1;1;0;0;4;1;8;
Timofey Mozgov;;6:60;2;2;0;0;0;0;1;0;1;0;0;0;1;2;4;
Evan Fournier;;6:37;1;2;1;2;0;0;0;2;2;1;0;0;2;3;3;
UTA
Marvin Williams;F;23:25;3;7;2;4;0;0;0;1;1;4;0;0;1;2;8;
Paul Millsap;F;23:39;2;5;0;0;1;3;0;5;5;1;1;0;1;3;5;
Al Jefferson;C;33:26;10;15;0;0;8;10;2;3;5;0;0;0;1;2;28;
Randy Foye;G;22:05;3;9;2;6;3;3;0;0;0;1;2;0;1;2;11;
Jamaal Tinsley;G;35:18;6;9;3;6;0;0;0;2;2;6;2;2;3;4;15;
Earl Watson;;12:42;2;3;1;1;0;0;0;0;0;1;0;0;1;5;5;
Gordon Hayward;;27:40;1;8;0;3;2;3;1;2;3;1;2;2;2;0;4;
Derrick Favors;;24:21;6;8;0;0;7;9;5;2;7;2;0;2;2;4;19;
Enes Kanter;;14:31;1;5;0;0;1;2;2;1;3;2;1;0;0;3;3;
DeMarre Carroll;;22:54;2;9;0;2;3;4;3;2;5;1;1;0;0;5;7;
