03-07;LAC-DEN;92-107;
25-27;24-22;26-36;17-22;
LAC
Caron Butler;F;27:29;3;9;2;6;0;0;0;2;2;2;0;0;0;1;8;
Blake Griffin;F;33:17;7;12;0;0;3;3;1;1;2;2;1;0;3;3;17;
DeAndre Jordan;C;24:32;3;6;0;0;1;3;2;4;6;0;0;2;0;1;7;
Chauncey Billups;G;19:33;2;6;2;4;2;2;0;4;4;0;0;0;1;3;8;
Chris Paul;G;37:36;6;11;2;4;2;3;1;3;4;10;0;0;1;1;16;
Matt Barnes;;35:55;8;20;0;5;3;3;0;0;0;3;1;1;0;2;19;
Lamar Odom;;16:00;3;9;1;1;1;1;4;6;10;1;1;0;1;2;8;
Grant Hill;;16:16;1;4;0;0;0;0;0;3;3;0;1;0;1;1;2;
Eric Bledsoe;;15:21;2;5;0;1;1;1;2;2;4;2;1;0;3;2;5;
Willie Green;;14:02;1;3;0;1;0;0;0;1;1;1;0;0;1;1;2;
DEN
Danilo Gallinari;F;34:41;8;15;2;4;2;3;0;5;5;6;2;1;1;1;20;
Kenneth Faried;F;33:27;4;6;0;0;3;4;3;7;10;2;1;4;1;2;11;
Kosta Koufos;C;19:29;3;3;0;0;0;0;0;3;3;0;1;2;1;1;6;
Andre Iguodala;G;38:34;5;10;2;6;2;2;0;3;3;7;2;1;1;2;14;
Ty Lawson;G;34:44;9;15;3;6;0;0;1;5;6;11;1;0;0;1;21;
Corey Brewer;;19:14;5;11;1;3;0;0;1;2;3;1;0;0;2;1;11;
JaVale McGee;;13:44;0;1;0;0;0;0;0;2;2;0;0;2;2;4;0;
Wilson Chandler;;25:38;5;8;2;2;0;0;1;3;4;5;0;0;2;4;12;
Andre Miller;;20:29;4;8;1;2;3;3;1;1;2;1;0;0;1;1;12;
