12-28;PHI-GSW;89-96;
24-25;18-32;29-23;18-16;
PHI
Dorell Wright;F;22:58;3;9;1;5;1;2;0;5;5;1;1;3;0;1;8;
Thaddeus Young;F;37:28;9;16;0;0;1;2;0;10;10;4;5;0;1;2;19;
Lavoy Allen;C;30:07;4;6;0;0;3;4;4;3;7;1;0;0;1;4;11;
Evan Turner;G;32:54;5;14;0;1;0;2;0;5;5;4;4;0;3;1;10;
Jrue Holiday;G;40:17;7;19;1;4;6;7;1;1;2;10;2;0;2;1;21;
Spencer Hawes;;9:17;1;3;0;1;0;0;0;1;1;1;0;0;2;5;2;
Royal Ivey;;25:07;1;2;1;2;2;4;1;0;1;0;1;0;0;2;5;
Nick Young;;25:36;5;17;2;7;1;2;2;2;4;3;0;0;0;1;13;
Kwame Brown;;16:16;0;1;0;0;0;0;1;7;8;1;1;0;0;2;0;
GSW
Harrison Barnes;F;15:30;4;8;0;1;2;2;0;2;2;0;0;0;2;0;10;
David Lee;F;38:26;9;19;0;0;7;9;1;11;12;1;0;0;4;1;25;
Festus Ezeli;C;10:13;0;0;0;0;0;0;2;3;5;0;0;0;0;3;0;
Klay Thompson;G;38:58;5;14;4;7;0;0;0;1;1;3;2;1;2;2;14;
Stephen Curry;G;39:23;5;11;1;4;0;0;0;5;5;6;1;0;4;3;11;
Andris Biedrins;;14:40;1;1;0;0;1;1;1;6;7;1;0;1;1;4;3;
Jarrett Jack;;32:30;6;14;2;4;2;3;0;4;4;6;1;0;3;2;16;
Carl Landry;;27:53;4;10;0;0;7;9;4;7;11;0;0;1;0;3;15;
Draymond Green;;13:29;0;2;0;1;0;0;1;4;5;1;0;0;1;1;0;
Charles Jenkins;;8:58;0;1;0;0;2;2;0;0;0;2;1;0;1;0;2;
