11-25;POR-BKN;85-98;
27-25;23-21;20-24;15-28;
POR
Nicolas Batum;F;37:46;5;13;1;5;1;1;0;5;5;3;0;1;1;0;12;
Meyers Leonard;F;28:40;6;10;0;0;0;0;0;3;3;0;0;1;0;4;12;
JJ Hickson;C;33:07;8;11;0;0;3;4;6;4;10;1;0;1;1;0;19;
Wesley Matthews;G;37:14;8;18;3;7;1;2;0;3;3;3;3;0;2;1;20;
Damian Lillard;G;31:09;4;12;3;5;2;2;1;5;6;7;2;2;4;4;13;
Joel Freeland;;12:35;0;2;0;0;0;0;0;1;1;0;1;0;2;2;0;
Ronnie Price;;16:45;0;4;0;0;0;0;0;0;0;3;0;0;1;2;0;
Jared Jeffries;;18:60;0;3;0;0;2;2;1;2;3;3;0;0;2;3;2;
Will Barton;;9:09;1;3;0;0;0;0;1;1;2;1;1;0;1;0;2;
Luke Babbitt;;2:38;0;0;0;0;0;0;0;0;0;0;0;0;0;0;0;
Sasha Pavlovic;;10:25;1;1;0;0;0;0;0;1;1;0;1;1;2;3;2;
Nolan Smith;;1:32;1;1;0;0;1;2;0;0;0;1;0;0;0;0;3;
BKN
Gerald Wallace;F;27:10;1;8;0;3;0;0;0;1;1;0;1;0;0;1;2;
Kris Humphries;F;23:38;7;9;0;0;0;1;4;6;10;1;2;1;1;1;14;
Brook Lopez;C;27:54;7;14;0;0;1;1;2;6;8;0;0;2;2;3;15;
Joe Johnson;G;38:08;10;19;1;4;0;1;1;0;1;4;1;0;3;0;21;
Deron Williams;G;33:27;4;13;2;5;5;6;0;2;2;12;3;4;1;0;15;
Keith Bogans;;17:54;2;4;1;2;0;0;0;0;0;0;1;0;1;1;5;
Andray Blatche;;20:06;3;11;0;1;7;8;6;2;8;1;0;2;0;0;13;
CJ Watson;;13:01;2;6;1;2;0;0;1;0;1;3;1;0;1;1;5;
Reggie Evans;;22:39;0;1;0;0;2;2;2;12;14;2;1;0;1;3;2;
MarShon Brooks;;12:59;2;5;0;0;0;2;1;2;3;3;0;0;2;0;4;
Josh Childress;;1:32;0;0;0;0;0;0;0;0;0;0;0;0;0;0;0;
Tyshawn Taylor;;1:32;1;2;0;0;0;0;0;0;0;0;0;0;0;1;2;
