02-11;ATL-DAL;105-101;
31-23;18-25;33-33;23-20;
ATL
Anthony Tolliver;F;24:22;0;4;0;3;1;2;0;5;5;1;0;0;0;1;1;
Josh Smith;F;39:32;10;15;4;5;2;4;2;11;13;6;1;0;5;5;26;
Al Horford;C;34:49;10;14;0;0;1;2;1;9;10;2;3;2;1;3;21;
Devin Harris;G;31:48;5;11;3;8;2;2;0;0;0;5;1;0;3;3;15;
Jeff Teague;G;36:38;7;14;0;3;6;7;0;4;4;9;1;0;3;3;20;
Kyle Korver;;30:25;3;6;2;4;2;2;2;2;4;1;1;0;1;2;10;
John Jenkins;;15:55;2;4;0;2;0;0;0;1;1;0;0;0;2;1;4;
Zaza Pachulia;;16:13;3;7;0;0;2;4;3;7;10;1;0;0;2;2;8;
DeShawn Stevenson;;5:51;0;1;0;1;0;0;0;0;0;0;0;0;0;0;0;
Ivan Johnson;;4:27;0;1;0;0;0;0;0;1;1;1;0;0;1;0;0;
DAL
Shawn Marion;F;29:24;3;10;1;1;3;3;3;2;5;0;0;0;2;1;10;
Dirk Nowitzki;F;35:45;8;14;3;4;5;6;1;6;7;2;2;1;0;2;24;
Bernard James;C;7:19;0;1;0;0;0;2;0;3;3;1;1;0;0;0;0;
O.J. Mayo;G;38:10;9;20;1;3;0;0;0;2;2;1;0;0;4;4;19;
Darren Collison;G;33:15;5;13;0;4;4;4;2;3;5;10;1;0;2;4;14;
Vince Carter;;23:23;4;10;4;5;1;2;0;5;5;3;0;0;2;2;13;
Elton Brand;;20:39;2;5;0;0;2;2;0;3;3;0;2;1;0;3;6;
Rodrigue Beaubois;;14:45;0;3;0;0;0;0;0;1;1;5;1;0;0;1;0;
Jae Crowder;;12:17;2;5;0;3;0;0;0;1;1;1;1;0;1;2;4;
Mike James;;4:40;0;2;0;1;0;0;0;0;0;1;0;0;0;1;0;
Brandan Wright;;19:56;5;6;0;0;1;1;2;3;5;1;1;1;0;0;11;
Dahntay Jones;;0:27;0;0;0;0;0;0;0;0;0;0;0;0;0;0;0;
