12-01;BOS-MIL;88-91;
27-11;21-36;21-22;19-22;
BOS
Paul Pierce;F;36:33;6;16;1;4;6;8;1;4;5;6;3;1;3;2;19;
Brandon Bass;F;27:02;2;6;0;0;0;0;3;5;8;1;1;0;1;1;4;
Kevin Garnett;C;31:19;6;11;0;0;5;6;0;7;7;4;1;1;3;1;17;
Jason Terry;G;40:12;5;17;2;9;3;3;0;3;3;11;3;0;1;0;15;
Courtney Lee;G;39:36;6;11;1;2;0;0;1;2;3;2;0;0;3;5;13;
Jason Collins;;13:47;0;2;0;0;0;0;2;3;5;0;0;1;1;3;0;
Jared Sullinger;;13:40;1;4;0;0;0;0;1;4;5;0;0;3;1;3;2;
Jeff Green;;22:36;8;11;2;3;0;0;3;3;6;0;0;1;2;3;18;
Leandro Barbosa;;12:40;0;4;0;1;0;0;0;0;0;2;0;1;1;0;0;
Chris Wilcox;;2:35;0;0;0;0;0;0;0;1;1;0;0;1;0;1;0;
MIL
Marquis Daniels;F;35:36;4;9;0;1;0;0;1;1;2;5;1;0;3;2;8;
John Henson;F;13:28;2;4;0;0;1;4;0;2;2;1;1;0;1;1;5;
Ekpe Udoh;C;15:08;2;3;0;0;1;2;0;1;1;0;1;0;1;3;5;
Monta Ellis;G;39:59;6;20;0;3;5;5;0;4;4;7;2;0;3;0;17;
Brandon Jennings;G;39:55;5;12;3;5;0;0;1;5;6;2;0;0;2;2;13;
Larry Sanders;;32:52;7;11;0;0;4;5;4;12;16;1;1;5;0;2;18;
Ersan Ilyasova;;33:37;5;11;1;3;4;4;1;4;5;4;0;1;1;1;15;
Doron Lamb;;15:24;1;3;0;1;0;0;0;0;0;2;0;0;2;1;2;
Luc Mbah a Moute;;14:01;4;6;0;0;0;0;2;4;6;2;0;0;1;1;8;
