03-01;GSW-BOS;86-94;
20-31;26-19;16-19;24-25;
GSW
Harrison Barnes;F;39:18;7;17;0;2;2;3;3;3;6;0;3;0;2;2;16;
David Lee;F;38:32;4;13;0;0;2;4;5;14;19;4;1;0;0;3;10;
Andris Biedrins;C;11:12;0;0;0;0;0;0;1;4;5;1;1;0;0;1;0;
Klay Thompson;G;40:50;7;19;1;7;0;0;0;9;9;4;0;1;2;5;15;
Stephen Curry;G;42:03;6;22;3;11;10;10;0;1;1;6;1;0;4;2;25;
Carl Landry;;21:25;5;10;0;0;1;2;3;1;4;1;0;0;1;3;11;
Jarrett Jack;;18:36;1;9;0;2;0;1;0;3;3;1;0;0;1;1;2;
Draymond Green;;7:41;0;1;0;0;2;2;0;1;1;0;0;0;0;1;2;
Festus Ezeli;;16:22;1;2;0;0;0;0;1;4;5;0;0;0;0;5;2;
Kent Bazemore;;0:35;0;0;0;0;0;0;0;0;0;0;0;0;1;0;0;
Richard Jefferson;;3:26;1;1;1;1;0;0;0;1;1;0;0;0;0;1;3;
BOS
Paul Pierce;F;36:24;9;15;1;3;7;11;0;8;8;4;1;0;7;0;26;
Brandon Bass;F;27:26;3;5;0;0;2;3;0;4;4;3;0;1;0;1;8;
Kevin Garnett;C;31:42;2;10;0;0;3;5;0;13;13;3;1;1;3;2;7;
Courtney Lee;G;25:31;3;5;0;1;2;2;0;0;0;4;2;0;3;4;8;
Avery Bradley;G;21:20;3;6;1;2;1;1;0;0;0;2;2;0;0;5;8;
Chris Wilcox;;21:53;4;4;0;0;0;2;2;5;7;0;0;0;1;2;8;
Jeff Green;;27:29;8;13;0;3;2;2;0;5;5;2;0;3;2;3;18;
Jason Terry;;29:48;2;11;1;5;2;2;0;1;1;4;0;0;0;1;7;
Jordan Crawford;;17:04;2;6;0;1;0;0;0;5;5;2;0;0;1;2;4;
Terrence Williams;;1:24;0;0;0;0;0;0;0;1;1;0;0;0;0;0;0;
