01-21;SAS-PHI;90-85;
25-17;24-18;22-29;19-21;
SAS
Kawhi Leonard;F;34:37;6;13;2;5;2;4;2;5;7;0;2;0;1;2;16;
Tim Duncan;F;34:11;10;17;0;0;4;4;4;13;17;5;2;1;2;2;24;
Tiago Splitter;C;29:26;4;9;0;0;2;4;2;10;12;0;2;1;1;1;10;
Danny Green;G;28:09;2;7;0;5;2;2;0;4;4;0;1;1;1;3;6;
Tony Parker;G;34:31;8;15;0;2;4;5;0;2;2;8;0;0;5;0;20;
Boris Diaw;;17:52;2;5;1;1;1;2;0;1;1;3;0;0;2;0;6;
Stephen Jackson;;null;0;6;0;3;1;2;0;0;0;1;1;0;0;2;1;
Nando De Colo;;13:30;1;2;0;0;0;0;0;3;3;4;0;0;0;0;2;
Gary Neal;;23:17;1;5;0;1;3;3;0;0;0;1;0;0;2;2;5;
Matt Bonner;;9:36;0;2;0;1;0;0;1;0;1;0;0;0;0;0;0;
PHI
Dorell Wright;F;16:26;1;5;0;3;1;2;0;4;4;3;0;0;0;1;3;
Thaddeus Young;F;38:42;7;14;0;0;0;2;1;5;6;2;0;3;3;3;14;
Lavoy Allen;C;17:22;1;3;0;0;0;0;3;5;8;0;1;0;0;2;2;
Evan Turner;G;42:24;8;15;1;2;1;1;1;11;12;7;0;0;3;4;18;
Jrue Holiday;G;37:19;7;20;0;1;1;1;0;2;2;8;4;0;6;0;15;
Spencer Hawes;;34:38;7;12;1;2;1;2;1;5;6;4;1;3;1;1;16;
Nick Young;;30:39;4;10;1;4;3;3;0;3;3;1;0;0;1;4;12;
Damien Wilkins;;4:08;0;1;0;0;0;0;1;0;1;0;0;0;0;0;0;
Royal Ivey;;15:52;1;3;1;2;0;0;0;0;0;0;0;0;1;1;3;
Shelvin Mack;;2:31;1;1;0;0;0;0;0;0;0;0;0;0;1;0;2;
