01-26;GSW-MIL;102-109;
26-23;29-28;19-35;28-23;
GSW
Harrison Barnes;F;13:18;2;3;1;2;2;2;0;1;1;0;1;0;2;2;7;
David Lee;F;37:56;6;18;0;0;0;0;2;13;15;5;1;0;2;3;12;
Festus Ezeli;C;10:32;0;2;0;0;0;0;1;1;2;0;0;0;3;1;0;
Klay Thompson;G;38:36;8;21;3;11;0;0;0;3;3;1;2;0;1;3;19;
Stephen Curry;G;36:50;8;19;5;9;5;5;2;0;2;7;1;0;2;2;26;
Andris Biedrins;;13:48;0;0;0;0;0;0;2;4;6;0;0;3;0;2;0;
Jarrett Jack;;34:32;5;12;3;3;0;0;1;2;3;10;1;1;1;3;13;
Carl Landry;;31:23;5;9;0;0;3;3;4;10;14;1;0;0;2;5;13;
Draymond Green;;10:09;1;3;0;1;1;1;0;1;1;0;1;0;1;2;3;
Richard Jefferson;;12:37;4;6;1;2;0;0;0;2;2;1;1;0;1;2;9;
Charles Jenkins;;0:10;0;0;0;0;0;0;0;0;0;0;0;0;0;0;0;
Kent Bazemore;;0:10;0;0;0;0;0;0;0;1;1;0;0;0;0;0;0;
MIL
Luc Mbah a Moute;F;27:47;3;12;0;0;2;6;4;5;9;2;0;0;0;1;8;
Ersan Ilyasova;F;34:31;7;17;2;6;2;2;5;7;12;3;2;0;1;2;18;
Larry Sanders;C;29:30;7;9;0;0;2;2;5;6;11;1;0;3;1;4;16;
Monta Ellis;G;38:28;7;20;1;5;5;6;0;4;4;4;2;1;4;2;20;
Brandon Jennings;G;38:14;6;15;5;8;3;4;3;3;6;7;0;0;1;2;20;
Beno Udrih;;20:53;4;12;2;5;0;0;2;2;4;5;0;0;1;1;10;
Ekpe Udoh;;9:01;0;0;0;0;0;0;1;1;2;1;1;1;1;0;0;
Mike Dunleavy;;17:03;4;9;3;6;0;0;0;3;3;1;1;0;1;1;11;
Samuel Dalembert;;18:30;2;4;0;0;0;0;2;4;6;0;1;2;1;2;4;
Marquis Daniels;;6:03;1;3;0;0;0;0;0;1;1;0;0;0;1;0;2;
