11-21;WAS-ATL;100-101;
24-26;23-24;19-18;24-22;10-11;
WAS
Bradley Beal;F;26:09;3;8;0;3;0;0;3;2;5;4;1;1;5;6;6;
Jan Vesely;F;8:24;0;1;0;0;0;0;1;2;3;0;0;0;1;4;0;
Kevin Seraphin;C;33:16;10;21;0;0;1;2;3;7;10;1;0;2;1;3;21;
Jordan Crawford;G;19:46;4;8;1;2;0;0;1;3;4;1;0;0;2;1;9;
Shaun Livingston;G;21:40;1;5;0;2;0;0;0;1;1;4;0;1;1;1;2;
Chris Singleton;;29:24;3;3;1;1;1;2;0;5;5;0;1;0;2;4;8;
Martell Webster;;20:10;4;8;2;4;0;0;2;5;7;0;2;1;3;2;10;
A.J. Price;;31:24;6;11;1;3;1;1;2;1;3;7;0;0;1;2;14;
Trevor Ariza;;39:48;3;14;2;5;4;4;4;11;15;1;3;0;3;1;12;
Nene;;19:43;2;5;0;0;8;10;0;1;1;0;1;1;1;3;12;
Emeka Okafor;;15:17;2;5;0;0;2;5;3;1;4;2;0;0;0;0;6;
ATL
Kyle Korver;F;44:38;5;12;5;12;1;1;0;2;2;1;1;0;1;5;16;
Josh Smith;F;43:07;11;19;0;0;3;3;3;9;12;1;2;4;6;6;25;
Al Horford;C;43:40;7;17;0;0;1;10;2;7;9;10;1;1;1;3;15;
Devin Harris;G;34:27;4;8;3;6;2;2;1;2;3;5;2;0;1;0;13;
Jeff Teague;G;45:41;6;18;0;2;2;2;0;1;1;7;2;0;0;3;14;
Lou Williams;;16:56;4;10;1;4;0;0;0;0;0;3;1;0;1;1;9;
Zaza Pachulia;;18:30;2;4;0;0;3;3;3;3;6;2;2;0;1;3;7;
DeShawn Stevenson;;8:35;1;2;0;1;0;0;1;3;4;1;0;0;0;1;2;
Anthony Morrow;;3:56;0;1;0;0;0;0;0;0;0;0;0;0;0;2;0;
Ivan Johnson;;5:31;0;1;0;0;0;0;0;0;0;0;1;0;2;1;0;
