11-21;CHI-HOU;89-93;
22-20;24-22;19-24;24-27;
CHI
Luol Deng;F;42:24;7;20;1;4;4;4;3;7;10;2;3;0;3;0;19;
Carlos Boozer;F;25:25;6;14;0;0;1;2;3;12;15;0;1;1;1;3;13;
Joakim Noah;C;40:04;5;9;0;0;1;4;4;3;7;4;2;4;2;4;11;
Richard Hamilton;G;17:28;2;10;0;2;0;0;0;1;1;1;2;0;0;2;4;
Kirk Hinrich;G;22:43;2;5;0;1;0;2;0;0;0;6;0;0;4;4;4;
Jimmy Butler;;30:15;3;7;0;2;2;3;1;3;4;1;1;1;0;2;8;
Taj Gibson;;30:31;4;7;0;0;1;2;2;4;6;1;2;0;2;2;9;
Nate Robinson;;25:34;9;22;1;7;2;2;3;2;5;5;0;0;2;5;21;
Marco Belinelli;;5:36;0;1;0;0;0;0;0;0;0;0;0;1;0;0;0;
HOU
Chandler Parsons;F;39:44;7;13;2;3;2;3;1;12;13;2;0;1;3;3;18;
Patrick Patterson;F;37:43;8;16;1;3;3;5;1;7;8;1;1;1;2;1;20;
Omer Asik;C;39:44;2;8;0;0;0;2;1;5;6;2;1;3;4;2;4;
James Harden;G;42:25;8;14;3;7;9;13;1;3;4;3;5;0;6;3;28;
Jeremy Lin;G;26:07;2;9;0;2;0;0;1;3;4;3;1;0;5;2;4;
Marcus Morris;;14:05;0;3;0;1;0;0;0;3;3;1;0;1;0;3;0;
Toney Douglas;;21:53;1;4;1;3;8;8;2;1;3;2;0;0;2;2;11;
Greg Smith;;18:19;4;7;0;0;0;0;3;1;4;1;0;0;1;2;8;
