12-26;DET-ATL;119-126;
13-28;32-22;17-31;39-20;7-7;11-18;
DET
Tayshaun Prince;F;24:53;6;12;2;2;0;0;2;5;7;0;0;0;0;0;14;
Jason Maxiell;F;21:50;0;3;0;0;1;2;4;2;6;0;0;0;0;4;1;
Greg Monroe;C;26:24;4;11;0;0;2;2;2;2;4;2;1;0;3;1;10;
Kyle Singler;G;14:02;0;3;0;1;0;0;0;2;2;0;0;1;2;0;0;
Brandon Knight;G;23:08;3;8;1;3;2;2;1;3;4;2;0;1;4;1;9;
Rodney Stuckey;;38:56;6;16;0;2;1;1;1;4;5;9;0;0;2;1;13;
Andre Drummond;;31:02;6;8;0;0;2;4;7;5;12;0;2;1;3;1;14;
Will Bynum;;31:24;10;20;4;6;1;2;1;2;3;4;1;0;1;2;25;
Charlie Villanueva;;26:44;5;10;4;7;0;2;0;5;5;1;0;2;0;5;14;
Austin Daye;;26:37;3;6;2;3;0;0;1;7;8;0;1;0;0;2;8;
ATL
Kyle Korver;F;34:54;1;10;1;8;0;0;0;4;4;3;1;1;0;0;3;
Josh Smith;F;43:19;13;24;1;3;4;8;2;8;10;6;2;2;0;3;31;
Al Horford;C;37:22;9;14;0;0;4;8;3;4;7;3;1;0;0;4;22;
Lou Williams;G;42:44;6;12;2;6;0;0;0;7;7;7;2;1;4;2;14;
Jeff Teague;G;30:43;2;7;0;1;4;4;0;4;4;10;1;1;4;5;8;
DeShawn Stevenson;;26:21;3;7;2;6;0;0;0;1;1;3;0;0;0;0;8;
Zaza Pachulia;;22:20;1;3;0;0;2;2;1;3;4;0;2;0;1;3;4;
Anthony Morrow;;17:31;6;10;3;5;1;1;1;0;1;0;1;0;0;0;16;
Ivan Johnson;;9:46;1;3;0;1;0;0;1;3;4;2;0;0;0;1;2;
