01-25;BKN-MEM;77-101;
22-32;22-35;23-18;10-16;
BKN
Gerald Wallace;F;24:00;0;3;0;1;1;2;1;2;3;4;1;1;2;2;1;
Reggie Evans;F;31:43;5;7;0;0;1;4;4;6;10;0;1;0;0;2;11;
Brook Lopez;C;26:34;8;15;0;0;2;5;2;2;4;0;0;3;4;1;18;
Joe Johnson;G;31:57;4;10;1;4;2;2;1;1;2;3;0;0;1;0;11;
Deron Williams;G;29:19;4;10;1;2;3;5;0;5;5;6;0;2;1;2;12;
Kris Humphries;;19:13;0;4;0;1;2;2;1;5;6;1;1;2;1;2;2;
Keith Bogans;;22:18;2;4;1;3;0;0;0;1;1;1;1;0;1;0;5;
Andray Blatche;;12:31;3;5;0;0;2;2;0;1;1;0;2;0;2;1;8;
CJ Watson;;24:26;3;8;0;4;3;3;0;3;3;1;0;0;0;0;9;
MarShon Brooks;;12:00;0;4;0;1;0;0;0;2;2;0;0;0;2;1;0;
Mirza Teletovic;;5:59;0;1;0;1;0;0;0;0;0;0;0;0;0;0;0;
MEM
Rudy Gay;F;26:14;5;13;0;1;1;2;1;3;4;4;1;0;0;2;11;
Zach Randolph;F;39:27;6;13;0;0;0;0;1;8;9;2;1;1;3;3;12;
Marc Gasol;C;33:53;10;15;0;0;0;1;4;5;9;2;0;1;2;3;20;
Tony Allen;G;20:37;3;7;0;0;0;0;1;1;2;2;1;0;0;3;6;
Mike Conley;G;22:15;6;7;2;3;0;0;0;1;1;4;1;0;1;2;14;
Jerryd Bayless;;30:23;5;8;0;1;1;1;1;6;7;8;1;0;2;3;11;
Darrell Arthur;;19:31;3;9;0;0;0;0;1;4;5;1;0;1;0;3;6;
Tony Wroten;;23:01;5;9;0;0;1;2;3;1;4;2;0;0;3;1;11;
Chris Johnson;;21:31;4;6;2;4;0;0;3;1;4;0;0;0;1;1;10;
Jon Leuer;;2:01;0;1;0;0;0;2;0;0;0;0;1;0;0;0;0;
Hamed Haddadi;;1:08;0;2;0;0;0;0;0;0;0;0;0;0;0;0;0;
