11-18;BKN-SAC;99-90;
21-20;33-22;20-23;25-25;
BKN
Gerald Wallace;F;24:30;2;3;0;1;0;0;0;1;1;3;1;0;4;2;4;
Kris Humphries;F;25:59;3;6;0;0;0;0;3;7;10;0;3;2;0;3;6;
Brook Lopez;C;27:60;5;14;0;0;3;4;1;4;5;0;1;4;1;2;13;
Joe Johnson;G;36:26;1;10;0;3;8;9;0;2;2;3;0;0;1;1;10;
Deron Williams;G;32:51;4;12;1;5;5;5;0;5;5;10;2;0;2;2;14;
CJ Watson;;23:21;4;7;3;4;2;2;0;0;0;3;1;0;0;2;13;
Jerry Stackhouse;;14:46;0;4;0;3;0;0;0;3;3;0;0;0;1;0;0;
Reggie Evans;;21:55;1;1;0;0;1;1;1;3;4;1;0;0;1;5;3;
Andray Blatche;;19:28;11;12;0;0;0;1;2;0;2;1;0;0;0;0;22;
MarShon Brooks;;12:22;5;6;1;1;3;3;0;1;1;1;0;0;0;0;14;
Tyshawn Taylor;;0:24;0;0;0;0;0;0;0;0;0;0;0;0;0;1;0;
SAC
John Salmons;F;27:45;1;3;0;2;0;0;0;5;5;1;0;0;0;1;2;
Jason Thompson;F;26:45;4;9;0;0;0;2;5;3;8;0;0;1;3;2;8;
DeMarcus Cousins;C;34:24;12;21;1;1;4;6;2;5;7;3;2;1;4;3;29;
Tyreke Evans;G;31:34;8;14;1;2;4;6;1;6;7;2;1;2;2;3;21;
Aaron Brooks;G;17:60;2;2;0;0;0;1;0;2;2;0;0;0;2;2;4;
Thomas Robinson;;19:32;2;4;0;0;0;0;3;1;4;2;0;0;1;3;4;
Marcus Thornton;;26:23;4;13;3;10;1;2;0;2;2;0;0;0;1;5;12;
Charles Hayes;;14:30;1;5;0;0;0;0;3;0;3;0;0;0;1;1;2;
Jimmer Fredette;;10:25;1;3;1;1;0;0;0;1;1;0;1;0;1;1;3;
James Johnson;;16:40;2;3;0;0;0;0;1;1;2;1;2;0;2;0;4;
Isaiah Thomas;;14:02;0;3;0;2;1;2;0;1;1;4;0;0;0;3;1;
