02-01;CHI-BKN;89-93;
14-24;28-17;25-22;22-30;
CHI
Luol Deng;F;47:56;6;18;1;6;5;6;4;2;6;1;2;1;1;3;18;
Taj Gibson;F;48:00;8;15;0;0;0;0;2;7;9;2;0;2;2;5;16;
Nazr Mohammed;C;7:54;2;3;0;0;0;0;0;1;1;0;0;0;1;1;4;
Richard Hamilton;G;17:28;4;5;0;0;1;1;0;0;0;2;1;0;2;1;9;
Nate Robinson;G;41:26;4;16;0;3;4;4;1;3;4;11;1;0;2;3;12;
Jimmy Butler;;40:06;5;10;0;2;2;2;4;2;6;3;2;0;1;2;12;
Marco Belinelli;;30:32;5;9;0;3;8;9;0;2;2;4;2;0;3;2;18;
Marquis Teague;;6:38;0;2;0;0;0;0;0;1;1;0;1;0;1;0;0;
BKN
Gerald Wallace;F;41:26;3;4;0;0;0;4;5;8;13;2;1;0;3;3;6;
Reggie Evans;F;20:33;4;5;0;0;0;2;2;5;7;1;0;0;1;1;8;
Brook Lopez;C;29:26;9;16;0;0;2;4;1;3;4;2;1;1;1;1;20;
Joe Johnson;G;37:37;6;14;1;2;0;0;0;3;3;2;1;0;3;1;13;
Deron Williams;G;35:36;4;12;1;3;2;2;1;1;2;6;0;1;3;2;11;
Keith Bogans;;11:39;1;2;1;2;0;0;0;1;1;0;0;0;0;5;3;
MarShon Brooks;;20:41;5;10;1;2;2;2;1;1;2;3;2;0;2;1;13;
CJ Watson;;20:17;2;4;1;2;2;2;0;3;3;0;1;0;1;0;7;
Andray Blatche;;16:12;5;7;0;0;1;2;0;3;3;3;1;1;0;4;11;
Kris Humphries;;6:34;0;1;0;0;1;2;1;1;2;0;0;1;0;0;1;
