12-30;MIL-DET;94-96;
23-30;22-25;26-23;23-18;
MIL
Marquis Daniels;F;20:24;3;9;0;2;1;2;4;2;6;1;1;0;1;1;7;
Luc Mbah a Moute;F;21:26;1;3;0;0;0;0;0;5;5;0;0;1;3;2;2;
Larry Sanders;C;20:09;2;4;0;0;0;2;3;0;3;0;2;1;1;4;4;
Monta Ellis;G;41:32;12;22;3;7;3;4;1;3;4;9;1;1;2;0;30;
Brandon Jennings;G;37:43;3;12;1;4;2;2;1;5;6;4;0;0;1;2;9;
Ersan Ilyasova;;26:47;9;12;3;3;3;4;0;5;5;2;0;0;0;2;24;
Mike Dunleavy;;27:36;3;7;3;5;0;0;0;2;2;0;0;0;1;4;9;
Ekpe Udoh;;11:39;0;0;0;0;0;0;0;0;0;0;2;1;0;0;0;
Beno Udrih;;16:32;0;1;0;1;0;0;1;1;2;2;0;0;2;0;0;
Drew Gooden;;16:12;3;7;0;1;3;3;0;0;0;1;1;1;1;3;9;
DET
Tayshaun Prince;F;34:40;8;16;0;2;4;4;0;2;2;2;0;0;0;0;20;
Jason Maxiell;F;26:20;5;8;0;0;0;0;3;7;10;3;0;0;2;1;10;
Greg Monroe;C;28:32;6;12;0;0;2;3;4;6;10;2;0;0;3;2;14;
Kyle Singler;G;31:27;2;11;0;2;4;4;5;1;6;0;3;1;1;0;8;
Brandon Knight;G;34:52;4;12;2;5;1;2;2;1;3;3;0;0;4;3;11;
Will Bynum;;24:09;4;9;0;1;0;0;0;2;2;5;0;1;5;2;8;
Andre Drummond;;19:28;4;4;0;0;0;0;2;5;7;0;1;2;0;2;8;
Charlie Villanueva;;21:41;4;8;3;7;0;0;0;3;3;1;1;0;1;0;11;
Austin Daye;;13:20;2;2;1;1;0;0;0;3;3;0;0;1;0;3;5;
Kim English;;5:32;0;0;0;0;1;2;0;1;1;0;0;0;0;0;1;
