03-08;HOU-GSW;94-88;
21-30;29-18;23-28;21-12;
HOU
Chandler Parsons;F;41:52;9;13;6;8;2;2;1;2;3;3;0;0;2;1;26;
Donatas Motiejunas;F;12:25;4;7;1;3;0;0;1;0;1;1;0;0;2;4;9;
Omer Asik;C;39:29;3;7;0;0;0;2;2;15;17;1;0;0;2;1;6;
James Harden;G;41:41;3;17;3;8;11;14;1;5;6;11;3;0;3;1;20;
Jeremy Lin;G;36:38;3;9;1;3;8;9;0;7;7;4;1;0;1;2;15;
Thomas Robinson;;9:16;0;3;0;0;0;2;1;2;3;0;2;0;1;1;0;
Greg Smith;;8:37;0;2;0;0;0;0;0;2;2;0;0;2;0;1;0;
Francisco Garcia;;13:26;2;5;2;4;0;0;0;1;1;0;3;0;0;1;6;
Patrick Beverley;;11:22;0;2;0;1;0;0;1;0;1;1;0;0;0;3;0;
Carlos Delfino;;25:14;3;9;2;8;4;5;0;4;4;0;2;0;1;2;12;
GSW
Harrison Barnes;F;23:20;2;10;0;2;2;2;1;2;3;0;1;0;3;0;6;
David Lee;F;25:29;7;12;0;0;2;2;2;3;5;0;0;0;3;5;16;
Andrew Bogut;C;27:46;1;5;1;1;0;2;3;8;11;2;4;1;2;3;3;
Klay Thompson;G;43:00;9;20;4;6;0;0;0;5;5;3;0;2;2;3;22;
Stephen Curry;G;42:55;8;21;3;8;5;7;1;4;5;8;1;0;1;5;24;
Carl Landry;;13:36;1;4;0;0;1;2;1;3;4;1;0;0;0;3;3;
Festus Ezeli;;16:39;0;0;0;0;0;2;3;4;7;0;0;1;2;3;0;
Jarrett Jack;;29:32;3;9;1;3;2;2;0;4;4;3;0;0;2;0;9;
Draymond Green;;10:20;1;4;0;1;0;0;1;4;5;0;0;0;0;3;2;
Richard Jefferson;;7:22;1;2;0;0;1;1;0;2;2;1;0;0;1;0;3;
