01-26;NYK-PHI;80-97;
19-24;22-29;17-31;22-13;
NYK
Iman Shumpert;F;17:60;0;6;0;1;1;2;4;3;7;2;1;0;2;1;1;
Carmelo Anthony;F;38:34;9;28;0;6;7;8;5;4;9;4;0;0;2;2;25;
Tyson Chandler;C;25:06;2;2;0;0;2;2;2;8;10;1;0;1;3;2;6;
Jason Kidd;G;14:57;0;3;0;3;0;0;1;1;2;0;0;0;0;0;0;
Raymond Felton;G;28:42;2;8;1;4;3;4;0;0;0;3;2;0;2;2;8;
J.R. Smith;;27:04;0;8;0;4;0;0;1;5;6;3;0;1;4;4;0;
Amar'e Stoudemire;;26:30;8;13;0;0;4;4;2;2;4;1;1;1;1;3;20;
Pablo Prigioni;;19:16;2;3;2;3;0;0;0;4;4;2;2;0;2;2;6;
Steve Novak;;14:50;1;3;1;3;1;1;0;1;1;1;0;0;0;1;4;
Ronnie Brewer;;0:03;0;0;0;0;0;0;0;0;0;0;0;0;0;0;0;
Chris Copeland;;16:38;2;4;0;2;2;2;0;2;2;0;0;0;0;0;6;
James White;;6:32;1;2;0;1;0;0;0;1;1;0;0;1;0;0;2;
Kurt Thomas;;3:50;1;1;0;0;0;0;0;1;1;0;0;0;0;0;2;
PHI
Evan Turner;F;36:33;8;14;1;1;3;5;0;6;6;3;2;0;4;2;20;
Thaddeus Young;F;35:45;4;8;0;1;2;2;0;4;4;1;0;1;0;3;10;
Spencer Hawes;C;28:47;2;4;0;1;0;2;1;4;5;1;0;4;2;3;4;
Nick Young;G;41:07;5;12;3;7;7;8;0;4;4;4;1;0;0;2;20;
Jrue Holiday;G;38:29;16;25;1;4;2;3;0;5;5;6;1;0;1;2;35;
Damien Wilkins;;21:16;2;5;0;1;0;0;1;2;3;1;2;0;2;4;4;
Lavoy Allen;;13:46;0;1;0;0;1;2;2;3;5;0;0;0;1;3;1;
Arnett Moultrie;;4:05;0;1;0;0;0;0;0;1;1;0;0;0;0;0;0;
Royal Ivey;;17:52;1;4;1;3;0;0;0;1;1;0;0;0;1;2;3;
Shelvin Mack;;2:20;0;1;0;1;0;0;0;0;0;0;0;0;0;1;0;
