01-17;NYK-DET;102-87;
29-17;27-24;19-22;27-24;
NYK
Carmelo Anthony;F;40:18;8;19;3;8;7;9;0;3;3;4;0;2;5;4;26;
Chris Copeland;F;18:18;3;6;1;2;0;0;1;1;2;0;0;0;1;1;7;
Tyson Chandler;C;30:05;3;4;0;0;4;4;3;11;14;0;0;2;1;4;10;
Iman Shumpert;G;14:50;3;7;2;3;0;2;1;1;2;1;1;1;0;2;8;
Jason Kidd;G;27:25;2;5;1;4;0;0;1;5;6;4;3;0;3;2;5;
J.R. Smith;;38:15;6;15;1;6;3;4;1;5;6;4;3;0;4;1;16;
Pablo Prigioni;;20:35;0;0;0;0;0;0;1;3;4;2;1;0;0;1;0;
Amar'e Stoudemire;;20:23;3;5;0;0;11;12;1;3;4;1;1;0;2;5;17;
Steve Novak;;24:18;5;9;3;6;0;0;1;2;3;1;0;0;0;2;13;
Ronnie Brewer;;4:06;0;1;0;1;0;0;0;0;0;0;0;0;0;0;0;
James White;;1:29;0;1;0;1;0;0;0;0;0;0;0;0;0;0;0;
DET
Tayshaun Prince;F;34:42;5;10;0;0;2;6;1;2;3;3;2;0;2;2;12;
Jason Maxiell;F;19:26;1;4;0;0;0;0;2;2;4;0;1;1;1;2;2;
Greg Monroe;C;35:31;4;12;0;0;3;4;4;6;10;5;1;0;4;1;11;
Kyle Singler;G;35:07;5;10;3;6;2;4;0;3;3;4;0;1;2;2;15;
Brandon Knight;G;18:59;0;4;0;3;1;2;0;1;1;1;0;0;1;2;1;
Rodney Stuckey;;20:51;2;6;0;1;2;4;0;1;1;3;0;0;2;2;6;
Andre Drummond;;22:32;5;7;0;0;1;2;4;6;10;1;2;2;0;4;11;
Will Bynum;;29:01;10;16;2;2;0;0;0;2;2;4;1;0;3;2;22;
Austin Daye;;10:07;1;2;0;0;0;0;0;0;0;0;0;0;0;3;2;
Charlie Villanueva;;12:19;2;8;1;5;0;0;0;2;2;0;0;0;0;1;5;
Viacheslav Kravtsov;;1:25;0;0;0;0;0;0;0;0;0;1;0;0;0;0;0;
