01-07;OKC-WAS;99-101;
20-30;33-21;20-25;26-25;
OKC
Kevin Durant;F;41:19;9;19;2;6;9;10;0;7;7;8;3;0;4;0;29;
Serge Ibaka;F;35:13;12;17;1;2;1;2;4;7;11;1;0;2;2;2;26;
Kendrick Perkins;C;29:25;0;2;0;0;0;0;4;7;11;1;1;2;2;4;0;
Thabo Sefolosha;G;29:18;5;7;2;3;2;2;1;1;2;1;0;1;0;2;14;
Russell Westbrook;G;39:32;4;17;1;6;8;10;2;2;4;8;3;0;2;1;17;
Kevin Martin;;29:04;3;12;0;6;2;2;0;2;2;0;0;0;1;2;8;
Nick Collison;;16:20;0;0;0;0;1;2;0;3;3;1;1;0;0;2;1;
Hasheem Thabeet;;6:31;0;0;0;0;0;0;0;0;0;0;0;0;0;1;0;
Reggie Jackson;;8:28;1;5;0;2;0;0;0;1;1;1;0;0;0;0;2;
DeAndre Liggins;;4:50;0;1;0;0;2;2;2;1;3;0;0;0;0;0;2;
WAS
Martell Webster;F;34:14;7;14;4;6;4;5;0;4;4;2;1;1;1;4;22;
Kevin Seraphin;F;38:10;8;20;0;0;3;4;4;1;5;0;0;0;2;4;19;
Emeka Okafor;C;37:11;5;10;0;0;2;2;3;9;12;3;0;2;3;1;12;
Bradley Beal;G;44:46;7;17;5;7;3;3;0;5;5;4;1;0;2;1;22;
Garrett Temple;G;35:07;3;8;1;3;2;2;1;3;4;3;1;1;3;2;9;
Trevor Ariza;;13:46;1;6;0;2;1;2;0;3;3;2;1;0;0;3;3;
A.J. Price;;16:19;2;6;0;0;0;0;1;4;5;5;1;0;1;3;4;
Jan Vesely;;20:21;5;6;0;0;0;0;4;3;7;1;0;1;2;2;10;
Chris Singleton;;0:06;0;0;0;0;0;0;0;0;0;0;0;0;0;0;0;
