10-31;GSW-PHX;87-85;
25-21;23-21;17-25;22-18;
GSW
Harrison Barnes;F;13:48;2;5;0;0;2;2;2;1;3;1;0;0;0;1;6;
David Lee;F;39:15;2;16;0;0;2;2;3;6;9;3;0;1;1;4;6;
Andrew Bogut;C;18:29;4;6;0;0;0;1;1;5;6;1;0;1;0;1;8;
Klay Thompson;G;33:45;6;16;4;7;0;0;2;6;8;1;0;0;4;2;16;
Stephen Curry;G;30:22;2;14;0;6;1;3;3;4;7;3;2;0;4;3;5;
Festus Ezeli;;13:52;1;2;0;0;1;2;1;4;5;0;3;0;0;1;3;
Brandon Rush;;23:30;6;9;0;2;2;3;0;1;1;2;0;0;3;5;14;
Jarrett Jack;;29:32;3;7;1;1;3;4;0;3;3;7;1;0;4;2;10;
Carl Landry;;22:56;7;9;0;0;3;4;5;1;6;1;1;0;2;0;17;
Richard Jefferson;;13:17;0;2;0;1;2;2;0;0;0;0;2;1;0;0;2;
Draymond Green;;1:15;0;0;0;0;0;0;0;1;1;0;0;0;0;1;0;
PHX
Michael Beasley;F;22:08;2;9;1;2;3;4;1;3;4;1;0;1;2;0;8;
Luis Scola;F;31:57;7;13;1;2;0;0;2;9;11;1;3;3;0;3;15;
Marcin Gortat;C;34:11;5;10;0;0;0;0;3;6;9;1;0;5;3;4;10;
Jared Dudley;G;35:06;4;11;1;6;2;4;1;5;6;3;1;0;4;1;11;
Goran Dragic;G;36:43;4;12;1;5;8;10;1;5;6;8;3;1;3;3;17;
Markieff Morris;;16:03;2;5;0;2;0;0;0;3;3;1;1;0;1;3;4;
Jermaine O'Neal;;13:41;0;0;0;0;0;0;1;1;2;0;0;1;1;1;0;
Shannon Brown;;15:46;2;8;0;2;4;4;0;0;0;1;1;0;3;2;8;
Sebastian Telfair;;11:21;1;3;0;2;0;0;0;1;1;0;0;0;0;4;2;
PJ Tucker;;23:04;5;9;0;0;0;0;2;0;2;0;1;1;1;2;10;
