12-10;SAS-HOU;134-126;
23-27;41-36;27-30;29-27;14-6;
SAS
Danny Green;F;42:51;6;14;2;7;0;0;1;5;6;5;2;2;1;4;14;
Tim Duncan;F;32:02;1;9;0;0;8;8;2;11;13;3;0;3;1;4;10;
DeJuan Blair;C;18:44;4;6;0;0;1;1;2;3;5;1;0;1;2;2;9;
Gary Neal;G;35:02;11;18;7;10;0;0;0;0;0;0;1;0;2;4;29;
Tony Parker;G;42:41;9;18;1;3;8;9;0;12;12;12;0;0;3;1;27;
Manu Ginobili;;36:29;7;12;3;7;5;6;0;5;5;6;1;0;2;2;22;
Boris Diaw;;24:04;3;6;0;2;2;2;0;2;2;3;0;1;5;0;8;
Tiago Splitter;;18:04;5;6;0;0;0;0;1;4;5;1;1;1;1;4;10;
Nando De Colo;;9:51;2;3;1;1;0;0;0;1;1;0;0;0;2;1;5;
Matt Bonner;;2:46;0;0;0;0;0;0;0;0;0;0;1;0;0;0;0;
James Anderson;;0:32;0;0;0;0;0;0;0;0;0;0;0;0;0;0;0;
Patty Mills;;1:54;0;0;0;0;0;0;0;0;0;0;0;0;0;0;0;
HOU
Chandler Parsons;F;41:06;7;18;4;8;2;5;2;5;7;4;1;0;2;2;20;
Patrick Patterson;F;21:11;4;10;0;2;0;0;1;1;2;1;1;0;1;0;8;
Omer Asik;C;35:04;5;11;0;0;11;14;4;6;10;2;1;2;2;4;21;
Carlos Delfino;G;38:25;2;12;1;5;0;1;0;4;4;5;3;1;3;0;5;
Jeremy Lin;G;42:00;11;21;4;5;12;12;1;2;3;7;2;2;2;2;38;
Toney Douglas;;40:56;6;11;5;7;0;0;0;2;2;4;1;0;2;3;17;
Greg Smith;;16:06;2;6;0;0;0;0;2;4;6;0;0;3;0;4;4;
Marcus Morris;;24:35;4;6;2;3;3;4;1;5;6;0;3;0;2;4;13;
Daequan Cook;;3:48;0;2;0;0;0;0;0;0;0;1;0;0;0;1;0;
Cole Aldrich;;1:50;0;0;0;0;0;0;0;0;0;0;0;0;0;1;0;
