01-29;GSW-CLE;108-95;
23-23;32-21;29-24;24-27;
GSW
Richard Jefferson;F;20:39;1;4;0;0;1;2;0;1;1;0;1;0;1;1;3;
David Lee;F;39:23;8;12;0;0;4;4;2;11;13;8;2;0;1;3;20;
Andris Biedrins;C;11:24;1;1;0;0;0;0;2;3;5;0;1;2;0;3;2;
Klay Thompson;G;43:05;13;24;6;8;0;0;0;7;7;2;0;3;3;2;32;
Jarrett Jack;G;35:55;11;18;3;4;1;2;0;1;1;12;1;1;4;0;26;
Festus Ezeli;;22:44;2;4;0;0;1;2;2;1;3;0;0;3;0;4;5;
Draymond Green;;24:30;3;7;1;3;0;0;1;6;7;2;1;0;2;5;7;
Kent Bazemore;;30:15;4;8;1;1;0;0;0;2;2;3;2;0;2;4;9;
Charles Jenkins;;12:05;2;6;0;0;0;0;0;0;0;4;0;0;1;1;4;
CLE
Alonzo Gee;F;28:14;0;5;0;2;0;0;1;3;4;2;1;0;3;1;0;
Tristan Thompson;F;36:33;8;14;0;0;2;2;5;6;11;1;2;1;0;5;18;
Tyler Zeller;C;36:05;6;9;0;0;4;4;2;1;3;5;0;1;1;1;16;
Dion Waiters;G;27:43;6;13;1;3;5;8;0;1;1;7;1;1;2;0;18;
Kyrie Irving;G;36:22;5;17;1;3;3;5;0;3;3;4;3;0;1;2;14;
Marreese Speights;;20:44;4;8;0;0;4;4;0;5;5;1;0;0;1;0;12;
CJ Miles;;16:24;4;11;2;8;0;0;1;3;4;1;1;0;0;1;10;
Shaun Livingston;;22:24;3;5;0;0;1;2;1;1;2;5;0;1;2;2;7;
Wayne Ellington;;15:31;0;2;0;2;0;0;2;1;3;1;0;0;1;1;0;
