02-24;PHI-NYK;93-99;
22-24;18-28;27-24;26-23;
PHI
Evan Turner;F;41:05;7;18;0;1;7;7;1;5;6;8;1;0;3;3;21;
Thaddeus Young;F;35:49;5;12;0;0;1;3;3;7;10;1;4;0;0;5;11;
Spencer Hawes;C;28:37;3;11;0;0;4;4;5;4;9;1;0;1;2;2;10;
Jrue Holiday;G;43:44;12;24;3;7;3;4;0;5;5;5;0;1;4;3;30;
Nick Young;G;17:10;0;4;0;2;0;0;0;2;2;0;1;0;0;2;0;
Lavoy Allen;;21:31;5;6;0;0;0;0;2;6;8;0;1;0;1;4;10;
Damien Wilkins;;7:52;1;2;0;0;2;2;0;0;0;0;1;0;0;2;4;
Dorell Wright;;13:40;0;2;0;2;0;0;0;0;0;0;0;0;0;0;0;
Jeremy Pargo;;30:33;3;6;1;1;0;0;0;4;4;3;0;0;2;1;7;
NYK
Carmelo Anthony;F;40:21;6;18;1;6;16;18;1;6;7;2;0;0;5;2;29;
Iman Shumpert;F;13:11;1;5;1;2;1;1;0;2;2;1;1;0;1;3;4;
Tyson Chandler;C;35:15;2;2;0;0;1;3;4;8;12;1;0;3;2;2;5;
Raymond Felton;G;36:01;6;15;2;8;0;0;0;0;0;4;1;0;0;1;14;
Jason Kidd;G;26:09;1;7;0;6;1;2;3;6;9;2;1;0;2;1;3;
J.R. Smith;;35:56;5;12;3;6;1;2;1;5;6;2;1;0;1;2;14;
Amar'e Stoudemire;;21:40;9;10;0;0;4;6;2;3;5;0;2;0;1;5;22;
Steve Novak;;18:54;1;2;1;2;1;1;0;6;6;0;1;0;0;1;4;
Pablo Prigioni;;12:34;1;4;0;3;2;2;0;1;1;5;0;0;0;1;4;
