12-23;LAC-PHX;103-77;
28-24;30-19;33-17;12-17;
LAC
Caron Butler;F;24:03;3;7;2;4;0;0;0;4;4;0;0;0;1;3;8;
Blake Griffin;F;32:02;8;12;1;1;6;6;2;9;11;3;4;1;1;2;23;
DeAndre Jordan;C;17:18;2;5;0;0;0;2;0;3;3;0;2;0;3;3;4;
Willie Green;G;23:18;2;5;0;1;0;2;1;1;2;1;0;1;0;0;4;
Chris Paul;G;29:04;7;12;2;4;1;1;0;1;1;13;5;0;2;1;17;
Lamar Odom;;14:25;0;1;0;0;0;0;0;3;3;1;0;1;1;2;0;
Matt Barnes;;24:05;5;7;3;4;2;2;1;7;8;2;0;0;2;2;15;
Jamal Crawford;;24:42;8;12;3;6;3;5;0;1;1;3;0;1;1;0;22;
Eric Bledsoe;;18:56;1;4;0;1;0;0;0;2;2;0;0;0;2;0;2;
Ronny Turiaf;;18:56;0;2;0;0;2;8;1;3;4;3;1;1;1;2;2;
Ryan Hollins;;13:11;2;4;0;0;2;3;0;5;5;0;0;2;2;4;6;
PHX
Jared Dudley;F;36:14;5;10;0;3;9;10;4;3;7;2;2;0;0;2;19;
Luis Scola;F;27:07;5;11;0;0;1;2;2;2;4;1;1;0;0;3;11;
Marcin Gortat;C;27:38;4;7;0;0;0;0;2;10;12;3;0;1;4;3;8;
Shannon Brown;G;33:30;3;13;0;3;1;1;0;2;2;6;1;0;3;2;7;
Goran Dragic;G;29:01;2;8;0;2;3;4;0;1;1;1;1;0;2;2;7;
Sebastian Telfair;;18:16;3;10;2;5;0;0;0;0;0;0;0;0;4;1;8;
Markieff Morris;;20:53;5;9;0;0;0;2;2;5;7;1;5;0;1;3;10;
PJ Tucker;;14:29;1;1;0;0;0;0;0;0;0;0;0;0;0;2;2;
Jermaine O'Neal;;15:36;0;3;0;0;0;2;2;4;6;4;0;1;0;3;0;
Wesley Johnson;;5:45;1;2;1;2;2;3;0;0;0;0;0;0;0;0;5;
Luke Zeller;;4:46;0;3;0;1;0;0;0;0;0;0;0;0;0;0;0;
Kendall Marshall;;4:00;0;2;0;1;0;0;0;1;1;0;0;0;0;0;0;
Diante Garrett;;2:45;0;1;0;0;0;0;0;1;1;0;0;0;0;0;0;
