03-10;CLE-TOR;96-100;
27-20;28-26;19-33;22-21;
CLE
Alonzo Gee;F;27:55;1;6;0;1;2;2;0;3;3;1;2;0;0;3;4;
Tristan Thompson;F;30:25;5;12;0;0;1;2;4;6;10;2;0;0;1;4;11;
Tyler Zeller;C;25:24;3;7;0;0;2;2;2;6;8;2;0;1;3;5;8;
Dion Waiters;G;29:01;7;17;2;4;5;9;1;3;4;2;0;0;1;0;21;
Kyrie Irving;G;24:44;4;8;1;5;3;5;0;4;4;4;1;0;2;3;12;
Shaun Livingston;;23:16;2;6;0;0;0;0;1;1;2;2;0;0;0;2;4;
Marreese Speights;;16:22;5;10;0;0;1;2;0;2;2;0;1;1;0;4;11;
Wayne Ellington;;18:59;3;6;0;2;1;1;0;3;3;3;1;0;0;1;7;
Luke Walton;;18:22;1;3;0;1;1;2;2;2;4;4;0;0;3;2;3;
CJ Miles;;25:32;5;11;4;8;1;2;0;5;5;0;1;0;3;5;15;
TOR
Terrence Ross;F;28:24;4;11;3;7;3;4;1;4;5;3;1;0;0;1;14;
Amir Johnson;F;39:14;8;19;0;0;1;1;6;10;16;2;1;3;4;5;17;
Jonas Valanciunas;C;32:57;3;7;0;0;5;5;0;7;7;1;0;2;0;3;11;
DeMar DeRozan;G;40:12;3;13;0;1;7;8;0;3;3;6;1;0;4;2;13;
Kyle Lowry;G;32:19;4;10;2;7;5;6;2;7;9;5;3;0;1;5;15;
Landry Fields;;22:32;4;8;0;0;1;4;0;3;3;1;1;0;1;3;9;
Alan Anderson;;25:53;6;11;3;6;3;4;0;3;3;2;1;0;1;0;18;
John Lucas III;;5:20;1;2;0;0;1;2;0;1;1;1;1;0;0;1;3;
Sebastian Telfair;;13:09;0;3;0;2;0;0;0;0;0;1;0;0;0;2;0;
