02-26;MIL-DAL;95-90;
17-21;27-28;22-21;29-20;
MIL
Luc Mbah a Moute;F;27:59;2;4;0;0;3;5;1;4;5;2;1;0;1;2;7;
Ersan Ilyasova;F;29:02;3;9;1;4;3;4;2;5;7;1;0;0;2;3;10;
Larry Sanders;C;25:42;5;12;0;0;3;4;5;8;13;0;1;1;2;3;13;
Monta Ellis;G;44:19;8;17;2;5;4;5;0;3;3;9;6;0;2;2;22;
Brandon Jennings;G;32:01;3;11;0;1;2;2;0;3;3;6;0;0;2;2;8;
Mike Dunleavy;;29:25;5;9;2;5;1;2;0;1;1;1;0;0;1;3;13;
Ekpe Udoh;;8:55;0;1;0;0;0;0;0;2;2;1;2;0;0;0;0;
JJ Redick;;22:48;4;8;2;3;4;4;0;2;2;2;0;0;1;1;14;
John Henson;;3:28;0;2;0;0;0;0;0;1;1;0;0;0;1;2;0;
Drew Gooden;;16:21;4;9;0;0;0;0;0;2;2;0;0;0;0;2;8;
DAL
Shawn Marion;F;30:17;4;9;0;2;2;2;0;3;3;1;1;1;1;2;10;
Dirk Nowitzki;F;35:15;8;16;1;3;4;4;3;17;20;3;2;0;3;1;21;
Bernard James;C;11:31;2;2;0;0;0;0;0;2;2;0;0;0;1;1;4;
O.J. Mayo;G;37:28;7;14;0;3;4;4;2;1;3;4;1;0;5;1;18;
Darren Collison;G;37:16;5;15;0;2;2;3;1;6;7;8;0;0;3;2;12;
Vince Carter;;25:50;0;8;0;4;2;2;1;2;3;2;0;0;3;4;2;
Elton Brand;;25:17;6;8;0;0;0;2;7;7;14;1;1;3;2;5;12;
Jae Crowder;;11:29;0;2;0;1;1;2;1;0;1;0;0;0;0;2;1;
Mike James;;10:59;0;4;0;2;0;0;0;1;1;1;1;0;2;1;0;
Anthony Morrow;;3:41;0;2;0;0;0;0;0;0;0;0;0;0;0;1;0;
Brandan Wright;;10:58;4;5;0;0;2;2;1;1;2;0;1;0;0;1;10;
