02-23;ATL-MIL;103-102;
19-27;35-26;22-27;27-22;
ATL
Anthony Tolliver;F;11:50;1;2;1;2;0;0;0;0;0;0;0;0;0;1;3;
Josh Smith;F;39:17;6;19;2;6;1;2;1;12;13;5;3;1;2;1;15;
Al Horford;C;36:35;11;22;0;1;1;2;1;10;11;3;2;2;2;3;23;
Devin Harris;G;38:50;7;11;4;5;3;3;0;1;1;4;1;0;1;0;21;
Jeff Teague;G;36:38;8;15;2;3;5;5;0;2;2;9;2;0;2;2;23;
Kyle Korver;;32:58;2;10;2;7;0;0;0;2;2;3;1;1;3;1;6;
Dahntay Jones;;4:44;0;0;0;0;0;0;0;1;1;0;0;0;0;1;0;
Zaza Pachulia;;20:03;1;5;0;0;1;2;8;3;11;2;1;0;0;4;3;
John Jenkins;;19:05;3;7;3;4;0;0;0;0;0;1;0;0;1;3;9;
MIL
Luc Mbah a Moute;F;14:34;3;7;0;0;0;0;3;1;4;0;1;0;2;1;6;
Ersan Ilyasova;F;28:45;9;15;1;1;0;0;3;6;9;1;2;0;3;3;19;
Larry Sanders;C;36:39;5;12;0;0;2;4;5;14;19;2;0;1;1;2;12;
Monta Ellis;G;43:36;7;15;0;1;0;0;0;4;4;10;2;0;4;0;14;
Brandon Jennings;G;30:01;4;11;1;4;2;2;1;1;2;5;1;0;2;3;11;
JJ Redick;;35:11;4;9;1;3;7;7;0;3;3;7;0;0;2;0;16;
John Henson;;14:51;4;6;0;0;3;5;3;3;6;1;0;1;1;2;11;
Mike Dunleavy;;20:43;3;8;1;3;2;2;0;4;4;1;1;0;1;1;9;
Samuel Dalembert;;15:40;2;6;0;0;0;0;2;5;7;1;1;0;1;2;4;
