11-28;SAS-ORL;110-89;
29-18;26-23;26-23;29-25;
SAS
Danny Green;F;31:36;3;8;3;6;0;0;0;5;5;1;0;2;3;0;9;
Tim Duncan;F;27:13;7;11;1;1;0;0;0;4;4;0;2;5;1;1;15;
DeJuan Blair;C;23:39;5;8;0;0;1;2;3;3;6;1;1;0;2;1;11;
Gary Neal;G;32:16;8;16;1;4;2;3;0;4;4;2;3;0;3;1;19;
Tony Parker;G;29:47;6;12;0;0;2;2;0;1;1;8;0;0;0;0;14;
Manu Ginobili;;23:32;6;9;6;9;2;2;1;3;4;5;1;0;1;3;20;
Boris Diaw;;21:50;1;2;0;0;1;2;3;4;7;5;1;1;0;1;3;
Nando De Colo;;15:43;2;6;0;3;0;0;0;1;1;1;2;0;2;0;4;
Tiago Splitter;;16:29;3;6;0;0;3;4;1;3;4;2;1;1;1;1;9;
Cory Joseph;;6:49;2;3;0;1;0;0;0;1;1;1;1;0;2;0;4;
Matt Bonner;;6:49;0;1;0;0;0;0;0;2;2;0;0;0;0;0;0;
James Anderson;;4:18;1;2;0;1;0;0;0;0;0;0;0;0;1;0;2;
ORL
Maurice Harkless;F;21:26;2;4;0;1;0;0;2;2;4;0;1;0;0;1;4;
Glen Davis;F;27:39;6;16;0;0;0;0;2;3;5;0;0;1;0;1;12;
Nikola Vucevic;C;15:43;1;4;0;0;0;0;3;2;5;1;1;1;2;0;2;
Arron Afflalo;G;29:52;8;16;0;4;0;0;2;3;5;2;2;0;4;1;16;
Jameer Nelson;G;28:57;7;14;0;2;0;0;2;3;5;3;2;0;2;3;14;
JJ Redick;;22:14;3;9;1;4;0;0;0;1;1;4;0;0;2;1;7;
Andrew Nicholson;;13:00;3;5;0;0;0;0;0;0;0;0;0;0;0;1;6;
E'Twaun Moore;;22:03;5;13;0;3;1;2;1;2;3;1;0;0;2;2;11;
Gustavo Ayon;;12:15;2;2;0;0;0;0;1;3;4;1;0;0;1;1;4;
Josh McRoberts;;13:08;0;1;0;0;0;0;0;3;3;2;1;0;2;2;0;
DeQuan Jones;;18:59;2;3;1;1;2;4;1;5;6;0;1;1;0;1;7;
Kyle O'Quinn;;8:32;2;6;0;0;2;2;4;1;5;2;0;0;0;0;6;
Ish Smith;;6:13;0;2;0;0;0;0;0;0;0;0;0;0;1;0;0;
