12-26;PHI-MEM;99-89;
26-29;23-18;26-23;24-19;
PHI
Dorell Wright;F;35:27;8;11;5;8;7;8;0;6;6;1;1;2;0;2;28;
Thaddeus Young;F;37:04;6;10;0;0;1;2;1;1;2;0;3;4;0;0;13;
Lavoy Allen;C;26:40;2;6;0;0;2;4;3;3;6;1;0;0;2;4;6;
Evan Turner;G;40:43;0;4;0;0;1;2;0;6;6;9;2;1;6;2;1;
Jrue Holiday;G;37:18;5;16;1;2;2;2;1;3;4;9;0;0;5;2;13;
Spencer Hawes;;31:26;9;14;0;1;2;4;3;6;9;1;3;5;3;4;20;
Nick Young;;20:40;5;7;1;3;1;1;0;4;4;2;0;0;0;1;12;
Royal Ivey;;10:42;2;3;2;2;0;0;0;1;1;0;0;0;0;0;6;
MEM
Quincy Pondexter;F;39:21;3;10;3;7;4;4;3;2;5;1;1;0;2;2;13;
Zach Randolph;F;32:33;10;18;1;1;2;2;5;4;9;0;4;0;2;4;23;
Marc Gasol;C;38:15;9;15;0;0;0;0;4;4;8;8;1;2;4;0;18;
Tony Allen;G;27:04;3;8;0;1;0;0;1;2;3;1;0;0;1;3;6;
Mike Conley;G;35:46;3;17;1;3;3;3;1;2;3;5;3;0;2;1;10;
Wayne Ellington;;29:35;1;6;0;1;0;0;0;1;1;3;1;0;0;3;2;
Darrell Arthur;;15:27;3;6;0;1;2;2;0;3;3;1;0;1;1;2;8;
Marreese Speights;;9:45;2;4;0;0;3;6;1;2;3;1;0;1;0;3;7;
Jerryd Bayless;;12:14;1;6;0;1;0;0;0;2;2;2;0;0;1;0;2;
