11-21;DET-ORL;74-90;
27-21;21-24;8-26;18-19;
DET
Tayshaun Prince;F;27:26;5;12;0;2;0;0;2;6;8;1;0;0;1;0;10;
Jason Maxiell;F;25:52;2;7;0;0;0;1;1;6;7;0;0;0;2;2;4;
Greg Monroe;C;30:24;5;11;0;0;9;11;2;6;8;3;2;0;4;3;19;
Kyle Singler;G;31:04;1;6;0;3;0;0;2;2;4;0;0;0;0;3;2;
Brandon Knight;G;28:49;3;11;1;1;1;3;0;2;2;5;0;0;2;1;8;
Andre Drummond;;18:55;2;4;0;0;0;0;1;2;3;1;0;2;1;1;4;
Rodney Stuckey;;25:05;4;9;0;3;5;6;2;5;7;3;1;0;3;1;13;
Corey Maggette;;10:54;0;2;0;1;0;0;1;0;1;1;0;0;1;2;0;
Jonas Jerebko;;10:44;1;6;0;0;0;1;1;3;4;0;1;0;0;1;2;
Will Bynum;;13:48;2;8;0;1;0;0;1;0;1;1;1;0;0;1;4;
Charlie Villanueva;;9:40;0;5;0;3;0;0;0;2;2;0;0;0;0;1;0;
Austin Daye;;3:40;1;1;1;1;0;0;0;1;1;0;0;0;0;0;3;
Kim English;;3:40;2;3;1;2;0;0;0;0;0;0;0;0;0;0;5;
ORL
Maurice Harkless;F;21:16;3;7;0;0;1;2;2;2;4;2;0;1;1;3;7;
Glen Davis;F;27:12;4;9;0;0;3;4;3;11;14;1;0;0;1;2;11;
Nikola Vucevic;C;22:23;3;6;0;0;0;0;1;5;6;0;1;1;3;4;6;
Arron Afflalo;G;25:58;5;13;0;3;2;4;0;7;7;1;0;0;1;0;12;
Jameer Nelson;G;32:09;3;7;2;5;2;2;0;6;6;7;1;0;2;3;10;
Josh McRoberts;;16:46;2;5;1;3;0;0;1;2;3;0;1;0;0;1;5;
Andrew Nicholson;;20:48;7;9;0;0;1;2;1;3;4;0;0;0;3;2;15;
JJ Redick;;28:20;4;13;1;7;2;2;0;1;1;7;0;0;1;1;11;
E'Twaun Moore;;12:11;1;4;1;1;0;0;0;1;1;2;0;1;1;2;3;
Gustavo Ayon;;17:48;3;6;0;0;2;2;1;4;5;3;0;1;0;5;8;
Kyle O'Quinn;;7:49;0;1;0;0;0;0;0;2;2;1;0;1;0;0;0;
DeQuan Jones;;3:40;1;3;0;1;0;0;0;0;0;0;0;0;1;0;2;
Ish Smith;;3:40;0;0;0;0;0;0;0;0;0;0;0;0;0;0;0;
