12-01;UTA-HOU;116-124;
28-28;21-30;37-27;30-39;
UTA
DeMarre Carroll;F;18:43;2;8;0;1;0;0;1;2;3;1;1;0;0;0;4;
Paul Millsap;F;35:57;3;11;1;2;5;6;2;9;11;4;1;0;1;5;12;
Al Jefferson;C;37:24;10;19;0;1;0;0;0;8;8;1;1;1;0;3;20;
Randy Foye;G;32:11;8;11;4;6;0;0;0;2;2;6;3;1;2;2;20;
Mo Williams;G;35:55;7;13;2;3;0;0;1;1;2;7;1;0;4;4;16;
Enes Kanter;;13:33;3;7;0;0;0;0;3;2;5;0;0;2;0;2;6;
Gordon Hayward;;30:48;8;12;3;5;2;2;1;0;1;2;0;1;4;2;21;
Earl Watson;;12:05;1;3;0;0;0;0;1;0;1;3;0;0;3;2;2;
Alec Burks;;14:18;4;7;1;2;2;3;2;0;2;1;1;1;0;0;11;
Jeremy Evans;;9:06;2;3;0;0;0;0;1;2;3;0;0;0;0;2;4;
HOU
Chandler Parsons;F;39:48;7;12;3;5;2;2;0;3;3;3;2;1;2;2;19;
Patrick Patterson;F;35:35;8;17;2;5;2;2;1;6;7;1;1;3;3;1;20;
Omer Asik;C;34:10;5;5;0;0;4;5;3;9;12;2;1;3;2;1;14;
James Harden;G;39:16;7;16;1;3;3;3;1;1;2;7;1;0;5;2;18;
Jeremy Lin;G;33:51;8;14;1;2;2;2;0;3;3;8;1;0;2;3;19;
Greg Smith;;16:01;3;5;0;0;7;9;3;0;3;0;0;0;0;2;13;
Carlos Delfino;;16:56;5;7;3;5;0;0;0;5;5;3;1;0;0;0;13;
Toney Douglas;;14:09;3;5;1;2;1;1;1;0;1;1;2;0;1;3;8;
Marcus Morris;;10:14;0;2;0;0;0;2;1;1;2;1;0;0;1;3;0;
