03-04;MIA-MIN;97-81;
22-16;28-27;19-20;28-18;
MIA
LeBron James;F;34:53;9;16;1;4;1;1;1;9;10;4;3;2;7;3;20;
Udonis Haslem;F;17:08;1;1;0;0;0;0;0;5;5;0;0;0;3;3;2;
Chris Bosh;C;31:07;3;5;0;1;5;6;2;7;9;1;3;0;1;2;11;
Dwyane Wade;G;37:42;15;23;0;0;2;3;2;5;7;10;1;0;5;1;32;
Mario Chalmers;G;22:39;1;4;1;4;1;2;0;1;1;2;1;0;3;0;4;
Shane Battier;;24:38;1;4;1;4;0;0;0;2;2;1;2;0;1;1;3;
Ray Allen;;26:21;4;10;2;6;3;3;0;2;2;1;0;0;1;2;13;
Norris Cole;;22:45;1;6;0;1;2;2;0;2;2;2;1;1;2;1;4;
Chris Andersen;;14:55;2;2;0;0;2;2;2;5;7;1;0;1;0;2;6;
Rashard Lewis;;1:58;0;1;0;1;0;0;0;1;1;0;0;0;0;0;0;
Mike Miller;;1:58;0;0;0;0;0;0;0;0;0;0;0;0;0;0;0;
James Jones;;1:58;0;0;0;0;0;0;0;0;0;0;0;0;0;0;0;
Joel Anthony;;1:58;1;2;0;0;0;0;2;0;2;0;0;1;0;0;2;
MIN
Mickael Gelabale;F;23:46;2;8;0;2;2;2;1;2;3;1;3;0;0;0;6;
Derrick Williams;F;45:17;10;22;1;3;4;4;3;7;10;1;0;0;3;3;25;
Greg Stiemsma;C;9:11;0;1;0;0;0;0;0;1;1;1;0;0;0;2;0;
Luke Ridnour;G;33:46;4;14;0;4;1;1;1;1;2;5;3;0;2;3;9;
Ricky Rubio;G;38:38;6;11;2;4;0;3;2;3;5;8;6;0;6;2;14;
Dante Cunningham;;38:49;4;10;0;0;0;1;6;5;11;2;1;1;4;3;8;
Chris Johnson;;5:31;1;3;0;0;0;0;0;1;1;0;0;0;1;2;2;
Alexey Shved;;23:26;5;8;1;3;2;2;1;1;2;1;1;2;2;2;13;
Jose Juan Barea;;21:36;1;11;1;4;1;2;1;3;4;4;0;0;0;1;4;
