02-20;PHX-GSW;98-108;
26-33;23-24;27-28;22-23;
PHX
PJ Tucker;F;33:26;3;5;0;0;0;0;1;2;3;5;0;0;0;3;6;
Luis Scola;F;27:08;6;11;0;0;2;2;2;8;10;1;1;1;3;3;14;
Marcin Gortat;C;25:19;3;8;0;0;2;4;1;3;4;1;0;3;0;0;8;
Jared Dudley;G;34:19;6;13;3;5;0;0;0;1;1;5;1;0;3;3;15;
Goran Dragic;G;36:29;8;15;3;5;1;2;1;3;4;10;5;0;1;3;20;
Markieff Morris;;19:13;2;7;2;4;0;0;2;2;4;2;0;0;1;4;6;
Jermaine O'Neal;;22:41;7;13;0;0;3;4;4;8;12;1;0;2;2;1;17;
Wesley Johnson;;20:37;3;7;0;2;1;2;0;2;2;0;0;2;2;1;7;
Michael Beasley;;9:17;1;4;1;1;0;0;0;1;1;0;0;0;2;0;3;
Kendall Marshall;;11:31;1;1;0;0;0;0;0;0;0;3;0;0;0;0;2;
GSW
Harrison Barnes;F;23:01;1;7;1;2;0;0;1;2;3;0;1;0;0;2;3;
David Lee;F;36:00;7;13;0;0;5;6;2;9;11;5;0;0;4;4;19;
Andrew Bogut;C;29:19;3;8;0;0;1;2;4;7;11;5;2;3;0;0;7;
Klay Thompson;G;43:50;10;18;4;8;4;4;0;8;8;4;0;1;2;2;28;
Stephen Curry;G;40:44;8;16;2;6;2;2;0;3;3;11;1;0;2;1;20;
Jarrett Jack;;36:28;8;14;3;4;2;2;1;0;1;4;1;0;2;4;21;
Andris Biedrins;;6:17;0;0;0;0;0;0;0;1;1;0;0;1;0;0;0;
Carl Landry;;14:24;5;7;0;0;0;1;5;1;6;0;0;0;0;0;10;
Draymond Green;;5:08;0;2;0;0;0;0;0;0;0;0;1;0;0;0;0;
Festus Ezeli;;4:49;0;2;0;0;0;0;0;0;0;0;0;1;0;3;0;
