01-27;NOH-MEM;91-83;
24-23;19-22;21-23;27-15;
NOH
Al-Farouq Aminu;F;30:26;4;9;0;0;1;2;2;10;12;0;0;1;2;1;9;
Anthony Davis;F;23:55;5;7;0;0;0;0;1;5;6;1;2;2;5;2;10;
Robin Lopez;C;17:01;3;6;0;0;2;2;4;2;6;0;0;0;0;2;8;
Eric Gordon;G;29:35;2;5;0;1;4;4;0;3;3;2;4;2;2;2;8;
Greivis Vasquez;G;34:11;2;16;0;2;1;1;0;2;2;11;0;0;4;3;5;
Jason Smith;;27:18;5;7;0;0;6;8;4;1;5;1;0;2;0;2;16;
Austin Rivers;;20:43;2;4;1;2;1;4;0;0;0;1;0;0;1;2;6;
Ryan Anderson;;27:46;7;13;7;13;1;2;1;4;5;0;0;0;1;4;22;
Brian Roberts;;13:49;2;7;1;2;0;0;0;1;1;4;0;0;0;0;5;
Lance Thomas;;15:16;1;3;0;0;0;0;2;1;3;0;0;0;0;1;2;
MEM
Rudy Gay;F;33:57;3;17;1;7;3;4;2;3;5;3;2;1;4;1;10;
Zach Randolph;F;33:52;9;16;0;0;2;2;7;6;13;1;1;0;2;2;20;
Marc Gasol;C;40:24;5;14;0;0;4;4;5;6;11;3;1;3;1;4;14;
Tony Allen;G;28:08;3;9;0;0;3;4;3;2;5;0;0;0;1;1;9;
Mike Conley;G;4:20;0;1;0;1;0;0;0;0;0;1;1;0;0;0;0;
Tony Wroten;;25:34;1;7;0;0;0;0;0;1;1;4;1;2;2;1;2;
Jerryd Bayless;;36:30;6;12;0;3;2;2;1;1;2;5;3;0;1;4;14;
Darrell Arthur;;20:54;3;7;0;0;2;2;4;3;7;0;0;1;3;4;8;
Chris Johnson;;16:21;2;5;2;5;0;0;0;3;3;1;1;0;1;0;6;
