03-13;MIA-PHI;98-94;
21-22;30-17;20-27;27-28;
MIA
LeBron James;F;37:14;8;19;1;4;10;12;2;5;7;8;2;1;4;1;27;
Udonis Haslem;F;17:47;2;2;0;0;1;2;1;3;4;0;0;0;0;2;5;
Chris Bosh;C;31:37;5;11;0;0;0;0;1;4;5;1;2;3;2;1;10;
Dwyane Wade;G;39:14;7;14;0;0;7;8;3;5;8;3;0;1;3;1;21;
Mario Chalmers;G;32:08;3;9;0;5;1;1;0;2;2;4;1;0;0;1;7;
Chris Andersen;;16:23;5;9;0;1;0;0;2;3;5;0;0;1;1;2;10;
Shane Battier;;26:03;2;6;2;6;0;0;1;3;4;4;1;0;0;0;6;
Ray Allen;;26:52;3;5;2;4;4;4;0;2;2;2;0;0;1;2;12;
Norris Cole;;12:42;0;0;0;0;0;0;0;2;2;3;1;0;2;0;0;
PHI
Evan Turner;F;37:50;7;13;0;2;1;2;0;3;3;5;1;0;2;4;15;
Thaddeus Young;F;37:02;11;20;0;0;2;2;5;10;15;3;0;1;1;4;24;
Spencer Hawes;C;22:56;2;5;0;0;2;2;1;4;5;2;0;0;2;5;6;
Damien Wilkins;G;30:11;2;4;0;1;1;2;1;1;2;5;1;0;2;4;5;
Jrue Holiday;G;42:34;9;18;3;5;0;2;4;3;7;7;3;1;3;1;21;
Charles Jenkins;;13:20;1;3;0;0;0;0;1;0;1;4;0;0;0;0;2;
Arnett Moultrie;;5:21;0;0;0;0;0;0;0;1;1;0;1;0;0;0;0;
Dorell Wright;;21:43;5;12;3;6;0;0;0;2;2;2;3;1;0;1;13;
Nick Young;;5:33;1;3;1;3;0;0;0;0;0;0;1;0;1;1;3;
Lavoy Allen;;15:12;2;4;0;0;1;2;1;2;3;1;0;0;1;1;5;
Royal Ivey;;8:18;0;3;0;1;0;0;0;1;1;0;0;0;0;1;0;
