02-12;PHX-LAL;85-91;
22-30;25-26;24-9;14-26;
PHX
PJ Tucker;F;31:55;5;10;2;4;1;1;1;3;4;5;1;2;1;3;13;
Luis Scola;F;30:11;7;11;0;0;1;4;3;8;11;3;4;0;2;2;15;
Marcin Gortat;C;20:35;2;8;0;0;0;0;1;6;7;1;1;0;3;3;4;
Jared Dudley;G;25:43;5;11;0;1;0;0;2;3;5;2;2;0;0;2;10;
Goran Dragic;G;32:18;3;12;0;2;1;2;0;1;1;6;0;0;4;4;7;
Jermaine O'Neal;;27:25;4;9;0;0;4;4;4;9;13;4;1;5;3;4;12;
Michael Beasley;;33:25;7;15;1;3;3;3;1;4;5;1;0;1;3;1;18;
Kendall Marshall;;15:42;0;1;0;1;0;0;0;0;0;4;0;0;2;0;0;
Markieff Morris;;17:49;1;5;0;1;2;2;0;2;2;1;1;0;1;2;4;
Shannon Brown;;4:57;1;3;0;1;0;1;0;0;0;0;0;0;0;0;2;
LAL
Metta World Peace;F;40:06;6;16;2;3;3;4;3;5;8;1;4;1;2;4;17;
Earl Clark;F;27:51;4;9;1;3;2;3;0;4;4;1;3;0;2;2;11;
Dwight Howard;C;40:37;8;15;0;0;3;6;3;15;18;0;1;2;2;4;19;
Kobe Bryant;G;35:46;1;8;0;4;2;2;1;4;5;9;1;1;8;1;4;
Steve Nash;G;31:51;5;11;0;2;0;0;0;1;1;8;0;0;2;0;10;
Antawn Jamison;;33:14;8;16;2;4;1;2;4;6;10;1;0;1;1;3;19;
Steve Blake;;16:09;2;2;1;1;0;0;0;0;0;3;0;0;1;0;5;
Jodie Meeks;;14:26;2;6;1;4;1;1;1;1;2;0;0;0;1;1;6;
