02-09;GSW-DAL;91-116;
16-30;20-32;30-23;25-31;
GSW
Harrison Barnes;F;28:31;4;10;2;3;2;2;1;1;2;0;0;0;0;1;12;
David Lee;F;20:49;4;9;0;0;2;2;0;6;6;0;0;0;3;4;10;
Andris Biedrins;C;13:19;0;0;0;0;0;0;2;6;8;2;0;0;0;3;0;
Klay Thompson;G;34:33;4;14;3;7;0;0;1;2;3;0;1;0;2;3;11;
Stephen Curry;G;30:45;8;23;1;3;1;1;3;4;7;4;1;0;5;2;18;
Carl Landry;;28:23;4;6;0;0;5;7;2;4;6;1;0;0;1;2;13;
Kent Bazemore;;20:09;3;11;0;3;1;4;0;0;0;2;1;0;0;3;7;
Richard Jefferson;;10:42;1;1;0;0;3;4;0;2;2;0;0;0;0;2;5;
Draymond Green;;23:21;3;8;0;0;2;2;3;6;9;1;1;0;0;3;8;
Festus Ezeli;;11:21;2;3;0;0;0;0;3;1;4;0;0;1;1;1;4;
Charles Jenkins;;13:19;0;2;0;0;0;0;0;1;1;2;0;0;2;2;0;
Jeremy Tyler;;4:49;1;2;0;0;1;2;2;2;4;0;0;0;1;0;3;
DAL
Shawn Marion;F;30:04;11;16;2;3;2;2;1;10;11;1;2;1;0;2;26;
Dirk Nowitzki;F;25:48;3;12;1;2;8;11;1;5;6;1;0;1;0;2;15;
Bernard James;C;12:57;1;2;0;0;0;3;2;1;3;0;1;0;1;4;2;
O.J. Mayo;G;36:06;6;13;2;4;5;5;0;3;3;9;2;1;2;2;19;
Darren Collison;G;32:52;5;9;3;4;5;5;1;3;4;8;0;0;2;1;18;
Elton Brand;;29:00;5;9;0;0;1;2;1;10;11;2;2;2;1;3;11;
Vince Carter;;22:24;1;4;1;3;4;6;0;2;2;1;1;0;0;3;7;
Jae Crowder;;13:11;2;5;2;3;0;0;0;1;1;0;1;1;1;0;6;
Rodrigue Beaubois;;10:55;2;3;0;1;0;0;0;0;0;2;0;0;1;3;4;
Dahntay Jones;;11:02;1;2;0;0;4;4;0;1;1;0;0;0;1;2;6;
Mike James;;4:13;0;0;0;0;0;0;0;0;0;0;0;0;0;1;0;
Brandan Wright;;8:14;1;1;0;0;0;0;0;1;1;0;0;0;1;0;2;
Dominique Jones;;3:14;0;1;0;0;0;0;0;1;1;1;0;0;0;0;0;
