10-31;SAC-CHI;87-93;
23-25;17-19;23-25;24-24;
SAC
James Johnson;F;21:28;1;8;0;1;0;0;2;1;3;1;3;0;4;3;2;
Jason Thompson;F;27:35;3;6;0;0;2;2;3;5;8;2;0;1;0;4;8;
DeMarcus Cousins;C;25:02;7;14;0;0;0;0;3;4;7;1;3;2;7;4;14;
Tyreke Evans;G;39:05;8;13;1;2;4;4;1;7;8;3;0;1;2;3;21;
Isaiah Thomas;G;24:43;3;8;2;3;2;2;0;0;0;1;0;0;3;1;10;
Marcus Thornton;;31:48;5;15;1;6;4;5;0;4;4;2;1;0;0;1;15;
Thomas Robinson;;21:33;1;5;0;0;1;2;1;2;3;0;1;0;3;3;3;
Aaron Brooks;;23:17;3;10;1;3;0;1;0;3;3;1;1;0;0;6;7;
Francisco Garcia;;7:40;2;3;1;2;0;0;0;1;1;0;0;0;0;1;5;
Charles Hayes;;17:43;1;2;0;0;0;0;1;2;3;3;1;1;0;3;2;
Jimmer Fredette;;0:06;0;0;0;0;0;0;0;0;0;0;0;0;0;0;0;
CHI
Luol Deng;F;41:33;3;13;0;4;1;3;5;7;12;2;0;1;4;3;7;
Carlos Boozer;F;33:25;8;13;0;0;2;5;1;7;8;2;1;1;3;3;18;
Joakim Noah;C;40:01;6;12;0;0;11;12;5;5;10;3;5;3;2;2;23;
Richard Hamilton;G;31:03;7;16;0;1;5;5;0;1;1;3;2;0;3;1;19;
Kirk Hinrich;G;29:23;1;7;0;1;1;3;1;2;3;7;0;0;2;2;3;
Taj Gibson;;19:14;2;6;0;0;0;0;1;4;5;0;0;4;0;1;4;
Marco Belinelli;;11:42;1;2;1;1;3;3;0;0;0;3;0;0;1;0;6;
Nate Robinson;;19:45;3;8;1;2;0;0;0;5;5;1;0;0;3;2;7;
Jimmy Butler;;11:10;1;1;0;0;2;2;0;1;1;0;0;0;0;3;4;
Nazr Mohammed;;2:44;1;1;0;0;0;0;1;0;1;0;0;1;0;2;2;
