12-15;CLE-NYK;102-103;
28-27;17-21;28-30;29-25;
CLE
Alonzo Gee;F;41:05;4;12;0;3;1;1;1;4;5;0;2;0;3;4;9;
Tristan Thompson;F;17:19;5;5;0;0;0;0;0;4;4;0;0;0;1;0;10;
Anderson Varejao;C;36:04;3;6;0;0;3;5;2;6;8;5;1;0;0;4;9;
Kyrie Irving;G;39:14;15;25;5;8;6;7;1;4;5;5;1;0;3;3;41;
CJ Miles;G;40:31;7;18;3;9;0;0;2;6;8;1;1;0;1;3;17;
Daniel Gibson;;33:58;2;9;1;4;0;0;0;4;4;3;0;0;1;5;5;
Tyler Zeller;;15:29;4;5;0;0;0;0;2;4;6;0;0;0;2;3;8;
Kevin Jones;;4:11;0;0;0;0;0;0;1;1;2;0;0;0;0;0;0;
Donald Sloan;;12:09;0;2;0;0;3;4;0;3;3;1;0;0;1;1;3;
NYK
Ronnie Brewer;F;18:18;1;3;0;1;0;0;2;1;3;2;0;0;1;0;2;
Chris Copeland;F;18:35;4;5;2;3;1;2;1;0;1;0;0;0;1;1;11;
Tyson Chandler;C;33:32;9;10;0;0;5;7;5;5;10;0;2;0;2;3;23;
Raymond Felton;G;38:22;9;20;3;4;4;4;0;5;5;7;0;2;1;2;25;
Jason Kidd;G;36:44;3;14;3;13;0;0;0;6;6;8;0;2;1;3;9;
J.R. Smith;;34:39;6;20;1;5;3;4;0;3;3;4;2;0;2;4;16;
Steve Novak;;33:28;4;9;4;7;1;2;1;4;5;2;0;1;1;2;13;
Kurt Thomas;;14:29;1;2;0;0;2;4;4;1;5;2;0;1;0;1;4;
Pablo Prigioni;;11:53;0;2;0;2;0;0;0;3;3;1;1;0;0;2;0;
