01-26;MIN-CHA;101-102;
34-22;24-25;19-26;24-29;
MIN
Andrei Kirilenko;F;32:37;2;6;0;1;6;6;1;2;3;2;2;1;1;4;10;
Derrick Williams;F;18:05;2;8;1;2;0;2;0;2;2;1;0;0;2;0;5;
Greg Stiemsma;C;23:50;4;4;0;0;3;4;2;5;7;0;0;2;2;3;11;
Luke Ridnour;G;40:39;9;14;3;5;1;1;0;7;7;7;1;1;3;1;22;
Ricky Rubio;G;29:03;4;9;1;2;5;6;1;0;1;8;5;0;2;4;14;
Mickael Gelabale;;20:34;1;4;1;3;1;1;1;1;2;0;0;0;2;3;4;
Jose Juan Barea;;32:21;7;18;4;7;1;1;0;5;5;4;0;0;2;4;19;
Dante Cunningham;;30:20;5;11;0;0;0;2;1;1;2;1;0;0;1;2;10;
Chris Johnson;;12:31;3;3;0;0;0;0;1;0;1;0;0;0;1;3;6;
CHA
Michael Kidd-Gilchrist;F;15:11;1;2;0;0;0;0;0;0;0;0;0;0;0;4;2;
Hakim Warrick;F;3:45;1;3;0;0;0;0;0;0;0;0;0;0;0;1;2;
Bismack Biyombo;C;32:12;4;4;0;0;2;4;5;8;13;1;0;2;1;5;10;
Gerald Henderson;G;31:51;6;14;1;1;2;2;1;3;4;2;0;1;0;0;15;
Kemba Walker;G;36:48;8;17;3;5;6;6;0;8;8;8;3;2;4;0;25;
Jeff Adrien;;13:45;1;1;0;0;0;0;0;0;0;2;0;0;0;1;2;
Ramon Sessions;;33:59;7;11;0;1;9;10;1;2;3;4;0;0;6;2;23;
Ben Gordon;;29:29;7;13;0;2;4;4;1;1;2;2;1;2;3;3;18;
Brendan Haywood;;11:54;0;0;0;0;0;0;0;0;0;0;0;3;1;1;0;
Tyrus Thomas;;18:03;1;6;0;0;0;0;0;6;6;2;1;0;1;4;2;
Jeff Taylor;;13:03;1;2;1;2;0;0;0;2;2;0;0;0;1;1;3;
