12-28;MIA-DET;99-109;
32-17;20-41;19-23;28-28;
MIA
LeBron James;F;44:19;15;22;2;4;3;4;1;5;6;5;6;1;3;1;35;
Udonis Haslem;F;20:29;3;5;0;0;1;2;1;1;2;1;0;1;1;3;7;
Chris Bosh;C;39:32;11;17;0;1;6;6;4;5;9;1;0;3;4;3;28;
Mike Miller;G;23:10;2;6;1;5;0;0;1;3;4;1;0;0;1;2;5;
Mario Chalmers;G;28:43;1;6;1;6;1;2;1;1;2;4;0;0;1;3;4;
Joel Anthony;;8:28;0;0;0;0;0;0;0;3;3;0;0;0;0;0;0;
Shane Battier;;27:31;2;5;2;5;0;1;1;3;4;1;0;0;1;0;6;
Ray Allen;;28:41;3;13;2;7;1;1;1;4;5;0;0;0;2;1;9;
Norris Cole;;19:07;2;3;1;1;0;0;0;0;0;5;0;0;1;3;5;
DET
Tayshaun Prince;F;36:00;4;9;1;2;2;2;0;0;0;4;0;0;0;2;11;
Jason Maxiell;F;19:03;4;7;0;0;1;2;0;1;1;1;0;0;0;0;9;
Greg Monroe;C;27:48;3;6;0;0;0;1;1;6;7;3;0;0;5;1;6;
Kyle Singler;G;31:03;5;11;1;3;1;1;2;3;5;2;1;0;1;2;12;
Brandon Knight;G;20:25;1;3;1;3;4;6;0;3;3;2;1;0;2;3;7;
Austin Daye;;28:57;4;5;2;2;1;2;0;4;4;2;0;2;1;4;11;
Andre Drummond;;23:26;5;7;0;0;0;0;3;7;10;0;2;0;2;5;10;
Will Bynum;;27:35;10;16;3;4;2;3;0;2;2;10;1;0;2;2;25;
Charlie Villanueva;;25:43;7;10;4;5;0;0;1;5;6;0;1;0;1;1;18;
