11-10;DET-HOU;82-96;
15-20;26-27;16-25;25-24;
DET
Tayshaun Prince;F;29:49;6;9;1;1;0;0;1;5;6;3;1;1;4;1;13;
Jason Maxiell;F;19:29;3;6;0;0;0;0;1;3;4;0;0;1;0;4;6;
Greg Monroe;C;31:36;4;10;0;0;4;4;3;8;11;1;2;2;4;1;12;
Rodney Stuckey;G;29:14;4;12;0;2;0;0;1;1;2;2;0;0;1;1;8;
Brandon Knight;G;34:36;6;10;2;4;2;2;0;4;4;7;0;0;5;1;16;
Jonas Jerebko;;16:11;3;12;2;6;0;0;3;1;4;1;2;0;0;2;8;
Kyle Singler;;22:54;0;5;0;2;0;0;0;3;3;0;0;4;0;2;0;
Andre Drummond;;20:11;2;2;0;0;3;6;2;5;7;0;1;0;0;1;7;
Will Bynum;;13:24;0;4;0;1;0;0;0;1;1;2;0;1;1;1;0;
Charlie Villanueva;;8:33;1;5;1;3;0;2;0;2;2;1;0;0;1;0;3;
Khris Middleton;;8:33;1;3;0;0;2;2;0;0;0;0;2;0;0;1;4;
Austin Daye;;5:30;2;2;1;1;0;0;0;1;1;0;0;0;0;1;5;
HOU
Chandler Parsons;F;33:49;3;10;2;6;0;0;0;5;5;2;0;0;0;1;8;
Patrick Patterson;F;16:21;1;5;0;0;0;0;1;1;2;1;0;0;1;0;2;
Omer Asik;C;27:25;5;12;0;0;4;4;3;5;8;0;4;0;4;3;14;
James Harden;G;35:16;6;14;2;6;6;7;0;5;5;2;0;0;5;0;20;
Jeremy Lin;G;25:48;2;7;1;3;2;2;1;3;4;8;1;0;0;1;7;
Toney Douglas;;20:46;3;7;1;3;4;4;0;2;2;2;1;0;4;2;11;
Marcus Morris;;19:13;6;7;0;0;0;2;2;6;8;0;2;0;0;1;12;
Carlos Delfino;;22:51;2;7;1;4;0;1;0;3;3;1;1;0;0;1;5;
Greg Smith;;11:32;0;2;0;0;2;2;1;3;4;4;1;1;0;3;2;
Terrence Jones;;12:26;1;6;1;3;2;2;0;0;0;0;0;2;0;1;5;
Cole Aldrich;;3:44;1;2;0;0;0;0;0;0;0;0;0;0;0;1;2;
Daequan Cook;;5:30;2;2;1;1;0;0;0;1;1;3;0;0;0;1;5;
Donatas Motiejunas;;5:19;1;1;0;0;1;2;0;0;0;0;0;0;0;2;3;
