02-04;DET-NYK;85-99;
13-28;23-29;22-19;27-23;
DET
Jason Maxiell;F;22:24;1;4;0;0;0;0;1;2;3;0;1;1;0;2;2;
Kyle Singler;F;25:21;2;5;1;1;0;0;1;1;2;1;0;0;0;3;5;
Greg Monroe;C;35:11;6;13;0;0;1;2;3;7;10;2;1;3;5;1;13;
Jose Calderon;G;26:39;7;12;1;4;0;0;0;1;1;3;0;0;0;0;15;
Brandon Knight;G;28:26;2;10;1;6;0;0;0;1;1;2;0;0;0;0;5;
Rodney Stuckey;;30:10;6;15;0;1;2;4;1;6;7;4;3;0;1;0;14;
Jonas Jerebko;;16:35;4;7;0;0;0;0;4;1;5;0;3;0;2;3;8;
Andre Drummond;;8:19;1;6;0;0;0;2;3;2;5;0;1;1;1;0;2;
Will Bynum;;21:21;5;8;0;0;3;4;0;1;1;1;1;0;3;1;13;
Charlie Villanueva;;22:32;3;9;0;1;0;0;4;4;8;2;0;0;0;2;6;
Viacheslav Kravtsov;;1:31;1;1;0;0;0;0;0;0;0;0;0;0;0;0;2;
Kim English;;1:31;0;0;0;0;0;0;0;0;0;0;0;0;0;1;0;
NYK
Carmelo Anthony;F;36:36;10;17;3;5;4;4;2;5;7;3;0;0;4;4;27;
Iman Shumpert;F;16:53;2;3;2;2;2;2;1;1;2;2;0;0;0;1;8;
Tyson Chandler;C;36:18;4;9;0;0;0;2;5;15;20;2;1;1;3;2;8;
Raymond Felton;G;34:01;2;5;0;1;0;0;2;3;5;9;2;0;3;3;4;
Jason Kidd;G;19:44;1;7;1;7;0;0;0;2;2;3;0;0;0;0;3;
J.R. Smith;;29:33;5;15;5;13;1;2;0;4;4;2;1;0;1;1;16;
Amar'e Stoudemire;;28:18;8;14;0;0;4;4;2;1;3;0;2;1;2;4;20;
Pablo Prigioni;;13:59;1;2;1;1;0;0;0;0;0;1;0;0;2;1;3;
Steve Novak;;20:05;2;5;2;5;0;0;1;1;2;0;0;0;0;0;6;
Chris Copeland;;1:31;1;1;0;0;2;2;1;0;1;0;0;0;0;0;4;
James White;;1:31;0;1;0;0;0;0;0;0;0;0;0;0;0;0;0;
Ronnie Brewer;;1:31;0;0;0;0;0;0;0;0;0;0;0;0;0;0;0;
