03-15;CLE-DAL;86-96;
24-16;22-22;22-29;18-29;
CLE
Alonzo Gee;F;33:14;4;11;1;3;2;2;1;5;6;1;0;1;2;2;11;
Tristan Thompson;F;29:41;6;8;0;0;0;1;2;5;7;0;0;0;1;1;12;
Tyler Zeller;C;30:59;4;12;0;0;2;3;3;7;10;0;2;0;2;3;10;
Dion Waiters;G;36:30;9;19;1;3;2;5;0;2;2;0;3;0;5;0;21;
Shaun Livingston;G;38:00;5;11;0;0;3;4;1;4;5;6;3;0;2;3;13;
Daniel Gibson;;21:30;0;1;0;1;0;0;0;0;0;4;0;0;0;0;0;
Luke Walton;;18:59;3;6;3;4;0;0;0;3;3;5;2;0;5;2;9;
Marreese Speights;;13:00;1;4;0;0;0;0;0;1;1;1;1;0;1;0;2;
CJ Miles;;18:07;2;6;2;5;2;3;0;5;5;1;0;1;0;1;8;
DAL
Jae Crowder;F;33:59;1;6;0;2;0;0;1;13;14;1;2;1;1;2;2;
Dirk Nowitzki;F;32:35;6;17;1;3;0;0;2;9;11;4;2;1;2;1;13;
Chris Kaman;C;5:45;2;4;0;0;0;0;0;0;0;0;0;1;1;2;4;
O.J. Mayo;G;28:60;5;10;0;1;0;2;0;3;3;4;0;2;2;1;10;
Mike James;G;21:10;3;7;1;5;0;0;1;1;2;4;1;0;2;2;7;
Darren Collison;;23:03;5;9;1;2;2;2;1;2;3;5;1;0;4;3;13;
Brandan Wright;;25:57;6;8;0;0;1;2;1;4;5;0;0;1;1;2;13;
Elton Brand;;16:53;3;4;0;0;1;1;0;1;1;0;0;0;2;2;7;
Vince Carter;;26:08;3;6;1;3;0;0;1;2;3;2;0;0;1;2;7;
Rodrigue Beaubois;;21:41;6;10;3;5;3;4;1;2;3;5;1;0;0;2;18;
Bernard James;;3:08;0;0;0;0;0;0;0;1;1;0;0;0;0;0;0;
Chris Wright;;0:41;1;1;0;0;0;0;0;0;0;0;0;0;0;0;2;
