10-31;DAL-UTA;94-113;
26-25;37-30;13-37;18-21;
DAL
Shawn Marion;F;29:27;2;7;1;2;0;0;2;9;11;4;0;0;4;1;5;
Elton Brand;F;25:42;2;8;0;0;1;2;3;4;7;2;3;2;2;3;5;
Brandan Wright;C;25:53;7;8;0;0;1;2;0;3;3;1;0;2;1;2;15;
O.J. Mayo;G;30:39;3;9;3;5;3;4;0;4;4;3;0;0;2;4;12;
Darren Collison;G;32:41;6;12;2;2;3;3;1;3;4;7;1;0;1;2;17;
Vince Carter;;20:00;3;12;2;4;4;4;0;1;1;2;0;0;1;5;12;
Eddy Curry;;8:01;1;1;0;0;0;2;0;0;0;0;0;0;2;3;2;
Jae Crowder;;21:38;3;11;2;6;0;2;0;3;3;1;0;0;0;5;8;
Rodrigue Beaubois;;15:19;3;5;1;2;1;1;0;1;1;0;2;1;1;3;8;
Bernard James;;16:09;1;5;0;0;6;6;2;4;6;0;1;0;1;3;8;
Dahntay Jones;;7:43;1;4;0;0;0;0;0;0;0;0;0;0;0;0;2;
Dominique Jones;;0:45;0;0;0;0;0;0;0;0;0;0;0;0;0;0;0;
Jared Cunningham;;6:03;0;3;0;1;0;0;0;0;0;0;1;0;1;1;0;
UTA
Marvin Williams;F;29:33;7;13;2;3;5;5;0;3;3;1;1;1;1;2;21;
Paul Millsap;F;32:55;5;12;0;0;3;4;8;7;15;3;1;0;0;3;13;
Al Jefferson;C;28:30;4;11;0;0;4;4;5;9;14;2;3;0;1;2;12;
Gordon Hayward;G;23:49;4;10;0;1;3;5;3;0;3;2;0;0;0;3;11;
Mo Williams;G;29:52;7;16;2;4;5;5;0;2;2;6;2;2;2;2;21;
Jamaal Tinsley;;18:08;1;4;0;1;0;0;0;1;1;4;1;1;1;3;2;
Derrick Favors;;17:59;1;2;0;0;4;6;2;8;10;0;0;2;3;3;6;
Randy Foye;;21:55;4;9;2;4;3;3;0;3;3;3;0;0;1;2;13;
Enes Kanter;;14:20;3;5;0;0;0;2;1;6;7;0;1;1;4;3;6;
DeMarre Carroll;;16:11;1;5;0;1;3;4;1;1;2;2;0;1;0;1;5;
Kevin Murphy;;2:16;1;2;0;0;0;0;0;0;0;0;0;0;1;1;2;
Alec Burks;;2:16;0;0;0;0;0;2;0;0;0;1;0;0;0;0;0;
Jeremy Evans;;2:16;0;0;0;0;1;2;0;1;1;0;1;0;0;0;1;
