12-07;GSW-BKN;109-102;
24-31;31-32;29-19;25-20;
GSW
Harrison Barnes;F;23:12;2;5;0;1;2;2;0;3;3;2;1;0;0;4;6;
David Lee;F;40:57;14;22;0;0;2;4;7;8;15;2;0;0;2;1;30;
Festus Ezeli;C;8:38;0;4;0;0;0;0;0;1;1;0;0;0;2;3;0;
Klay Thompson;G;36:19;5;11;3;7;0;0;1;4;5;2;2;0;1;4;13;
Stephen Curry;G;42:59;10;19;5;9;3;3;1;3;4;5;2;0;0;1;28;
Andris Biedrins;;5:42;0;0;0;0;0;0;0;1;1;0;0;0;0;0;0;
Jarrett Jack;;30:12;7;12;1;1;0;0;0;2;2;8;0;0;4;1;15;
Charles Jenkins;;5:32;2;4;0;0;0;0;0;0;0;1;0;0;0;0;4;
Draymond Green;;27:45;3;9;0;1;0;0;4;6;10;3;3;0;2;3;6;
Kent Bazemore;;0:09;0;0;0;0;0;0;0;0;0;0;0;0;0;0;0;
Carl Landry;;18:35;3;4;0;0;1;1;2;4;6;1;1;1;0;4;7;
BKN
Gerald Wallace;F;37:17;3;8;1;3;1;2;1;5;6;4;1;2;4;0;8;
Kris Humphries;F;22:46;1;3;0;0;2;2;2;2;4;2;0;0;0;2;4;
Andray Blatche;C;34:49;8;13;1;1;5;9;7;8;15;2;4;0;2;2;22;
Joe Johnson;G;38:54;12;23;4;9;4;4;1;4;5;1;0;1;1;0;32;
Deron Williams;G;41:25;8;22;2;10;5;6;1;4;5;8;0;1;3;3;23;
Mirza Teletovic;;5:56;0;2;0;1;0;0;2;2;4;0;0;0;2;1;0;
CJ Watson;;11:08;2;5;2;3;0;0;0;1;1;3;0;0;0;0;6;
Reggie Evans;;17:54;1;1;0;0;0;0;1;2;3;0;0;0;1;2;2;
Jerry Stackhouse;;19:04;2;7;1;4;0;0;0;1;1;3;0;0;0;2;5;
Keith Bogans;;6:16;0;1;0;1;0;0;0;0;0;0;0;0;0;1;0;
Josh Childress;;1:23;0;1;0;1;0;0;0;0;0;0;0;0;0;0;0;
MarShon Brooks;;3:08;0;1;0;0;0;0;0;0;0;0;0;0;0;0;0;
