01-23;OKC-GSW;99-104;
26-27;31-25;22-24;20-28;
OKC
Kevin Durant;F;39:06;10;17;2;3;11;12;0;5;5;9;1;3;6;3;33;
Serge Ibaka;F;27:24;5;9;0;0;2;4;2;3;5;0;1;3;3;0;12;
Kendrick Perkins;C;32:41;6;8;0;0;0;0;2;4;6;2;0;1;1;5;12;
Thabo Sefolosha;G;31:50;1;7;1;5;2;2;1;4;5;2;2;0;0;3;5;
Russell Westbrook;G;35:42;3;16;0;5;4;6;0;5;5;4;1;0;6;2;10;
Nick Collison;;18:57;2;6;0;0;0;0;1;2;3;0;0;0;1;2;4;
Kevin Martin;;31:51;6;9;2;3;2;2;1;0;1;0;4;0;2;3;16;
DeAndre Liggins;;7:04;1;1;0;0;0;0;1;1;2;0;0;0;0;1;2;
Perry Jones;;3:07;0;0;0;0;0;0;0;1;1;0;0;0;0;1;0;
Reggie Jackson;;12:18;2;5;0;0;1;1;1;5;6;3;0;0;0;0;5;
GSW
Harrison Barnes;F;25:37;0;5;0;1;2;2;0;7;7;2;1;0;1;2;2;
David Lee;F;41:52;9;18;0;0;4;5;4;8;12;1;0;0;3;3;22;
Festus Ezeli;C;23:20;0;1;0;0;1;2;3;1;4;0;3;2;3;0;1;
Klay Thompson;G;29:56;6;11;3;6;4;4;0;1;1;2;0;0;1;6;19;
Stephen Curry;G;41:36;11;27;3;14;6;6;1;2;3;7;4;0;2;1;31;
Draymond Green;;7:11;0;0;0;0;0;0;0;0;0;0;0;0;0;2;0;
Jarrett Jack;;30:17;4;9;0;2;1;2;0;3;3;8;1;0;3;2;9;
Andris Biedrins;;3:41;0;0;0;0;0;0;0;0;0;0;0;1;0;3;0;
Richard Jefferson;;10:25;0;1;0;0;0;0;0;3;3;0;0;0;1;0;0;
Carl Landry;;25:43;7;12;0;0;6;6;3;4;7;0;1;0;1;2;20;
Kent Bazemore;;0:16;0;0;0;0;0;0;0;0;0;0;0;0;0;0;0;
Charles Jenkins;;0:07;0;0;0;0;0;0;0;0;0;0;0;0;0;0;0;
