11-04;MIN-TOR;86-105;
24-25;23-31;26-23;13-26;
MIN
Andrei Kirilenko;F;28:33;6;7;1;1;4;5;1;5;6;3;1;3;2;1;17;
Derrick Williams;F;25:39;3;7;1;1;2;4;1;7;8;1;0;0;1;1;9;
Nikola Pekovic;C;28:56;6;11;0;0;3;4;1;2;3;1;1;1;3;1;15;
Brandon Roy;G;21:50;0;3;0;1;4;4;0;1;1;0;1;0;5;2;4;
Luke Ridnour;G;32:22;3;5;0;2;2;2;0;5;5;5;3;0;4;2;8;
Alexey Shved;;22:01;2;6;1;4;3;4;2;2;4;4;1;0;3;1;8;
Chase Budinger;;20:49;3;5;2;3;1;2;0;3;3;1;0;0;4;3;9;
Dante Cunningham;;19:07;2;7;0;0;0;0;1;1;2;1;0;0;1;3;4;
Jose Juan Barea;;7:35;3;5;1;3;2;2;0;1;1;1;0;0;0;0;9;
Greg Stiemsma;;17:01;1;3;0;0;0;0;1;0;1;1;0;4;1;1;2;
Will Conroy;;8:03;0;4;0;1;0;0;1;0;1;0;0;0;0;0;0;
Lou Amundson;;4:02;0;1;0;0;1;4;0;1;1;0;1;0;0;0;1;
Malcolm Lee;;4:02;0;0;0;0;0;0;0;0;0;0;0;0;0;2;0;
TOR
Landry Fields;F;21:20;2;4;0;0;1;1;0;3;3;0;1;0;2;1;5;
Andrea Bargnani;F;24:01;4;16;2;4;0;0;1;0;1;0;0;0;0;3;10;
Jonas Valanciunas;C;22:42;2;8;0;0;0;0;3;1;4;2;0;1;1;3;4;
DeMar DeRozan;G;32:26;8;14;1;2;5;6;2;5;7;2;3;0;2;3;22;
Kyle Lowry;G;31:46;8;10;2;3;4;4;4;3;7;5;3;0;2;1;22;
Terrence Ross;;7:13;1;4;0;1;0;0;0;1;1;1;0;0;2;3;2;
Amir Johnson;;23:19;3;7;0;0;3;4;2;3;5;3;2;1;1;2;9;
Ed Davis;;23:59;3;7;0;0;0;0;2;5;7;1;0;0;1;2;6;
Jose Calderon;;14:15;3;5;1;2;0;0;1;0;1;3;0;0;0;1;7;
Alan Anderson;;30:51;6;14;4;8;2;2;1;2;3;1;0;0;0;4;18;
John Lucas III;;6:09;0;1;0;1;0;0;0;0;0;0;0;0;0;0;0;
Dominic McGuire;;1:59;0;0;0;0;0;0;0;0;0;0;0;1;0;1;0;
