11-02;POR-OKC;92-106;
21-26;21-23;24-25;26-32;
POR
Nicolas Batum;F;36:41;1;11;1;5;0;0;0;1;1;2;1;0;1;4;3;
LaMarcus Aldridge;F;35:50;8;22;0;1;6;6;2;13;15;3;1;0;2;5;22;
JJ Hickson;C;25:37;5;12;0;0;4;6;7;5;12;1;0;0;2;2;14;
Wesley Matthews;G;35:27;5;15;4;9;3;5;0;3;3;0;0;0;1;3;17;
Damian Lillard;G;37:33;9;19;2;6;1;1;1;2;3;7;1;0;2;1;21;
Meyers Leonard;;14:40;0;0;0;0;3;4;0;4;4;0;0;0;1;2;3;
Nolan Smith;;10:27;1;1;0;0;0;0;0;0;0;1;0;0;2;2;2;
Sasha Pavlovic;;22:44;0;2;0;2;0;0;0;2;2;1;1;0;0;5;0;
Joel Freeland;;6:07;0;2;0;0;2;2;1;2;3;0;0;0;0;0;2;
Jared Jeffries;;4:59;0;0;0;0;0;0;0;0;0;1;0;0;0;0;0;
Luke Babbitt;;8:47;3;5;2;3;0;0;0;1;1;1;0;0;0;1;8;
Will Barton;;1:08;0;0;0;0;0;0;0;0;0;0;0;0;0;0;0;
OKC
Kevin Durant;F;42:41;7;14;1;3;8;12;2;15;17;7;0;2;6;1;23;
Serge Ibaka;F;26:40;3;11;0;0;1;2;1;4;5;0;0;2;1;4;7;
Kendrick Perkins;C;21:12;0;2;0;0;0;0;1;2;3;0;0;1;1;0;0;
Thabo Sefolosha;G;18:16;1;3;0;0;0;0;1;2;3;0;0;1;0;2;2;
Russell Westbrook;G;35:17;13;24;0;2;6;8;1;4;5;6;0;0;1;1;32;
Nick Collison;;27:38;5;6;0;0;2;2;0;5;5;2;1;1;1;5;12;
Kevin Martin;;28:48;5;11;3;3;6;6;1;2;3;2;1;1;0;2;19;
Hasheem Thabeet;;17:31;2;2;0;0;0;1;1;3;4;0;0;2;1;6;4;
Eric Maynor;;15:30;1;1;0;0;0;1;0;0;0;0;0;0;1;1;2;
Perry Jones;;5:19;1;1;0;0;0;0;0;2;2;1;0;0;0;0;2;
Jeremy Lamb;;1:08;1;1;1;1;0;0;0;0;0;0;0;0;0;0;3;
