03-01;SAC-SAS;102-130;
21-34;28-29;20-34;33-33;
SAC
John Salmons;F;21:03;1;7;1;2;0;0;0;1;1;1;2;0;1;1;3;
Jason Thompson;F;25:12;3;6;0;0;0;0;0;5;5;2;1;1;1;4;6;
DeMarcus Cousins;C;20:47;4;9;0;0;1;2;2;5;7;0;1;0;4;3;9;
Tyreke Evans;G;22:21;3;7;2;2;2;2;0;2;2;2;2;1;4;1;10;
Isaiah Thomas;G;24:09;6;12;1;4;5;5;0;0;0;1;2;0;1;3;18;
Toney Douglas;;20:34;1;5;0;2;0;0;1;1;2;4;1;0;2;1;2;
Marcus Thornton;;32:28;8;13;2;5;7;7;0;1;1;5;1;0;1;2;25;
Charles Hayes;;14:04;3;3;0;0;2;3;1;1;2;1;0;0;1;1;8;
James Johnson;;6:04;3;6;0;1;0;0;0;0;0;0;1;0;1;0;6;
Patrick Patterson;;25:53;3;9;0;1;0;0;1;4;5;1;3;0;1;2;6;
Jimmer Fredette;;19:35;1;3;0;1;0;0;0;1;1;3;0;0;2;0;2;
Travis Outlaw;;7:50;3;5;1;3;0;0;0;2;2;0;0;0;0;0;7;
SAS
Kawhi Leonard;F;29:42;5;7;0;0;4;4;0;4;4;4;2;0;2;0;14;
Tim Duncan;F;25:07;5;8;0;0;3;5;1;9;10;3;3;3;2;2;13;
Tiago Splitter;C;22:30;6;8;0;0;2;2;4;7;11;0;1;0;0;1;14;
Danny Green;G;24:23;5;9;3;6;2;2;1;2;3;2;2;2;5;1;15;
Tony Parker;G;25:18;5;10;0;0;3;3;0;0;0;7;0;0;5;1;13;
Manu Ginobili;;22:56;4;7;0;2;1;3;1;3;4;15;3;0;1;0;9;
Matt Bonner;;23:20;4;9;3;6;2;2;0;1;1;2;0;1;1;0;13;
DeJuan Blair;;23:46;8;12;0;1;0;0;2;1;3;3;0;0;1;4;16;
Cory Joseph;;10:47;3;3;1;1;2;2;0;2;2;0;1;0;0;6;9;
Nando De Colo;;11:58;0;3;0;1;0;0;0;2;2;3;0;0;1;0;0;
Patty Mills;;14:16;5;7;2;3;0;0;0;3;3;1;0;0;1;0;12;
Aron Baynes;;5:57;1;1;0;0;0;0;0;0;0;1;0;0;0;0;2;
