03-13;PHX-HOU;81-111;
25-30;20-28;17-32;19-21;
PHX
Marcus Morris;F;19:17;2;7;0;3;1;3;0;0;0;0;1;1;0;1;5;
Markieff Morris;F;21:39;2;8;0;1;0;0;2;3;5;1;1;1;4;2;4;
Luis Scola;C;13:44;2;5;0;0;0;0;1;3;4;1;0;0;2;3;4;
Wesley Johnson;G;30:54;7;13;1;2;0;0;0;2;2;3;1;1;0;3;15;
Goran Dragic;G;20:00;4;10;1;3;2;3;2;3;5;4;3;0;2;3;11;
Jermaine O'Neal;;22:45;3;6;0;0;0;0;0;3;3;1;1;2;4;2;6;
Kendall Marshall;;28:00;4;6;2;4;0;0;0;2;2;6;2;0;3;1;10;
Jared Dudley;;19:23;2;5;1;2;0;0;0;0;0;1;0;0;0;1;5;
Michael Beasley;;24:42;4;13;0;5;2;2;0;5;5;2;2;1;2;2;10;
PJ Tucker;;18:06;0;1;0;0;0;0;0;2;2;0;0;0;0;0;0;
Hamed Haddadi;;13:07;0;2;0;0;2;2;0;1;1;0;1;1;2;2;2;
Diante Garrett;;8:23;4;5;1;1;0;0;0;0;0;1;1;0;1;0;9;
HOU
Chandler Parsons;F;24:29;5;11;0;3;1;1;0;3;3;4;1;1;1;0;11;
Donatas Motiejunas;F;27:37;7;12;2;4;3;4;2;3;5;2;0;1;1;3;19;
Omer Asik;C;25:54;4;7;0;0;6;7;2;5;7;1;0;1;2;1;14;
James Harden;G;31:53;4;7;3;5;7;8;0;2;2;4;0;0;4;2;18;
Jeremy Lin;G;25:43;5;9;1;2;2;2;0;3;3;6;2;0;2;1;13;
Greg Smith;;22:03;3;5;0;0;0;2;2;10;12;1;0;2;3;4;6;
Thomas Robinson;;20:23;5;9;0;0;2;4;4;3;7;0;1;0;4;0;12;
Carlos Delfino;;15:11;2;5;1;1;0;0;0;3;3;1;1;0;0;0;5;
Patrick Beverley;;22:17;2;7;2;4;0;0;1;2;3;4;3;0;1;0;6;
Francisco Garcia;;11:05;0;1;0;0;0;0;0;0;0;1;0;0;1;1;0;
James Anderson;;8:23;1;2;0;1;2;2;0;1;1;2;2;0;0;0;4;
Aaron Brooks;;5:02;1;1;1;1;0;0;0;0;0;0;0;0;3;0;3;
