12-05;MIL-SAS;99-110;
32-29;26-23;18-24;23-34;
MIL
Marquis Daniels;F;28:48;5;10;1;1;1;3;0;2;2;3;2;0;1;2;12;
Larry Sanders;F;17:13;2;4;0;0;0;0;2;5;7;2;2;1;3;5;4;
Ekpe Udoh;C;25:31;2;4;0;0;3;4;3;2;5;1;0;2;0;2;7;
Monta Ellis;G;37:43;5;19;1;3;10;11;0;7;7;11;3;0;0;2;21;
Brandon Jennings;G;38:52;5;15;1;2;3;3;0;2;2;4;1;0;2;3;14;
Ersan Ilyasova;;30:14;7;12;1;3;2;2;2;3;5;0;1;0;1;1;17;
John Henson;;2:06;0;0;0;0;0;0;0;0;0;0;0;0;0;2;0;
Luc Mbah a Moute;;19:12;2;5;1;2;5;6;0;3;3;1;1;0;2;1;10;
Samuel Dalembert;;17:03;4;6;0;0;0;0;1;3;4;0;0;1;0;2;8;
Doron Lamb;;22:04;2;8;0;1;0;0;0;1;1;2;1;0;2;1;4;
Tobias Harris;;1:14;1;1;0;0;0;0;0;0;0;0;0;0;0;0;2;
SAS
Boris Diaw;F;21:54;2;5;0;2;0;0;1;3;4;1;0;1;2;2;4;
Tim Duncan;F;26:44;7;15;0;0;3;3;1;9;10;1;0;2;2;1;17;
DeJuan Blair;C;12:57;2;5;0;0;1;2;4;0;4;0;0;0;0;2;5;
Gary Neal;G;31:08;7;16;2;6;6;7;2;4;6;2;0;0;1;2;22;
Tony Parker;G;35:42;6;11;0;0;10;11;0;4;4;10;1;0;7;3;22;
Tiago Splitter;;24:04;7;9;0;0;1;2;2;3;5;0;1;0;1;2;15;
Manu Ginobili;;24:54;3;10;2;5;3;3;0;4;4;6;1;0;2;4;11;
Matt Bonner;;23:28;2;7;1;5;0;0;3;9;12;0;0;0;1;3;5;
Cory Joseph;;10:15;1;2;0;1;0;0;1;1;2;2;2;0;1;0;2;
James Anderson;;11:45;0;1;0;0;0;0;0;1;1;3;0;0;0;0;0;
Nando De Colo;;17:09;3;4;1;2;0;0;0;1;1;2;1;1;0;1;7;
