11-28;UTA-NOH;96-84;
20-20;21-19;31-17;24-28;
UTA
Marvin Williams;F;25:57;4;7;2;3;6;8;0;3;3;0;1;0;1;3;16;
Paul Millsap;F;31:09;3;7;0;0;10;12;2;6;8;4;1;0;2;1;16;
Al Jefferson;C;34:23;9;16;0;0;1;2;1;6;7;3;3;2;1;5;19;
Randy Foye;G;24:42;3;8;1;3;0;0;0;1;1;1;1;0;1;1;7;
Jamaal Tinsley;G;31:08;0;1;0;1;0;0;0;2;2;5;2;0;4;2;0;
Earl Watson;;16:52;0;0;0;0;0;0;0;0;0;8;2;0;0;3;0;
Gordon Hayward;;23:18;4;8;2;2;5;7;0;2;2;2;0;0;4;2;15;
Derrick Favors;;16:51;4;8;0;0;1;2;1;7;8;1;0;1;2;3;9;
DeMarre Carroll;;22:04;2;6;1;2;3;4;2;3;5;0;1;0;0;1;8;
Enes Kanter;;13:37;2;2;0;0;2;3;0;3;3;0;0;1;1;4;6;
NOH
Al-Farouq Aminu;F;29:47;3;8;0;0;0;0;4;2;6;1;3;0;6;1;6;
Ryan Anderson;F;29:36;2;8;1;6;2;2;0;8;8;2;1;0;1;4;7;
Robin Lopez;C;29:11;7;9;0;0;4;6;3;4;7;0;0;0;3;2;18;
Roger Mason Jr.;G;19:30;3;7;1;4;0;0;0;0;0;2;0;0;0;1;7;
Greivis Vasquez;G;34:25;7;15;1;4;3;4;1;2;3;8;0;0;1;5;18;
Jason Smith;;28:42;1;7;0;0;5;6;3;6;9;0;0;0;5;1;7;
Austin Rivers;;22:05;1;4;0;3;0;0;0;2;2;0;0;0;1;4;2;
Darius Miller;;18:13;2;3;1;1;0;0;0;2;2;1;0;1;0;5;5;
Brian Roberts;;20:00;4;10;1;3;2;2;0;0;0;1;0;0;2;3;11;
Lance Thomas;;8:31;1;2;0;0;1;1;1;0;1;0;0;0;0;1;3;
