01-11;UTA-ATL;95-103;
25-22;22-21;29-25;19-35;
UTA
DeMarre Carroll;F;19:20;3;6;1;4;0;0;0;1;1;2;1;0;0;0;7;
Paul Millsap;F;36:23;8;16;0;1;4;4;3;10;13;5;2;0;1;5;20;
Al Jefferson;C;38:26;10;19;0;0;3;5;1;9;10;3;1;0;2;0;23;
Randy Foye;G;40:43;8;12;6;7;3;4;0;0;0;2;2;0;2;3;25;
Jamaal Tinsley;G;26:56;1;3;1;2;1;2;0;2;2;9;0;1;4;2;4;
Derrick Favors;;14:31;0;2;0;0;0;0;0;3;3;1;1;2;3;3;0;
Gordon Hayward;;28:40;4;9;0;4;4;4;0;1;1;2;0;1;2;1;12;
Earl Watson;;21:04;2;4;0;1;0;0;1;1;2;5;1;0;1;3;4;
Enes Kanter;;6:40;0;2;0;0;0;0;2;0;2;0;1;0;0;1;0;
Alec Burks;;7:17;0;3;0;1;0;0;0;1;1;0;0;0;1;4;0;
ATL
Kyle Korver;F;21:11;1;4;1;2;0;0;0;2;2;2;0;0;0;1;3;
Josh Smith;F;35:47;7;14;0;3;1;4;0;10;10;6;0;1;2;0;15;
Al Horford;C;30:20;6;9;0;0;0;0;1;2;3;3;1;2;1;3;12;
Devin Harris;G;35:21;7;8;4;5;6;8;1;3;4;5;2;0;3;1;24;
Jeff Teague;G;26:58;2;6;1;2;2;3;0;1;1;4;3;0;3;3;7;
Lou Williams;;33:41;5;13;2;6;2;3;0;2;2;3;2;1;3;1;14;
Zaza Pachulia;;19:46;5;7;0;0;2;3;2;1;3;1;1;0;1;5;12;
Ivan Johnson;;26:02;6;10;0;0;1;2;0;7;7;0;1;1;0;2;13;
John Jenkins;;10:54;1;1;1;1;0;0;0;1;1;0;0;0;0;2;3;
