01-13;OKC-POR;87-83;
22-19;20-24;26-16;19-24;
OKC
Kevin Durant;F;39:13;12;21;2;9;7;8;1;3;4;6;0;2;3;3;33;
Nick Collison;F;21:31;4;5;0;0;0;0;0;3;3;0;0;0;0;3;8;
Kendrick Perkins;C;33:27;1;3;0;0;1;2;2;10;12;0;2;0;1;3;3;
DeAndre Liggins;G;39:36;4;6;3;3;0;0;0;9;9;2;1;0;3;4;11;
Russell Westbrook;G;34:09;5;21;1;5;7;9;2;6;8;9;0;0;3;1;18;
Hasheem Thabeet;;16:25;1;1;0;0;0;0;0;2;2;0;2;1;1;2;2;
Kevin Martin;;33:29;1;8;0;5;2;3;1;1;2;2;1;0;2;0;4;
Perry Jones;;7:42;1;1;0;0;0;0;0;1;1;0;0;0;1;3;2;
Reggie Jackson;;14:28;3;5;0;1;0;0;0;2;2;1;0;0;1;0;6;
POR
Nicolas Batum;F;43:53;6;17;3;8;6;6;2;5;7;2;1;1;3;4;21;
LaMarcus Aldridge;F;38:08;15;26;0;0;3;3;2;9;11;0;0;2;2;2;33;
JJ Hickson;C;25:35;2;7;0;0;3;5;1;8;9;1;0;1;1;2;7;
Wesley Matthews;G;39:12;2;8;1;2;2;2;1;0;1;4;1;1;2;4;7;
Damian Lillard;G;40:50;3;14;2;9;1;2;1;3;4;9;1;0;3;2;9;
Joel Freeland;;8:48;0;1;0;0;0;0;1;2;3;0;0;0;0;1;0;
Will Barton;;8:55;1;3;0;0;0;0;0;1;1;0;0;1;0;1;2;
Ronnie Price;;7:10;1;4;0;0;0;0;1;0;1;0;0;0;0;2;2;
Luke Babbitt;;6:59;0;3;0;2;0;0;1;0;1;1;0;0;1;0;0;
Jared Jeffries;;6:41;1;2;0;0;0;0;2;1;3;0;0;0;0;0;2;
Sasha Pavlovic;;13:49;0;1;0;0;0;0;0;1;1;0;0;0;0;0;0;
