11-13;SAS-LAL;84-82;
18-24;20-19;22-16;24-23;
SAS
Kawhi Leonard;F;26:11;3;6;1;2;0;0;0;4;4;2;1;0;2;2;7;
Tim Duncan;F;36:35;9;19;0;0;0;2;1;8;9;4;0;4;0;4;18;
Tiago Splitter;C;29:15;4;8;0;0;1;2;6;3;9;2;2;1;1;2;9;
Danny Green;G;30:26;4;12;3;7;0;0;2;3;5;1;3;0;0;1;11;
Tony Parker;G;34:02;8;18;0;0;3;3;1;3;4;7;0;0;1;2;19;
Stephen Jackson;;23:25;2;7;2;4;0;0;0;1;1;0;2;0;0;2;6;
Boris Diaw;;14:57;1;2;1;1;0;0;0;1;1;0;1;0;0;1;3;
Manu Ginobili;;18:44;1;8;0;4;1;2;0;1;1;3;0;0;2;2;3;
DeJuan Blair;;12:36;2;4;0;0;2;2;0;2;2;2;2;0;1;1;6;
Gary Neal;;7:52;0;3;0;2;0;0;1;1;2;1;1;0;1;0;0;
Patty Mills;;5:57;1;3;0;0;0;0;0;0;0;0;1;0;0;0;2;
LAL
Metta World Peace;F;36:42;4;14;2;8;2;2;2;2;4;0;0;1;1;1;12;
Pau Gasol;F;36:55;3;10;0;1;4;4;2;8;10;5;0;2;1;2;10;
Dwight Howard;C;40:50;5;9;0;0;3;6;2;13;15;1;1;3;6;5;13;
Kobe Bryant;G;38:05;12;19;2;4;2;2;0;4;4;8;1;0;2;0;28;
Darius Morris;G;20:46;0;5;0;2;1;4;2;0;2;1;0;0;0;1;1;
Chris Duhon;;19:23;2;4;1;2;0;0;1;1;2;3;0;0;2;3;5;
Jordan Hill;;18:15;3;8;0;0;2;4;3;3;6;0;1;3;1;2;8;
Jodie Meeks;;9:55;0;1;0;1;0;0;1;1;2;0;2;0;3;0;0;
Antawn Jamison;;19:09;2;4;1;2;0;0;0;3;3;0;0;0;1;0;5;
