12-07;HOU-SAS;92-114;
21-29;24-28;21-30;26-27;
HOU
Chandler Parsons;F;24:19;3;10;0;4;1;1;0;1;1;0;0;0;2;2;7;
Patrick Patterson;F;32:30;5;14;0;3;0;0;3;2;5;5;1;1;2;0;10;
Omer Asik;C;24:04;0;6;0;0;0;0;3;2;5;1;0;0;5;3;0;
James Harden;G;34:26;10;16;3;6;6;7;0;3;3;5;4;0;3;1;29;
Jeremy Lin;G;26:03;2;9;0;3;0;0;1;5;6;4;1;0;2;1;4;
Carlos Delfino;;17:44;3;7;3;5;0;0;0;3;3;1;0;0;1;2;9;
Toney Douglas;;21:57;4;9;2;4;0;0;0;1;1;3;2;0;2;1;10;
Greg Smith;;13:44;1;3;0;0;0;0;1;1;2;0;1;0;0;1;2;
Marcus Morris;;17:26;1;5;0;2;0;0;0;3;3;1;1;0;0;1;2;
Daequan Cook;;11:19;3;9;2;5;0;0;1;1;2;0;1;0;0;0;8;
Cole Aldrich;;7:31;1;2;0;0;0;0;1;2;3;1;0;1;1;2;2;
Terrence Jones;;7:31;4;5;1;1;0;0;0;3;3;2;0;0;0;0;9;
Donatas Motiejunas;;1:26;0;0;0;0;0;0;0;0;0;0;0;0;0;0;0;
SAS
Danny Green;F;17:47;2;6;2;5;0;0;0;3;3;1;3;2;2;0;6;
Tim Duncan;F;23:22;6;13;0;0;0;0;2;10;12;3;0;2;1;1;12;
DeJuan Blair;C;20:19;3;5;0;0;2;2;1;4;5;1;1;0;2;2;8;
Gary Neal;G;25:41;6;11;0;4;0;0;0;0;0;2;1;0;0;1;12;
Tony Parker;G;25:11;7;9;0;0;3;3;0;1;1;7;1;1;2;0;17;
Manu Ginobili;;19:52;4;8;0;2;4;4;0;5;5;3;1;0;1;2;12;
Boris Diaw;;16:36;1;3;0;0;0;0;0;4;4;5;1;0;1;1;2;
Tiago Splitter;;19:41;6;7;0;0;3;4;2;4;6;2;0;1;2;1;15;
Nando De Colo;;20:48;3;6;1;2;0;0;0;4;4;5;1;0;2;1;7;
Patty Mills;;18:40;5;8;2;4;0;0;0;3;3;0;1;0;2;0;12;
James Anderson;;14:00;1;3;0;1;0;0;0;3;3;1;0;1;1;0;2;
Matt Bonner;;9:52;2;4;1;2;0;0;1;3;4;0;0;0;0;0;5;
Cory Joseph;;8:11;2;4;0;0;0;0;0;0;0;3;0;0;1;1;4;
