03-02;TOR-MIL;114-122;
32-23;23-31;19-28;30-22;10-18;
TOR
Landry Fields;F;47:37;7;13;0;2;1;1;2;5;7;4;4;0;0;5;15;
Amir Johnson;F;39:24;9;11;0;0;1;2;4;5;9;1;0;0;2;6;19;
Andrea Bargnani;C;33:00;4;14;1;3;2;2;1;6;7;3;0;2;2;2;11;
DeMar DeRozan;G;46:13;6;21;0;0;6;8;0;3;3;9;0;1;2;6;18;
Kyle Lowry;G;36:01;4;7;2;4;0;0;2;8;10;10;5;0;6;5;10;
John Lucas III;;17:39;6;9;4;5;0;0;0;0;0;0;0;0;0;1;16;
Jonas Valanciunas;;11:04;2;5;0;0;0;0;3;2;5;0;0;0;2;1;4;
Alan Anderson;;29:03;8;20;1;8;4;5;1;0;1;1;0;0;2;0;21;
Terrence Ross;;5:00;0;0;0;0;0;0;0;0;0;0;0;0;0;0;0;
MIL
Luc Mbah a Moute;F;24:02;2;5;0;0;6;10;3;2;5;0;1;0;1;0;10;
Ersan Ilyasova;F;42:24;12;21;0;3;5;5;3;8;11;1;2;1;1;2;29;
Larry Sanders;C;34:34;6;8;0;0;1;1;5;7;12;2;0;5;1;2;13;
Monta Ellis;G;37:45;9;18;0;0;5;6;0;5;5;5;3;0;2;5;23;
Brandon Jennings;G;45:15;3;12;1;2;4;4;0;5;5;19;1;1;3;0;11;
Mike Dunleavy;;20:03;3;7;2;3;0;0;1;2;3;2;0;0;1;2;8;
Samuel Dalembert;;8:04;1;3;0;0;0;0;0;2;2;1;0;0;0;1;2;
JJ Redick;;34:51;6;12;2;6;2;2;0;0;0;2;0;0;3;4;16;
John Henson;;8:47;4;5;0;0;0;0;0;2;2;0;0;0;0;1;8;
Ekpe Udoh;;9:15;0;1;0;0;2;2;1;2;3;0;1;0;2;3;2;
