12-29;DEN-MEM;72-81;
15-19;21-18;21-16;15-28;
DEN
Danilo Gallinari;F;28:49;2;8;1;3;2;2;2;4;6;1;0;0;2;0;7;
Kenneth Faried;F;24:41;5;7;0;0;1;2;2;2;4;1;1;0;1;5;11;
Kosta Koufos;C;25:37;4;6;0;0;0;0;1;5;6;3;1;1;1;6;8;
Andre Iguodala;G;40:38;5;10;1;6;1;4;0;3;3;5;2;0;2;0;12;
Ty Lawson;G;27:50;1;7;0;3;1;2;0;3;3;1;0;0;2;1;3;
Corey Brewer;;30:04;5;10;1;4;1;1;0;4;4;2;0;0;3;1;null;
JaVale McGee;;21:57;5;11;0;0;2;2;4;5;9;0;0;6;2;2;12;
Andre Miller;;27:32;2;5;0;0;3;5;0;3;3;4;1;0;3;1;7;
Timofey Mozgov;;12:52;0;4;0;0;0;0;1;2;3;0;0;0;0;1;0;
MEM
Rudy Gay;F;32:29;8;18;1;3;2;3;1;5;6;0;1;0;2;1;19;
Zach Randolph;F;29:07;6;13;0;1;0;0;3;4;7;2;0;0;2;1;12;
Marc Gasol;C;28:33;3;9;0;1;0;0;4;5;9;2;3;2;1;3;6;
Tony Allen;G;25:16;3;5;0;0;0;0;1;4;5;1;1;1;1;3;6;
Mike Conley;G;28:22;3;12;1;5;0;0;0;1;1;6;2;0;0;0;7;
Quincy Pondexter;;15:59;1;5;1;3;0;0;0;1;1;0;0;0;0;1;3;
Jerryd Bayless;;24:12;3;6;0;2;0;0;0;2;2;5;0;0;1;3;6;
Marreese Speights;;16:00;3;9;0;0;2;4;6;4;10;0;1;2;1;2;8;
Darrell Arthur;;17:49;3;7;0;1;0;0;1;1;2;2;1;1;0;3;6;
Wayne Ellington;;15:28;2;4;2;3;0;0;0;4;4;0;0;0;0;0;6;
Hamed Haddadi;;6:45;1;1;0;0;0;0;1;1;2;1;0;0;0;0;2;
