12-19;UTA-IND;84-104;
23-31;8-22;20-23;33-28;
UTA
Marvin Williams;F;21:24;3;5;0;2;0;0;1;2;3;1;0;0;2;0;6;
Paul Millsap;F;22:53;2;7;0;0;3;4;4;5;9;3;0;1;0;3;7;
Al Jefferson;C;22:21;1;8;0;0;2;2;2;4;6;2;0;1;0;4;4;
Randy Foye;G;21:46;3;10;1;6;0;0;0;1;1;2;1;0;0;1;7;
Mo Williams;G;24:48;5;11;1;3;0;0;0;0;0;3;0;0;4;1;11;
Derrick Favors;;27:47;7;13;0;0;2;5;4;5;9;0;1;3;0;3;16;
Gordon Hayward;;12:43;2;6;0;1;4;5;0;2;2;1;1;0;5;2;8;
DeMarre Carroll;;19:16;1;4;0;1;0;0;0;5;5;1;1;0;0;2;2;
Earl Watson;;23:12;1;6;0;1;0;1;1;2;3;4;0;0;2;2;2;
Enes Kanter;;22:59;2;5;0;0;5;6;4;5;9;0;0;1;2;4;9;
Alec Burks;;13:53;5;10;0;1;2;2;0;1;1;1;0;0;0;1;12;
Jeremy Evans;;6:58;0;1;0;0;0;0;0;0;0;1;0;0;0;0;0;
IND
Paul George;F;33:19;9;13;2;4;0;0;1;10;11;1;1;4;4;4;20;
David West;F;27:41;5;12;0;0;3;3;2;2;4;3;0;0;1;4;13;
Roy Hibbert;C;29:49;5;10;0;0;2;2;0;4;4;4;1;2;2;4;12;
Lance Stephenson;G;24:57;0;1;0;1;0;0;0;1;1;4;2;0;1;1;0;
George Hill;G;29:08;8;13;2;2;2;2;0;5;5;5;1;0;1;1;20;
Gerald Green;;23:03;7;12;4;6;3;5;0;0;0;1;0;0;3;1;21;
Tyler Hansbrough;;15:24;2;5;0;0;1;3;0;1;1;0;0;0;0;3;5;
Sam Young;;14:41;1;2;0;0;0;1;1;2;3;1;0;1;0;1;2;
Ben Hansbrough;;6:52;0;2;0;1;0;0;0;1;1;0;0;0;1;1;0;
Ian Mahinmi;;13:16;0;1;0;0;0;0;0;3;3;0;2;1;0;2;0;
D.J. Augustin;;12:00;3;4;1;2;0;0;0;0;0;1;0;0;1;0;7;
Jeff Ayres;;4:55;0;1;0;0;2;2;0;1;1;0;0;0;0;2;2;
Miles Plumlee;;4:55;1;4;0;0;0;0;2;1;3;1;0;0;1;2;2;
