03-17;GSW-HOU;108-78;
18-10;36-21;21-29;33-18;
GSW
Harrison Barnes;F;17:46;4;10;1;2;0;0;1;4;5;0;0;0;0;0;9;
David Lee;F;35:13;4;13;0;0;2;3;1;9;10;4;1;0;2;2;10;
Andrew Bogut;C;32:55;4;8;0;0;4;4;2;10;12;0;0;3;0;2;12;
Klay Thompson;G;42:09;10;18;6;9;0;0;0;4;4;0;1;0;4;3;26;
Stephen Curry;G;44:32;12;22;5;11;0;0;0;5;5;11;2;1;3;1;29;
Jarrett Jack;;30:38;3;11;1;2;1;1;0;4;4;9;0;1;1;2;8;
Festus Ezeli;;12:37;1;2;0;0;0;0;1;2;3;0;0;1;0;4;2;
Carl Landry;;12:47;3;6;0;0;0;1;2;2;4;1;0;0;0;1;6;
Draymond Green;;6:54;1;3;0;2;0;0;1;1;2;0;2;0;0;2;2;
Malcolm Thomas;;2:15;0;0;0;0;0;0;0;1;1;1;0;0;0;0;0;
Kent Bazemore;;2:15;2;3;0;0;0;0;0;0;0;1;1;0;0;0;4;
HOU
Chandler Parsons;F;35:39;2;13;1;6;4;4;1;6;7;2;0;1;1;2;9;
Donatas Motiejunas;F;19:55;2;11;0;4;0;0;0;3;3;0;0;0;1;1;4;
Omer Asik;C;31:06;3;5;0;0;0;0;4;7;11;1;1;3;1;3;6;
James Harden;G;40:22;6;16;3;7;6;6;1;9;10;8;3;0;3;3;21;
Jeremy Lin;G;35:10;9;16;3;5;0;3;0;1;1;4;0;0;2;0;21;
Patrick Beverley;;13:03;0;4;0;3;0;0;1;2;3;0;0;0;2;1;0;
Thomas Robinson;;5:14;0;2;0;0;0;0;3;1;4;0;0;0;1;0;0;
Greg Smith;;16:54;2;4;0;0;1;1;1;5;6;0;0;0;2;3;5;
Carlos Delfino;;23:27;4;11;2;7;2;2;0;1;1;1;2;1;0;1;12;
Francisco Garcia;;12:25;0;2;0;2;0;0;0;0;0;0;0;0;0;0;0;
Aaron Brooks;;4:31;0;1;0;0;0;0;1;0;1;0;0;0;0;1;0;
James Anderson;;2:15;0;1;0;1;0;0;0;1;1;0;0;0;2;0;0;
