01-07;BOS-NYK;102-96;
22-21;31-35;23-16;26-24;
BOS
Brandon Bass;F;31:49;3;3;0;0;0;0;1;2;3;0;0;0;1;1;6;
Paul Pierce;F;27:32;10;18;3;9;0;0;0;3;3;6;1;0;1;5;23;
Kevin Garnett;C;37:43;6;11;0;0;7;7;2;8;10;2;3;0;1;2;19;
Avery Bradley;G;32:58;6;11;1;3;0;0;1;2;3;5;1;0;1;5;13;
Jason Terry;G;30:40;1;7;0;3;0;0;2;2;4;5;0;0;2;3;2;
Jeff Green;;26:57;5;10;1;1;5;6;1;5;6;3;0;0;1;2;16;
Jared Sullinger;;19:13;3;5;0;0;4;4;2;3;5;0;0;1;1;2;10;
Courtney Lee;;19:58;2;6;1;2;0;0;0;2;2;2;3;0;2;1;5;
Leandro Barbosa;;13:10;3;3;0;0;2;3;0;0;0;3;0;0;0;0;8;
NYK
Carmelo Anthony;F;36:51;6;26;4;12;4;7;0;3;3;5;1;0;2;5;20;
Marcus Camby;F;9:53;2;4;0;0;0;0;3;4;7;0;1;1;1;0;4;
Tyson Chandler;C;40:44;4;6;0;0;5;6;8;9;17;1;0;0;1;3;13;
Ronnie Brewer;G;18:20;1;4;1;3;0;0;0;1;1;1;1;0;1;2;3;
Jason Kidd;G;33:17;3;5;2;3;0;0;2;1;3;6;1;0;3;2;8;
J.R. Smith;;38:34;7;18;4;9;6;7;0;3;3;4;2;1;1;3;24;
Amar'e Stoudemire;;27:50;4;6;0;0;5;6;0;2;2;2;0;1;0;1;13;
Pablo Prigioni;;14:47;1;3;0;2;0;0;1;2;3;0;0;0;4;1;2;
Steve Novak;;16:06;3;4;3;3;0;0;0;2;2;0;0;0;0;4;9;
Chris Copeland;;3:34;0;0;0;0;0;0;0;1;1;0;1;0;0;0;0;
James White;;0:04;0;0;0;0;0;0;0;0;0;0;0;0;0;0;0;
