11-16;UTA-PHI;93-99;
20-30;23-22;21-19;29-28;
UTA
Marvin Williams;F;22:10;1;4;0;1;0;0;0;2;2;1;0;1;1;0;2;
Paul Millsap;F;28:15;9;15;2;4;2;2;0;7;7;3;0;0;4;1;22;
Al Jefferson;C;32:33;5;14;0;0;5;7;0;9;9;3;0;2;0;3;15;
Gordon Hayward;G;22:42;3;6;1;4;1;2;0;0;0;2;2;0;0;2;8;
Mo Williams;G;34:07;5;14;2;7;0;0;1;2;3;5;1;2;0;3;12;
Derrick Favors;;22:06;3;8;0;0;2;3;3;4;7;1;2;1;2;0;8;
Randy Foye;;28:11;2;7;1;3;0;0;1;3;4;1;0;0;1;2;5;
Enes Kanter;;13:06;2;5;0;0;0;0;2;1;3;1;1;0;1;0;4;
Jamaal Tinsley;;13:53;0;2;0;2;0;0;0;0;0;6;0;0;2;1;0;
DeMarre Carroll;;22:57;6;6;1;1;4;4;3;2;5;0;2;0;0;3;17;
PHI
Evan Turner;F;35:12;5;11;1;3;0;0;1;3;4;4;0;0;2;2;11;
Thaddeus Young;F;30:38;7;14;0;0;0;0;2;6;8;0;2;1;0;2;14;
Kwame Brown;C;23:38;1;5;0;0;0;0;2;4;6;2;0;1;0;3;2;
Jason Richardson;G;35:30;7;12;5;7;1;2;0;8;8;2;2;0;0;2;20;
Jrue Holiday;G;41:19;10;21;2;4;4;4;0;6;6;7;0;1;4;2;26;
Lavoy Allen;;28:47;5;11;0;0;0;0;5;3;8;3;0;2;0;0;10;
Spencer Hawes;;12:30;2;5;0;0;0;0;1;2;3;1;0;2;2;4;4;
Dorell Wright;;5:18;0;2;0;1;0;0;0;0;0;0;0;0;1;1;0;
Royal Ivey;;6:41;0;1;0;0;0;0;0;0;0;0;0;0;1;2;0;
Nick Young;;20:27;3;5;2;3;4;4;0;0;0;1;1;0;0;1;12;
