12-28;LAC-UTA;116-114;
29-22;19-36;36-30;32-26;
LAC
Caron Butler;F;29:59;5;11;2;5;2;3;0;1;1;0;0;0;1;3;14;
Blake Griffin;F;39:20;7;10;0;0;8;9;2;11;13;3;1;0;3;5;22;
DeAndre Jordan;C;32:55;6;8;0;0;4;6;5;5;10;0;3;0;3;4;16;
Willie Green;G;15:54;4;6;2;3;0;0;0;0;0;1;1;0;0;1;10;
Chris Paul;G;37:60;8;18;0;5;13;14;1;1;2;6;1;0;1;0;29;
Jamal Crawford;;25:33;3;11;0;4;6;7;0;1;1;5;1;0;2;1;12;
Matt Barnes;;24:34;2;5;2;5;0;0;1;2;3;3;2;0;2;4;6;
Lamar Odom;;14:12;1;1;1;1;0;2;1;0;1;1;1;0;2;3;3;
Eric Bledsoe;;10:00;1;4;0;0;0;0;0;2;2;1;1;0;1;4;2;
Ronny Turiaf;;9:00;1;3;0;0;0;0;1;1;2;0;0;0;0;3;2;
Ryan Hollins;;0:33;0;0;0;0;0;0;0;0;0;0;0;0;0;1;0;
UTA
Marvin Williams;F;19:52;3;5;0;0;0;0;0;2;2;0;0;0;1;2;6;
Paul Millsap;F;28:47;5;9;0;0;2;2;1;4;5;3;0;0;2;2;12;
Al Jefferson;C;33:25;7;17;0;0;8;8;1;7;8;3;2;2;1;3;22;
Randy Foye;G;29:17;8;13;5;9;7;8;1;4;5;1;0;1;1;1;28;
Jamaal Tinsley;G;28:49;1;1;1;1;0;0;0;0;0;5;1;1;4;5;3;
Derrick Favors;;19:13;2;7;0;0;1;1;2;2;4;2;1;0;4;5;5;
Earl Watson;;19:10;0;2;0;1;2;2;1;1;2;0;0;0;2;3;2;
Gordon Hayward;;28:08;3;6;2;2;9;11;0;3;3;4;0;2;0;5;17;
Enes Kanter;;14:35;2;3;0;0;4;4;2;3;5;2;2;1;2;1;8;
Alec Burks;;18:44;3;8;1;2;4;4;1;1;2;0;1;0;0;5;11;
