03-13;CHI-SAC;79-121;
20-34;16-31;24-28;19-28;
CHI
Luol Deng;F;32:32;5;12;0;0;0;0;3;1;4;2;1;0;2;0;10;
Carlos Boozer;F;29:22;8;12;0;0;5;6;1;6;7;4;0;0;3;4;21;
Joakim Noah;C;29:22;3;8;0;0;0;0;3;6;9;3;0;0;1;3;6;
Marco Belinelli;G;22:25;0;9;0;5;0;0;0;1;1;2;0;0;1;1;0;
Nate Robinson;G;34:28;7;9;1;2;4;5;0;1;1;3;1;0;2;3;19;
Jimmy Butler;;22:53;2;10;0;3;2;2;2;0;2;1;0;0;0;0;6;
Nazr Mohammed;;18:38;0;3;0;0;2;2;2;3;5;2;0;1;0;2;2;
Marquis Teague;;13:32;3;5;0;2;0;0;0;3;3;1;0;1;3;0;6;
Vladimir Radmanovic;;15:28;0;3;0;3;0;0;1;1;2;0;0;0;2;4;0;
Daequan Cook;;21:20;4;12;1;6;0;0;0;5;5;1;0;1;3;2;9;
SAC
John Salmons;F;30:17;2;10;1;5;0;0;0;2;2;2;0;0;0;1;5;
Patrick Patterson;F;20:18;6;7;2;2;0;0;1;8;9;2;1;0;0;3;14;
Jason Thompson;C;25:48;4;8;0;0;4;4;0;3;3;1;0;1;1;3;12;
Tyreke Evans;G;36:24;11;13;1;3;3;4;1;4;5;7;3;1;2;3;26;
Isaiah Thomas;G;28:03;8;14;2;5;4;4;0;3;3;3;1;0;1;0;22;
Cole Aldrich;;23:43;2;5;0;0;2;2;1;5;6;0;0;1;1;2;6;
Charles Hayes;;26:11;3;5;0;0;4;7;4;4;8;1;1;0;0;1;10;
Marcus Thornton;;12:00;3;8;1;2;0;0;0;0;0;0;0;0;0;0;7;
Toney Douglas;;19:57;3;5;1;2;3;3;0;3;3;1;3;0;0;3;10;
Jimmer Fredette;;11:36;3;6;1;2;2;2;0;0;0;0;0;0;0;0;9;
Travis Outlaw;;5:43;0;2;0;2;0;0;0;1;1;0;0;0;0;0;0;
