01-15;LAC-HOU;117-109;
28-29;30-30;32-18;27-32;
LAC
Caron Butler;F;20:21;0;1;0;1;1;1;0;3;3;1;0;0;0;0;1;
Blake Griffin;F;33:19;7;13;0;0;5;5;2;2;4;8;1;1;6;3;19;
DeAndre Jordan;C;22:03;4;6;0;0;1;2;1;3;4;0;0;1;0;0;9;
Willie Green;G;17:23;5;6;2;3;3;3;0;1;1;0;1;0;0;2;15;
Eric Bledsoe;G;36:31;7;12;1;1;4;4;2;5;7;5;2;0;3;3;19;
Matt Barnes;;31:27;6;14;3;6;3;4;1;2;3;1;1;0;1;3;18;
Lamar Odom;;19:45;1;4;0;1;0;0;4;7;11;2;1;0;2;5;2;
Jamal Crawford;;29:24;11;20;5;7;3;3;0;0;0;1;0;0;2;0;30;
Grant Hill;;16:23;1;2;0;0;2;4;0;0;0;2;1;0;2;5;4;
Ronny Turiaf;;13:24;0;0;0;0;0;0;0;2;2;1;0;0;0;0;0;
HOU
Chandler Parsons;F;32:33;7;10;2;4;1;2;1;1;2;4;1;0;1;1;17;
Patrick Patterson;F;16:01;2;5;1;3;0;0;1;1;2;1;1;0;1;4;5;
Omer Asik;C;24:32;3;6;0;0;1;3;6;3;9;1;1;0;4;1;7;
James Harden;G;35:11;8;20;2;9;5;6;0;4;4;3;1;0;5;4;23;
Jeremy Lin;G;35:19;5;11;1;4;1;2;0;1;1;10;2;0;1;4;12;
Marcus Morris;;24:32;4;9;3;6;1;4;1;7;8;0;0;0;1;3;12;
Greg Smith;;20:55;3;3;0;0;0;0;2;2;4;0;0;1;0;2;6;
Toney Douglas;;13:56;3;6;1;2;0;2;0;1;1;2;0;0;0;2;7;
Carlos Delfino;;29:14;5;10;2;7;4;4;0;2;2;3;3;0;2;2;16;
Donatas Motiejunas;;2:33;0;1;0;1;1;2;0;0;0;0;0;0;0;0;1;
James Anderson;;1:45;0;0;0;0;0;0;1;0;1;0;0;0;0;0;0;
Patrick Beverley;;1:45;1;1;1;1;0;0;0;0;0;1;1;0;0;0;3;
Cole Aldrich;;1:45;0;0;0;0;0;0;0;0;0;0;0;0;0;0;0;
