03-03;ATL-LAL;98-99;
26-30;19-22;28-27;25-20;
ATL
Josh Smith;F;36:18;9;16;1;4;0;6;1;6;7;7;1;3;6;4;19;
Al Horford;F;39:38;12;20;0;0;0;0;1;4;5;3;3;0;5;2;24;
Zaza Pachulia;C;20:18;1;1;0;0;0;0;1;1;2;4;0;1;0;4;2;
DeShawn Stevenson;G;19:16;1;3;1;3;1;2;0;4;4;2;2;0;0;1;4;
Jeff Teague;G;24:32;3;13;0;2;2;2;0;0;0;5;0;0;2;2;8;
Johan Petro;;24:13;3;5;0;0;0;0;0;8;8;1;4;2;1;1;6;
Devin Harris;;24:29;5;9;3;6;3;3;0;3;3;6;3;0;0;1;16;
Kyle Korver;;34:45;6;13;2;6;2;2;0;5;5;4;0;2;0;3;16;
Ivan Johnson;;2:26;0;0;0;0;0;0;0;1;1;0;0;0;0;0;0;
Anthony Tolliver;;14:03;1;2;1;1;0;0;0;1;1;2;0;0;0;1;3;
Dahntay Jones;;0:02;0;0;0;0;0;0;0;0;0;0;0;0;0;0;0;
LAL
Metta World Peace;F;28:47;5;8;2;4;1;2;0;3;3;1;2;0;1;4;13;
Earl Clark;F;20:13;3;6;1;1;0;0;3;4;7;1;0;0;0;2;7;
Dwight Howard;C;40:46;5;12;0;0;1;2;2;13;15;0;2;1;5;4;11;
Kobe Bryant;G;39:00;13;27;2;5;6;8;1;5;6;4;2;0;5;1;34;
Steve Nash;G;32:56;6;12;1;2;2;2;0;2;2;10;1;0;5;2;15;
Antawn Jamison;;34:28;3;7;2;5;2;2;1;7;8;0;1;0;2;1;10;
Jodie Meeks;;20:01;0;2;0;1;1;2;0;0;0;0;0;0;0;1;1;
Steve Blake;;23:50;3;4;2;3;0;0;0;2;2;5;1;0;3;4;8;
