12-12;CHI-PHI;96-89;
21-24;20-20;28-22;27-23;
CHI
Luol Deng;F;37:27;7;17;0;1;5;5;4;8;12;3;1;0;4;1;19;
Carlos Boozer;F;25:44;1;6;0;0;3;4;1;5;6;2;0;0;2;2;5;
Joakim Noah;C;44:21;7;10;0;0;7;7;1;6;7;5;1;3;2;3;21;
Marco Belinelli;G;29:46;6;13;1;2;3;4;0;2;2;2;2;0;0;1;16;
Nate Robinson;G;27:43;5;12;2;6;2;2;0;0;0;4;0;0;2;1;14;
Jimmy Butler;;29:23;4;8;1;2;0;0;1;2;3;2;0;0;0;1;9;
Taj Gibson;;25:19;2;6;0;0;2;2;2;5;7;2;1;0;0;3;6;
Marquis Teague;;20:17;2;6;0;0;2;2;0;2;2;4;2;0;1;2;6;
PHI
Evan Turner;F;41:42;7;15;0;1;2;2;2;6;8;3;2;0;3;3;16;
Thaddeus Young;F;32:40;6;10;0;0;1;4;3;6;9;3;0;4;2;2;13;
Lavoy Allen;C;29:33;3;6;0;0;0;0;1;5;6;2;1;2;2;4;6;
Jason Richardson;G;31:41;2;9;2;6;0;0;0;4;4;2;0;1;0;3;6;
Jrue Holiday;G;40:16;13;28;0;3;0;3;1;4;5;9;2;0;5;3;26;
Nick Young;;27:42;4;10;0;2;2;2;0;1;1;0;0;0;0;4;10;
Spencer Hawes;;29:22;5;12;0;2;0;0;6;4;10;0;0;1;1;5;10;
Maalik Wayns;;0:57;0;0;0;0;0;0;0;0;0;0;0;0;0;0;0;
Arnett Moultrie;;3:46;1;1;0;0;0;0;1;0;1;0;0;0;0;0;2;
Dorell Wright;;2:21;0;0;0;0;0;0;0;0;0;0;0;0;0;0;0;
