12-12;WAS-HOU;93-99;
17-27;25-18;22-23;29-31;
WAS
Chris Singleton;F;20:59;0;7;0;2;0;0;1;4;5;0;1;4;1;2;0;
Martell Webster;F;37:30;7;12;1;4;1;1;1;6;7;1;2;1;1;2;16;
Emeka Okafor;C;34:24;9;12;0;0;1;2;2;4;6;2;2;2;2;1;19;
Bradley Beal;G;37:57;6;15;3;7;5;6;0;4;4;5;2;0;3;6;20;
Jordan Crawford;G;39:09;6;18;3;9;2;2;1;7;8;6;0;0;3;2;17;
Cartier Martin;;14:33;1;6;0;3;0;0;0;1;1;0;1;0;1;2;2;
Nene;;22:55;4;9;0;0;5;7;4;5;9;3;0;0;1;2;13;
Kevin Seraphin;;17:42;2;9;0;0;0;0;1;3;4;0;1;1;1;3;4;
Shaun Livingston;;14:52;0;1;0;0;2;2;0;2;2;1;1;0;0;0;2;
HOU
Chandler Parsons;F;33:42;7;14;3;8;1;2;2;6;8;3;1;0;1;1;18;
Patrick Patterson;F;32:29;4;11;1;1;4;7;0;4;4;3;0;3;2;3;13;
Omer Asik;C;37:19;3;6;0;0;3;4;3;13;16;2;0;1;2;2;9;
James Harden;G;39:18;10;20;2;6;9;9;1;3;4;2;3;0;5;0;31;
Jeremy Lin;G;30:13;4;8;0;1;2;4;0;5;5;6;0;1;3;2;10;
Greg Smith;;19:44;0;2;0;0;1;2;0;4;4;1;0;3;0;4;1;
Toney Douglas;;19:45;4;9;2;4;2;2;0;1;1;1;1;0;2;3;12;
Carlos Delfino;;14:03;1;5;0;3;0;0;0;4;4;1;1;0;3;3;2;
Marcus Morris;;13:27;1;1;1;1;0;0;0;1;1;0;0;0;0;1;3;
