02-01;CLE-DET;99-117;
16-24;31-30;21-31;31-32;
CLE
Alonzo Gee;F;21:06;1;7;0;0;2;2;0;2;2;0;0;0;1;3;4;
Tristan Thompson;F;28:31;9;11;0;1;1;2;1;8;9;1;0;0;1;2;19;
Tyler Zeller;C;16:49;1;5;0;0;0;0;2;0;2;0;0;0;0;4;2;
Dion Waiters;G;22:09;2;7;0;2;2;4;1;2;3;1;1;0;4;3;6;
Kyrie Irving;G;29:38;4;10;1;3;5;5;1;1;2;5;2;0;3;3;14;
Marreese Speights;;29:11;6;15;1;2;4;4;1;7;8;3;0;2;1;4;17;
Shaun Livingston;;25:37;3;7;0;0;2;2;1;1;2;6;0;3;4;6;8;
CJ Miles;;21:29;4;10;1;4;3;3;1;3;4;3;2;1;0;2;12;
Kevin Jones;;21:29;2;6;0;0;0;0;5;4;9;0;0;0;0;5;4;
Wayne Ellington;;22:44;3;9;3;7;4;4;0;1;1;0;0;0;1;1;13;
Omri Casspi;;1:17;0;1;0;1;0;0;0;0;0;0;0;0;0;0;0;
DET
Kyle Singler;F;36:41;9;17;1;4;1;2;4;4;8;1;2;3;2;5;20;
Jason Maxiell;F;23:21;4;8;0;0;1;2;3;2;5;1;2;0;0;2;9;
Greg Monroe;C;35:39;7;16;0;0;4;8;4;12;16;4;1;2;1;2;18;
Rodney Stuckey;G;35:06;5;8;0;1;4;4;0;2;2;0;1;0;2;2;14;
Brandon Knight;G;31:55;7;14;2;4;4;6;0;6;6;10;2;1;1;3;20;
Andre Drummond;;18:11;4;4;0;0;1;5;1;4;5;0;0;1;1;0;9;
Will Bynum;;16:22;4;5;0;0;3;6;0;0;0;8;0;0;2;5;11;
Kim English;;16:11;0;2;0;2;0;0;1;3;4;1;0;0;1;1;0;
Charlie Villanueva;;17:44;3;5;1;3;3;8;0;3;3;2;0;4;1;0;10;
Jonas Jerebko;;6:28;1;3;0;0;0;0;0;0;0;0;0;0;0;1;2;
Khris Middleton;;1:17;1;1;0;0;0;0;0;0;0;0;0;0;0;0;2;
Viacheslav Kravtsov;;1:05;0;0;0;0;2;2;0;0;0;0;0;0;0;0;2;
