01-30;WAS-PHI;84-92;
28-25;11-23;24-25;21-19;
WAS
Martell Webster;F;31:08;4;13;3;9;4;4;0;2;2;0;1;0;4;2;15;
Nene;F;36:31;5;10;0;0;6;6;2;6;8;2;1;0;3;2;16;
Emeka Okafor;C;35:50;7;15;0;0;1;2;4;13;17;2;0;2;1;3;15;
Garrett Temple;G;20:07;1;2;0;1;0;0;0;2;2;3;1;1;0;2;2;
John Wall;G;32:03;3;12;0;2;3;5;0;5;5;6;1;2;5;1;9;
Jordan Crawford;;17:02;1;5;1;3;0;0;0;1;1;1;0;0;1;1;3;
Trevor Ariza;;27:55;4;7;3;5;1;2;0;5;5;1;0;1;2;1;12;
Kevin Seraphin;;17:22;4;8;0;0;0;0;1;1;2;2;0;0;2;2;8;
Jan Vesely;;6:06;0;0;0;0;2;2;1;1;2;0;0;0;0;0;2;
A.J. Price;;15:57;1;3;0;2;0;0;0;2;2;5;1;0;0;1;2;
PHI
Evan Turner;F;36:37;3;11;0;1;0;0;0;4;4;3;0;1;1;0;6;
Thaddeus Young;F;33:49;6;15;1;1;1;2;3;5;8;2;1;1;1;3;14;
Spencer Hawes;C;38:24;4;13;1;1;3;4;2;9;11;4;0;4;0;1;12;
Nick Young;G;35:34;7;17;3;6;1;2;1;3;4;4;2;0;1;3;18;
Jrue Holiday;G;41:17;10;22;0;2;1;2;0;3;3;6;4;0;6;2;21;
Royal Ivey;;15:57;0;1;0;0;0;0;0;0;0;3;0;0;0;3;0;
Lavoy Allen;;21:56;7;10;0;0;0;0;3;3;6;0;0;0;0;5;14;
Dorell Wright;;16:06;3;6;1;2;0;0;2;5;7;5;2;0;0;0;7;
Arnett Moultrie;;0:21;0;0;0;0;0;0;0;0;0;0;0;0;0;0;0;
