01-25;UTA-LAL;84-102;
19-26;18-21;26-25;21-30;
UTA
Marvin Williams;F;22:11;3;6;1;3;0;0;0;1;1;1;1;0;0;2;7;
Paul Millsap;F;31:21;5;11;0;1;0;0;2;4;6;0;4;1;2;1;10;
Al Jefferson;C;28:59;5;14;0;0;2;2;1;6;7;0;1;1;2;2;12;
Randy Foye;G;26:42;4;10;2;5;0;0;0;0;0;3;1;0;1;1;10;
Jamaal Tinsley;G;23:01;3;12;0;2;0;0;1;2;3;6;1;0;1;0;6;
Gordon Hayward;;22:48;5;10;0;2;3;5;1;1;2;2;0;0;1;0;13;
Derrick Favors;;24:29;5;5;0;0;4;4;4;1;5;0;2;1;0;3;14;
Alec Burks;;18:07;1;3;0;1;1;2;0;2;2;1;0;1;2;1;3;
Enes Kanter;;10:30;0;1;0;0;2;2;0;2;2;0;1;0;0;0;2;
Earl Watson;;21:17;1;5;0;0;0;0;0;1;1;3;2;0;1;2;2;
Jeremy Evans;;3:38;0;1;0;0;0;0;0;0;0;0;0;0;0;2;0;
DeMarre Carroll;;3:38;2;3;0;0;1;1;0;1;1;0;1;0;0;0;5;
Kevin Murphy;;3:19;0;0;0;0;0;0;0;0;0;0;0;0;0;0;0;
LAL
Metta World Peace;F;38:35;5;16;5;11;2;2;3;2;5;0;1;0;1;0;17;
Earl Clark;F;26:40;3;8;1;3;0;0;3;3;6;0;1;0;2;5;7;
Dwight Howard;C;36:59;8;12;0;0;1;3;3;10;13;1;1;2;1;3;17;
Kobe Bryant;G;34:44;7;10;0;0;0;0;0;9;9;14;3;1;3;0;14;
Steve Nash;G;29:41;6;11;1;2;2;2;0;0;0;2;0;0;3;0;15;
Pau Gasol;;25:21;7;8;0;0;1;4;1;6;7;3;1;0;3;1;15;
Jodie Meeks;;21:17;3;6;1;2;1;1;0;1;1;0;0;0;1;0;8;
Chris Duhon;;18:19;2;6;1;2;0;1;2;1;3;6;0;0;4;3;5;
Antawn Jamison;;5:35;2;3;0;1;0;0;0;0;0;0;0;0;0;2;4;
Darius Morris;;1:26;0;0;0;0;0;0;0;0;0;0;0;0;0;0;0;
Robert Sacre;;1:23;0;0;0;0;0;0;0;1;1;0;0;0;0;0;0;
