03-04;TOR-GSW;118-125;
28-31;26-31;36-21;28-42;
TOR
Rudy Gay;F;35:50;10;22;1;6;5;5;0;5;5;1;4;1;6;4;26;
Andrea Bargnani;F;36:28;8;18;5;7;5;6;3;4;7;0;0;1;0;2;26;
Jonas Valanciunas;C;15:59;1;7;0;0;1;2;2;3;5;0;0;0;0;4;3;
DeMar DeRozan;G;39:27;6;13;0;2;3;3;0;1;1;4;0;0;3;3;15;
Kyle Lowry;G;32:47;2;9;1;5;6;7;2;9;11;9;2;1;2;5;11;
Amir Johnson;;31:47;10;10;0;0;3;7;12;3;15;0;0;2;1;4;23;
Terrence Ross;;8:24;0;4;0;1;0;0;0;0;0;0;0;0;0;1;0;
John Lucas III;;15:13;1;4;0;3;2;2;0;1;1;1;0;0;1;1;4;
Landry Fields;;6:41;0;1;0;0;0;0;0;1;1;1;0;0;0;1;0;
Alan Anderson;;13:27;3;6;2;2;1;1;0;1;1;0;0;0;0;1;9;
Aaron Gray;;3:57;0;0;0;0;1;2;0;0;0;0;0;0;0;0;1;
GSW
Harrison Barnes;F;22:22;4;6;1;2;3;3;0;2;2;1;1;2;1;1;12;
David Lee;F;35:58;12;21;0;0;5;5;2;9;11;5;0;0;2;4;29;
Andrew Bogut;C;29:54;2;4;0;0;0;0;1;7;8;1;0;1;2;5;4;
Klay Thompson;G;27:58;8;11;4;5;2;2;0;1;1;4;0;1;2;6;22;
Stephen Curry;G;41:56;8;16;2;5;8;8;2;3;5;12;0;0;6;5;26;
Festus Ezeli;;9:51;1;1;0;0;0;0;0;1;1;0;0;0;1;0;2;
Jarrett Jack;;38:04;6;13;1;4;3;6;0;3;3;6;2;0;0;1;16;
Carl Landry;;13:32;6;7;0;0;0;2;1;2;3;2;0;0;0;1;12;
Draymond Green;;11:09;0;2;0;1;0;0;0;1;1;0;0;0;0;4;0;
Richard Jefferson;;8:20;0;0;0;0;2;2;0;3;3;2;0;0;0;0;2;
Kent Bazemore;;0:55;0;1;0;0;0;0;0;0;0;0;0;0;0;0;0;
