01-05;UTA-DEN;91-110;
23-21;22-28;27-34;19-27;
UTA
Marvin Williams;F;31:58;4;10;3;6;2;2;0;4;4;2;1;0;0;2;13;
Paul Millsap;F;32:50;4;12;0;1;7;9;3;4;7;3;4;3;4;4;15;
Al Jefferson;C;32:25;4;13;0;1;4;5;3;5;8;2;0;0;2;2;12;
Randy Foye;G;26:10;2;9;1;5;3;4;1;2;3;2;0;0;3;3;8;
Jamaal Tinsley;G;21:27;2;5;1;3;0;2;0;4;4;5;2;1;1;1;5;
Derrick Favors;;25:03;1;6;0;0;2;2;3;5;8;2;3;1;3;4;4;
Earl Watson;;17:29;3;4;1;2;0;0;0;0;0;2;2;0;2;1;7;
Gordon Hayward;;18:56;5;12;2;4;2;3;1;1;2;0;2;1;2;2;14;
DeMarre Carroll;;11:23;0;1;0;1;4;4;1;1;2;1;2;0;2;6;4;
Alec Burks;;16:37;3;5;1;2;2;4;1;1;2;1;0;0;0;2;9;
Jeremy Evans;;5:42;0;1;0;0;0;0;1;0;1;0;0;0;0;1;0;
DEN
Danilo Gallinari;F;31:56;7;11;1;2;11;12;1;4;5;3;1;0;4;3;26;
Kenneth Faried;F;31:54;7;10;0;0;1;2;3;7;10;1;1;1;2;3;15;
Kosta Koufos;C;29:01;4;6;0;0;0;1;3;10;13;0;1;2;1;3;8;
Andre Iguodala;G;31:12;5;9;0;1;8;11;0;6;6;2;0;0;3;1;18;
Ty Lawson;G;24:25;6;12;1;2;1;1;0;1;1;4;1;1;3;1;14;
JaVale McGee;;22:47;2;5;0;0;3;4;3;2;5;1;1;1;0;3;7;
Corey Brewer;;18:39;1;5;1;1;0;0;0;2;2;2;0;1;1;2;3;
Andre Miller;;20:41;4;8;1;2;2;2;0;0;0;6;2;0;4;1;11;
Evan Fournier;;6:28;2;2;0;0;0;2;0;0;0;0;0;0;0;1;4;
Timofey Mozgov;;6:02;0;1;0;0;0;0;1;2;3;0;0;1;0;1;0;
Jordan Hamilton;;6:02;0;3;0;3;2;4;0;0;0;0;0;0;0;0;2;
Julyan Stone;;5:27;1;1;0;0;0;0;2;0;2;1;0;0;1;3;2;
Anthony Randolph;;5:27;0;3;0;0;0;0;0;1;1;0;0;0;0;0;0;
