11-23;LAL-MEM;98-106;
18-34;31-22;21-26;28-24;
LAL
Metta World Peace;F;39:57;5;9;2;5;4;4;1;2;3;3;2;0;2;4;16;
Pau Gasol;F;27:21;3;8;0;0;0;0;1;3;4;1;0;0;3;4;6;
Dwight Howard;C;39:17;2;7;0;0;3;6;3;1;4;3;1;4;5;5;7;
Kobe Bryant;G;37:29;7;23;3;8;13;14;0;3;3;4;1;0;2;4;30;
Darius Morris;G;27:25;4;6;1;1;0;0;1;1;2;1;1;0;2;1;9;
Jordan Hill;;4:05;0;0;0;0;0;0;0;1;1;0;0;0;0;1;0;
Chris Duhon;;26:11;3;5;2;3;0;0;0;2;2;3;1;0;2;2;8;
Antawn Jamison;;26:33;7;11;2;5;0;0;5;2;7;1;0;1;1;6;16;
Jodie Meeks;;11:42;2;5;2;5;0;0;0;2;2;3;0;0;1;1;6;
MEM
Rudy Gay;F;41:14;7;17;3;4;4;4;1;7;8;5;0;0;4;2;21;
Zach Randolph;F;33:57;6;14;0;1;5;9;5;7;12;2;2;0;2;2;17;
Marc Gasol;C;38:36;5;8;0;0;4;4;2;3;5;8;0;2;3;2;14;
Tony Allen;G;23:57;5;8;0;0;2;4;1;5;6;0;2;1;2;5;12;
Mike Conley;G;36:09;8;14;1;3;2;2;1;0;1;6;4;0;2;2;19;
Quincy Pondexter;;21:19;2;2;2;2;2;2;1;1;2;0;0;0;1;4;8;
Marreese Speights;;14:02;1;4;0;0;2;2;1;3;4;1;0;0;0;4;4;
Jerryd Bayless;;12:36;3;6;0;0;3;3;0;0;0;1;1;0;0;2;9;
Wayne Ellington;;10:31;0;1;0;1;0;0;0;0;0;0;1;0;1;2;0;
Darrell Arthur;;7:39;1;1;0;0;0;0;1;0;1;0;0;0;0;1;2;
