01-23;TOR-MIA;116-123;
28-22;29-28;27-38;25-21;7-14;
TOR
Landry Fields;F;34:56;3;5;0;0;1;2;1;4;5;4;1;0;0;3;7;
Ed Davis;F;24:19;5;8;0;0;3;4;2;3;5;2;0;0;1;4;13;
Amir Johnson;C;32:00;6;9;0;0;3;3;2;4;6;2;1;1;2;6;15;
DeMar DeRozan;G;31:36;5;10;0;1;2;4;0;2;2;7;1;0;1;4;12;
Jose Calderon;G;30:50;6;9;5;6;0;0;0;0;0;3;1;0;0;0;17;
Alan Anderson;;35:47;7;18;4;12;2;2;0;1;1;2;0;0;1;1;20;
Terrence Ross;;25:34;7;16;2;7;0;0;0;2;2;2;2;0;1;3;16;
Kyle Lowry;;28:00;4;11;2;4;3;3;1;3;4;1;1;0;2;5;13;
Quincy Acy;;4:15;0;0;0;0;0;0;0;0;0;0;1;0;0;2;0;
John Lucas III;;10:46;1;2;1;1;0;0;0;1;1;3;0;0;0;1;3;
Aaron Gray;;6:57;0;0;0;0;0;0;1;1;2;0;0;0;0;1;0;
MIA
LeBron James;F;44:50;12;23;1;5;6;7;1;9;10;11;0;0;3;1;31;
Udonis Haslem;F;18:46;1;1;0;0;0;0;3;7;10;1;1;1;1;3;2;
Chris Bosh;C;40:35;3;7;0;0;6;12;4;8;12;1;0;1;1;2;12;
Dwyane Wade;G;39:60;13;19;0;1;9;15;2;3;5;7;0;1;3;4;35;
Mario Chalmers;G;33:32;5;10;3;6;1;2;1;0;1;3;2;0;2;6;14;
Joel Anthony;;10:14;1;2;0;0;0;0;1;2;3;0;0;0;1;0;2;
Shane Battier;;26:20;1;3;1;2;0;0;3;4;7;1;1;0;1;2;3;
Ray Allen;;29:22;7;10;4;7;0;0;0;2;2;0;0;0;1;0;18;
Norris Cole;;16:03;2;3;0;0;2;2;1;0;1;1;1;0;0;3;6;
Mike Miller;;5:19;0;4;0;1;0;0;0;2;2;1;0;0;0;0;0;
