02-10;HOU-SAC;111-117;
25-28;28-29;33-27;25-33;
HOU
Chandler Parsons;F;27:10;2;12;0;6;1;2;1;1;2;6;3;0;1;0;5;
Patrick Patterson;F;34:43;8;16;2;4;0;0;1;5;6;2;0;0;1;1;18;
Omer Asik;C;34:20;8;9;0;0;1;1;6;6;12;0;0;3;3;4;17;
James Harden;G;39:52;10;20;2;7;8;11;3;3;6;4;1;0;4;1;30;
Jeremy Lin;G;29:14;5;8;1;1;1;1;0;2;2;6;1;2;1;6;12;
Patrick Beverley;;18:46;3;6;0;2;0;0;3;2;5;8;0;1;2;3;6;
Carlos Delfino;;29:14;5;13;3;9;2;2;0;1;1;3;0;1;1;2;15;
Cole Aldrich;;13:24;0;0;0;0;0;0;0;5;5;0;0;0;0;2;0;
Marcus Morris;;13:17;3;5;2;4;0;0;0;4;4;0;1;0;2;2;8;
SAC
John Salmons;F;36:26;6;14;4;7;7;7;0;1;1;6;2;0;2;1;23;
Jason Thompson;F;32:48;6;10;0;0;0;0;2;5;7;1;1;2;1;4;12;
DeMarcus Cousins;C;23:56;9;14;0;0;2;3;1;6;7;1;0;0;1;5;20;
Tyreke Evans;G;23:02;3;7;0;1;0;0;2;2;4;4;1;0;2;4;6;
Isaiah Thomas;G;33:20;4;10;2;3;13;13;0;1;1;6;2;0;2;1;23;
Marcus Thornton;;18:54;1;4;1;4;0;0;0;1;1;0;0;0;2;0;3;
Thomas Robinson;;15:02;3;11;0;0;0;0;6;1;7;0;1;0;2;1;6;
Francisco Garcia;;17:48;4;7;3;4;0;0;0;3;3;1;1;0;1;1;11;
Aaron Brooks;;6:43;1;3;0;0;0;0;0;2;2;0;0;0;0;1;2;
Charles Hayes;;24:03;2;4;0;0;4;4;3;9;12;3;1;0;0;2;8;
Jimmer Fredette;;7:58;1;3;1;1;0;0;1;0;1;0;0;0;0;1;3;
