01-12;MEM-DAL;83-104;
18-25;21-29;23-34;21-16;
MEM
Rudy Gay;F;28:08;5;11;1;2;1;2;1;2;3;1;1;0;3;1;12;
Zach Randolph;F;19:49;3;7;0;0;0;0;2;2;4;2;0;0;1;0;6;
Marc Gasol;C;21:38;3;8;0;0;2;2;2;4;6;3;0;1;0;1;8;
Tony Allen;G;24:02;4;9;0;0;1;2;3;1;4;0;2;1;1;3;9;
Mike Conley;G;23:11;2;5;1;1;2;2;0;1;1;4;1;0;0;0;7;
Marreese Speights;;13:04;3;7;0;0;1;2;0;2;2;0;0;0;0;1;7;
Jerryd Bayless;;29:03;2;4;1;1;4;5;0;1;1;5;0;0;1;1;9;
Darrell Arthur;;27:54;5;13;0;1;1;4;4;5;9;0;0;0;1;4;11;
Wayne Ellington;;21:04;1;9;0;3;0;0;0;1;1;2;1;0;0;2;2;
Hamed Haddadi;;15:59;1;5;0;0;0;0;2;5;7;0;0;3;0;1;2;
Josh Selby;;16:08;3;6;0;0;4;7;0;3;3;2;1;0;0;1;10;
DAL
Shawn Marion;F;26:02;9;13;2;3;0;0;0;4;4;1;0;0;1;2;20;
Dirk Nowitzki;F;27:45;5;8;3;3;4;7;0;6;6;3;0;1;0;1;17;
Chris Kaman;C;23:22;7;13;0;0;0;0;3;4;7;1;0;1;1;3;14;
O.J. Mayo;G;28:56;4;7;2;2;1;1;1;2;3;4;1;1;1;2;11;
Darren Collison;G;25:05;4;8;1;1;1;1;0;1;1;6;4;0;0;1;10;
Vince Carter;;21:27;2;6;2;4;2;2;2;2;4;5;0;1;1;2;8;
Rodrigue Beaubois;;15:05;1;4;0;2;0;0;0;4;4;4;1;0;4;2;2;
Elton Brand;;18:04;4;6;0;0;2;2;2;7;9;0;0;1;0;5;10;
Jae Crowder;;18:01;1;3;1;1;2;4;0;4;4;2;0;0;0;2;5;
Dahntay Jones;;16:08;1;2;0;0;3;4;1;1;2;0;0;0;1;1;5;
Mike James;;7:50;0;3;0;1;0;0;0;0;0;0;0;0;0;1;0;
Bernard James;;6:34;0;3;0;0;0;0;2;1;3;0;0;0;0;0;0;
Brandan Wright;;5:41;1;4;0;0;0;0;0;1;1;0;0;0;0;0;2;
