12-22;LAL-GSW;118-115;
31-27;22-34;21-26;34-21;10-7;
LAL
Darius Morris;F;9:24;3;7;0;2;0;0;0;0;0;0;1;0;1;2;6;
Pau Gasol;F;37:46;4;11;0;1;1;1;3;7;10;6;2;0;5;4;9;
Dwight Howard;C;29:07;4;8;0;0;3;4;1;5;6;3;1;2;3;6;11;
Kobe Bryant;G;43:39;16;41;2;8;0;1;3;7;10;5;1;0;3;5;34;
Steve Nash;G;40:54;5;8;2;2;0;0;0;3;3;9;2;0;3;1;12;
Jodie Meeks;;33:25;4;9;2;7;2;2;0;7;7;0;0;0;3;1;12;
Metta World Peace;;37:57;7;13;3;6;3;4;2;3;5;3;1;1;1;0;20;
Jordan Hill;;20:42;6;9;0;0;2;2;6;2;8;0;0;0;0;1;14;
Chris Duhon;;12:06;0;1;0;1;0;0;0;0;0;7;1;0;1;0;0;
GSW
Harrison Barnes;F;28:53;6;13;1;4;0;0;3;1;4;1;3;0;0;2;13;
David Lee;F;44:50;9;18;0;0;2;2;2;9;11;4;0;0;2;3;20;
Festus Ezeli;C;25:55;1;3;0;0;0;0;3;5;8;0;0;3;6;4;2;
Klay Thompson;G;39:00;6;16;3;8;3;4;1;3;4;3;1;1;2;3;18;
Stephen Curry;G;44:31;8;23;3;10;1;1;1;7;8;7;4;0;4;4;20;
Andris Biedrins;;2:25;0;0;0;0;0;0;0;0;0;0;0;0;0;0;0;
Jarrett Jack;;37:58;13;19;3;6;0;0;0;3;3;11;1;0;1;1;29;
Carl Landry;;24:40;3;8;0;1;6;6;3;2;5;0;1;1;3;4;12;
Draymond Green;;11:27;0;2;0;0;1;2;2;1;3;0;2;0;1;1;1;
Charles Jenkins;;5:21;0;1;0;0;0;0;0;1;1;0;1;0;0;0;0;
