12-08;NYK-CHI;85-93;
23-26;18-17;24-24;20-26;
NYK
Ronnie Brewer;F;16:23;0;5;0;1;0;0;1;1;2;0;2;0;0;0;0;
Kurt Thomas;F;16:11;3;4;0;0;0;0;0;3;3;1;1;1;0;2;6;
Tyson Chandler;C;36:40;4;8;0;0;6;9;9;9;18;1;1;1;2;5;14;
Raymond Felton;G;37:44;9;30;1;3;8;9;2;3;5;5;2;0;2;1;27;
Jason Kidd;G;28:58;2;7;2;4;0;0;1;3;4;2;1;1;3;0;6;
J.R. Smith;;34:57;4;14;2;8;5;6;1;1;2;1;0;2;5;5;15;
Rasheed Wallace;;15:43;2;6;2;4;0;0;0;3;3;0;2;1;2;0;6;
Steve Novak;;30:44;1;4;1;3;4;4;0;3;3;1;1;0;0;1;7;
Pablo Prigioni;;10:16;0;3;0;0;0;0;0;0;0;2;0;0;1;1;0;
James White;;12:24;2;3;0;0;0;0;0;0;0;1;0;0;0;2;4;
CHI
Luol Deng;F;46:34;9;20;0;1;4;4;3;2;5;3;3;0;0;2;22;
Carlos Boozer;F;21:51;5;11;0;0;2;2;3;7;10;0;1;0;3;4;12;
Joakim Noah;C;44:19;3;7;0;0;4;4;1;10;11;2;2;4;9;4;10;
Marco Belinelli;G;44:59;8;15;4;6;2;2;0;4;4;1;3;0;0;2;22;
Kirk Hinrich;G;14:49;1;3;1;2;0;0;0;3;3;3;0;1;1;1;3;
Taj Gibson;;11:35;1;3;0;0;0;0;1;0;1;0;0;0;3;3;2;
Nate Robinson;;29:54;4;15;2;4;4;4;0;6;6;8;1;0;2;4;14;
Jimmy Butler;;21:22;3;3;0;0;2;2;2;5;7;0;0;0;1;0;8;
Nazr Mohammed;;1:20;0;0;0;0;0;0;0;0;0;0;0;1;0;0;0;
Marquis Teague;;3:17;0;1;0;0;0;0;0;0;0;1;0;0;0;0;0;
