01-19;HOU-MIN;79-92;
16-21;22-23;21-19;20-29;
HOU
Chandler Parsons;F;33:15;2;10;1;3;2;2;3;1;4;1;1;1;3;3;7;
Patrick Patterson;F;19:19;1;3;1;1;0;0;3;1;4;0;0;1;0;1;3;
Omer Asik;C;15:35;1;4;0;0;0;0;2;3;5;0;0;0;3;5;2;
James Harden;G;38:55;5;18;0;7;8;10;4;3;7;5;2;0;4;5;18;
Jeremy Lin;G;34:10;3;12;0;3;6;8;3;1;4;2;2;0;3;4;12;
Greg Smith;;25:08;6;9;0;0;0;0;2;6;8;1;1;0;1;1;12;
Carlos Delfino;;33:48;5;12;4;9;1;2;0;3;3;0;1;0;1;3;15;
Patrick Beverley;;17:11;0;4;0;3;2;4;3;0;3;2;0;0;3;5;2;
Marcus Morris;;11:18;1;3;1;2;0;0;0;2;2;1;1;0;2;2;3;
Toney Douglas;;11:21;1;3;1;3;2;2;1;2;3;2;0;0;0;0;5;
MIN
Andrei Kirilenko;F;41:54;8;11;0;2;5;8;5;6;11;2;3;0;3;0;21;
Derrick Williams;F;29:22;3;9;1;3;4;4;0;5;5;1;1;0;3;1;11;
Greg Stiemsma;C;21:51;0;4;0;0;0;0;0;5;5;0;0;2;0;2;0;
Luke Ridnour;G;36:42;6;13;1;3;3;3;0;2;2;1;0;1;3;4;16;
Ricky Rubio;G;30:08;1;3;0;1;5;6;0;1;1;6;0;0;2;2;7;
Jose Juan Barea;;24:54;5;13;1;3;0;0;0;0;0;3;0;0;3;2;11;
Lou Amundson;;15:51;0;1;0;0;0;0;1;2;3;0;0;0;1;2;0;
Mickael Gelabale;;21:18;3;6;0;2;5;7;0;4;4;1;0;0;0;2;11;
Chris Johnson;;18:00;4;4;0;0;7;8;3;3;6;0;0;1;0;4;15;
