12-31;ATL-HOU;104-123;
27-26;19-38;29-26;29-33;
ATL
Kyle Korver;F;25:53;1;3;1;3;0;0;0;3;3;1;0;0;1;2;3;
Josh Smith;F;23:11;5;12;2;2;5;6;2;5;7;0;1;4;2;1;17;
Al Horford;C;30:48;9;16;0;0;0;0;1;12;13;4;1;0;1;0;18;
Lou Williams;G;32:20;9;16;3;6;0;0;0;1;1;2;1;1;1;2;21;
Jeff Teague;G;33:49;4;17;2;5;0;0;0;2;2;9;1;0;5;3;10;
Zaza Pachulia;;15:56;1;3;0;0;0;0;0;2;2;2;0;0;1;3;2;
DeShawn Stevenson;;23:54;3;6;2;3;0;0;0;2;2;2;1;0;0;2;8;
John Jenkins;;24:27;6;9;2;3;1;1;0;1;1;2;1;1;3;3;15;
Ivan Johnson;;10:28;2;4;0;1;0;0;1;2;3;1;0;0;0;0;4;
Mike Scott;;12:00;3;4;0;0;0;0;0;1;1;1;0;0;0;0;6;
Anthony Tolliver;;3:37;0;0;0;0;0;0;0;1;1;0;0;0;0;0;0;
Johan Petro;;3:37;0;0;0;0;0;0;0;0;0;0;0;0;0;0;0;
HOU
Chandler Parsons;F;19:23;2;9;0;1;0;0;0;0;0;1;1;0;0;0;4;
Marcus Morris;F;25:49;6;9;3;4;0;0;0;3;3;3;1;0;1;3;15;
Omer Asik;C;31:57;5;7;0;0;1;4;0;17;17;0;0;1;1;1;11;
James Harden;G;34:10;7;17;2;6;12;13;1;1;2;5;2;1;1;1;28;
Jeremy Lin;G;39:53;6;11;1;3;3;3;0;4;4;8;4;2;4;1;16;
Greg Smith;;14:42;3;6;0;0;0;0;1;3;4;0;0;0;0;2;6;
Toney Douglas;;19:43;4;8;1;3;1;2;1;1;2;3;1;0;1;2;10;
Patrick Patterson;;19:06;3;5;2;3;0;0;1;3;4;2;0;1;0;1;8;
Carlos Delfino;;29:39;8;10;6;8;0;0;0;4;4;8;1;0;0;0;22;
Scott Machado;;2:14;0;0;0;0;0;0;0;0;0;0;0;0;0;0;0;
Donatas Motiejunas;;2:14;1;2;1;1;0;0;0;0;0;0;0;0;0;0;3;
Cole Aldrich;;1:10;0;0;0;0;0;0;0;0;0;0;0;0;1;0;0;
