03-06;UTA-CLE;101-104;
19-23;32-26;25-19;25-36;
UTA
DeMarre Carroll;F;14:03;2;6;0;2;0;0;1;0;1;0;0;1;0;2;4;
Paul Millsap;F;29:57;5;10;0;0;6;6;2;6;8;4;0;1;3;4;16;
Derrick Favors;C;31:12;2;6;0;0;2;2;2;10;12;1;1;4;2;5;6;
Randy Foye;G;34:27;4;11;3;6;0;0;0;1;1;1;1;1;2;3;11;
Mo Williams;G;27:11;3;12;2;4;0;0;0;3;3;6;0;1;4;2;8;
Earl Watson;;7:10;0;0;0;0;0;0;0;0;0;2;0;1;1;0;0;
Enes Kanter;;20:41;8;11;0;0;1;2;3;4;7;1;0;1;1;1;17;
Gordon Hayward;;33:57;8;17;3;5;6;8;0;0;0;7;3;0;1;1;25;
Alec Burks;;27:12;6;12;1;2;1;1;0;4;4;4;1;0;0;2;14;
Marvin Williams;;14:10;0;2;0;0;0;0;0;2;2;0;1;1;1;3;0;
CLE
Alonzo Gee;F;33:10;6;16;1;4;2;2;1;4;5;1;0;0;1;0;15;
Tristan Thompson;F;31:27;6;12;0;0;4;6;3;9;12;1;0;3;2;2;16;
Tyler Zeller;C;22:35;1;5;0;0;1;2;1;3;4;1;2;3;1;2;3;
Wayne Ellington;G;37:49;4;12;2;5;6;6;1;5;6;1;0;0;0;2;16;
Kyrie Irving;G;37:45;7;20;2;4;4;5;2;5;7;10;2;1;3;1;20;
Shaun Livingston;;20:26;3;5;0;0;0;0;0;1;1;3;1;1;1;3;6;
Marreese Speights;;17:59;5;10;0;0;4;6;6;1;7;1;0;1;1;3;14;
Luke Walton;;20:41;1;3;0;0;0;0;2;1;3;3;1;1;2;2;2;
CJ Miles;;18:08;4;7;2;3;2;2;0;4;4;2;0;2;0;3;12;
