03-06;POR-MEM;85-91;
26-18;24-20;17-27;18-26;
POR
Nicolas Batum;F;37:09;4;10;1;4;1;3;1;3;4;3;0;0;1;1;10;
LaMarcus Aldridge;F;36:37;2;13;0;0;6;8;2;8;10;6;2;0;2;2;10;
JJ Hickson;C;31:25;6;12;0;0;0;0;3;10;13;0;1;2;1;4;12;
Wesley Matthews;G;33:46;4;11;1;6;2;4;1;1;2;2;0;0;0;3;11;
Damian Lillard;G;36:17;8;16;2;6;2;3;0;0;0;4;1;0;2;2;20;
Will Barton;;5:02;0;0;0;0;1;2;0;0;0;0;0;0;1;0;1;
Meyers Leonard;;16:06;2;4;0;0;1;2;0;4;4;0;0;1;0;3;5;
Victor Claver;;18:23;2;5;0;1;0;0;0;1;1;0;1;1;0;1;4;
Eric Maynor;;25:15;3;5;2;3;4;6;0;4;4;4;1;0;2;2;12;
MEM
Tayshaun Prince;F;35:13;3;12;0;1;0;0;2;7;9;5;0;0;1;0;6;
Ed Davis;F;24:36;1;4;0;0;1;2;2;4;6;0;1;2;0;4;3;
Marc Gasol;C;40:50;10;17;0;0;3;6;5;7;12;3;0;1;3;4;23;
Tony Allen;G;20:35;4;13;0;1;2;2;2;5;7;0;1;1;0;2;10;
Mike Conley;G;36:05;7;11;1;2;5;6;0;3;3;6;2;2;2;3;20;
Quincy Pondexter;;22:18;2;6;0;2;0;0;1;3;4;1;0;0;0;1;4;
Jon Leuer;;10:00;1;4;0;0;0;0;1;2;3;0;0;0;0;2;2;
Tony Wroten;;14:10;3;5;0;1;0;0;2;2;4;4;0;0;1;1;6;
Jerryd Bayless;;25:24;5;12;3;5;0;0;0;2;2;1;1;0;1;3;13;
Austin Daye;;7:21;2;3;0;0;0;0;1;1;2;0;0;0;1;2;4;
Dexter Pittman;;3:28;0;0;0;0;0;2;0;0;0;0;0;0;0;0;0;
