01-17;MIA-LAL;99-90;
26-22;18-23;29-20;26-25;
MIA
LeBron James;F;42:04;17;25;1;2;4;4;0;7;7;8;3;1;2;2;39;
Udonis Haslem;F;11:32;2;3;0;0;0;0;2;5;7;0;1;0;1;4;4;
Chris Bosh;C;34:59;3;10;0;0;1;2;0;6;6;2;6;0;1;3;7;
Dwyane Wade;G;37:49;11;20;0;1;5;7;0;4;4;5;2;1;1;3;27;
Mario Chalmers;G;21:05;1;7;0;3;2;2;0;1;1;3;0;0;1;4;4;
Joel Anthony;;19:21;0;0;0;0;1;4;1;3;4;1;1;0;0;3;1;
Shane Battier;;17:56;0;4;0;2;2;2;0;1;1;0;0;0;0;6;2;
Ray Allen;;31:02;3;8;1;3;2;2;1;2;3;2;0;0;0;0;9;
Norris Cole;;15:40;3;6;0;2;0;0;0;0;0;0;1;0;0;2;6;
Rashard Lewis;;8:33;0;0;0;0;0;0;0;2;2;1;0;0;0;0;0;
LAL
Metta World Peace;F;37:14;5;11;2;4;4;4;0;3;3;3;0;0;1;5;16;
Earl Clark;F;22:28;2;5;2;2;0;0;0;7;7;2;0;0;3;0;6;
Dwight Howard;C;38:02;4;7;0;0;5;13;4;12;16;2;0;1;0;4;13;
Kobe Bryant;G;42:55;8;25;4;9;2;2;1;3;4;1;1;0;6;4;22;
Steve Nash;G;34:31;4;8;1;2;0;0;0;1;1;7;1;0;4;2;9;
Antawn Jamison;;21:34;4;7;1;3;3;5;2;4;6;2;0;0;2;1;12;
Pau Gasol;;24:42;4;7;0;1;4;4;1;3;4;4;1;0;3;5;12;
Chris Duhon;;13:29;0;1;0;0;0;0;0;1;1;1;0;0;0;1;0;
Darius Morris;;5:05;0;1;0;1;0;0;0;0;0;0;0;0;1;1;0;
