03-15;PHX-ATL;94-107;
23-27;23-30;22-25;26-25;
PHX
Marcus Morris;F;22:23;2;7;0;0;0;0;1;1;2;0;0;0;5;1;4;
Markieff Morris;F;35:12;5;11;0;2;5;8;2;9;11;0;2;0;0;0;15;
Jermaine O'Neal;C;28:36;7;9;0;0;4;4;2;3;5;1;0;1;1;3;18;
Wesley Johnson;G;20:29;3;10;0;3;0;0;0;4;4;0;2;0;3;2;6;
Goran Dragic;G;33:20;7;12;1;2;6;8;1;1;2;8;0;0;2;4;21;
Hamed Haddadi;;19:24;2;4;0;0;1;2;3;5;8;1;1;0;4;4;5;
Jared Dudley;;21:38;4;8;1;3;0;1;1;3;4;4;3;0;2;2;9;
Kendall Marshall;;19:59;0;5;0;4;0;0;0;1;1;2;0;0;2;4;0;
Luis Scola;;12:48;2;3;0;0;2;3;0;2;2;1;1;0;1;3;6;
Michael Beasley;;20:18;3;9;1;5;3;5;1;5;6;1;1;1;3;1;10;
Diante Garrett;;5:53;0;1;0;0;0;0;0;1;1;2;0;0;1;0;0;
ATL
DeShawn Stevenson;F;30:31;4;9;3;7;1;2;0;2;2;2;2;1;2;2;12;
Josh Smith;F;35:51;8;14;0;2;1;1;1;10;11;7;3;1;3;2;17;
Al Horford;C;34:57;6;16;0;0;4;4;4;7;11;4;0;1;3;4;16;
Kyle Korver;G;29:30;6;9;4;5;0;0;0;2;2;2;0;0;1;2;16;
Devin Harris;G;23:48;6;9;2;2;1;1;0;4;4;5;3;0;2;3;15;
Jeff Teague;;22:33;2;10;0;4;4;4;0;1;1;4;2;0;4;1;8;
Anthony Tolliver;;14:18;1;3;0;0;0;0;0;1;1;0;1;0;0;0;2;
John Jenkins;;14:22;3;3;2;2;0;0;1;0;1;1;1;0;2;1;8;
Johan Petro;;8:31;2;5;1;1;0;0;0;2;2;2;0;1;1;2;5;
Ivan Johnson;;15:33;3;5;0;0;1;2;2;4;6;0;2;0;2;2;7;
Dahntay Jones;;4:46;0;1;0;0;1;2;0;0;0;0;0;0;0;0;1;
Mike Scott;;3:41;0;0;0;0;0;0;0;0;0;0;0;0;0;0;0;
Shelvin Mack;;1:39;0;0;0;0;0;0;0;0;0;0;0;0;0;0;0;
