11-15;MIA-DEN;98-93;
28-20;26-22;25-24;19-27;
MIA
LeBron James;F;41:57;11;23;0;1;5;6;1;6;7;12;1;3;4;0;27;
Shane Battier;F;32:30;6;7;6;7;0;0;0;3;3;2;1;2;2;3;18;
Chris Bosh;C;35:41;5;10;0;1;4;4;1;2;3;0;0;1;2;3;14;
Mike Miller;G;23:45;4;9;4;8;0;0;1;4;5;1;0;0;0;1;12;
Mario Chalmers;G;7:13;0;1;0;1;0;0;0;0;0;3;1;0;0;1;0;
Norris Cole;;38:41;3;12;1;2;0;0;0;1;1;3;1;1;3;1;7;
Ray Allen;;25:58;2;8;1;4;4;6;1;2;3;3;1;0;0;1;9;
Udonis Haslem;;17:41;4;4;0;0;0;0;1;3;4;0;0;0;0;2;8;
Rashard Lewis;;11:43;1;3;1;3;0;0;0;2;2;0;0;0;0;1;3;
Joel Anthony;;4:51;0;0;0;0;0;0;0;1;1;0;0;2;0;1;0;
DEN
Danilo Gallinari;F;30:49;5;12;1;4;2;4;0;2;2;1;0;0;1;4;13;
Kenneth Faried;F;36:21;5;16;0;0;6;10;11;9;20;0;2;1;3;1;16;
Kosta Koufos;C;13:39;2;3;0;0;0;0;2;1;3;0;0;1;0;2;4;
Andre Iguodala;G;36:28;4;10;0;1;2;2;1;5;6;3;0;1;3;3;10;
Ty Lawson;G;36:16;0;7;0;3;0;0;1;0;1;8;2;0;2;2;0;
JaVale McGee;;21:13;9;12;0;0;0;0;3;3;6;0;0;4;1;2;18;
Corey Brewer;;18:42;1;8;0;3;0;0;0;2;2;0;0;0;0;2;2;
Andre Miller;;25:57;7;9;2;2;3;3;3;2;5;7;1;0;2;3;19;
Jordan Hamilton;;20:35;4;11;3;7;0;0;0;3;3;0;1;0;1;1;11;
