01-09;LAL-SAS;105-108;
17-24;28-30;30-31;30-23;
LAL
Kobe Bryant;F;38:43;10;24;3;8;4;7;0;4;4;5;0;0;1;3;27;
Metta World Peace;F;40:13;10;22;3;8;0;2;2;6;8;0;7;0;1;1;23;
Robert Sacre;C;25:12;2;9;0;0;0;0;0;2;2;1;0;1;1;4;4;
Darius Morris;G;10:14;1;2;0;0;0;0;0;2;2;0;1;0;1;2;2;
Steve Nash;G;39:25;6;12;0;0;2;2;0;3;3;9;2;0;3;0;14;
Antawn Jamison;;30:38;4;9;0;5;0;0;1;7;8;3;1;1;0;0;8;
Jodie Meeks;;6:23;1;3;0;1;0;0;0;0;0;0;0;0;0;0;2;
Chris Duhon;;21:39;1;2;1;2;0;0;0;0;0;1;1;0;1;0;3;
Earl Clark;;27:33;9;12;1;3;3;4;3;10;13;3;0;0;1;4;22;
SAS
Kawhi Leonard;F;33:07;4;7;2;4;1;1;1;2;3;2;2;1;1;3;11;
Tim Duncan;F;29:04;4;13;0;0;0;0;0;7;7;5;0;4;3;0;8;
Tiago Splitter;C;34:34;5;7;0;0;4;4;4;10;14;0;0;1;1;4;14;
Danny Green;G;17:46;2;4;2;3;0;0;0;4;4;2;0;0;0;0;6;
Tony Parker;G;34:48;10;16;0;0;4;5;0;3;3;6;3;0;6;1;24;
Boris Diaw;;26:38;0;2;0;0;0;0;1;6;7;5;2;1;0;0;0;
Manu Ginobili;;28:27;6;14;2;7;5;6;1;7;8;4;1;0;2;4;19;
Stephen Jackson;;18:27;5;9;4;6;0;0;1;1;2;1;0;0;2;1;14;
Gary Neal;;17:09;5;12;2;5;0;0;0;0;0;0;1;0;3;1;12;
