11-09;DET-OKC;94-105;
19-18;23-31;27-25;25-31;
DET
Tayshaun Prince;F;36:13;6;16;2;4;2;2;1;5;6;3;2;0;2;1;16;
Jason Maxiell;F;20:18;0;3;0;0;1;2;2;4;6;0;0;0;0;2;1;
Greg Monroe;C;35:01;6;15;0;0;2;4;2;8;10;6;0;3;4;2;14;
Rodney Stuckey;G;36:04;5;14;2;4;3;3;1;1;2;6;0;0;0;1;15;
Brandon Knight;G;35:52;4;10;1;5;2;2;2;4;6;6;0;0;3;4;11;
Jonas Jerebko;;20:11;1;4;0;2;0;0;1;0;1;2;3;0;1;2;2;
Will Bynum;;12:08;3;8;0;1;0;0;0;0;0;0;2;0;3;3;6;
Andre Drummond;;20:30;8;10;0;0;6;9;5;3;8;0;1;1;1;2;22;
Kyle Singler;;14:51;3;5;1;2;0;0;2;0;2;0;0;0;1;2;7;
Kim English;;8:52;0;2;0;1;0;0;0;0;0;1;0;0;0;0;0;
OKC
Kevin Durant;F;38:00;9;16;2;2;5;5;1;12;13;2;1;0;3;1;25;
Serge Ibaka;F;35:26;9;13;0;2;7;8;2;5;7;0;0;3;2;5;25;
Kendrick Perkins;C;29:23;4;7;0;0;1;2;1;3;4;6;1;0;1;3;9;
Thabo Sefolosha;G;25:13;2;3;0;1;0;0;0;4;4;1;0;0;2;5;4;
Russell Westbrook;G;30:57;3;10;1;2;3;4;2;2;4;6;1;0;3;2;10;
Kevin Martin;;32:51;5;14;2;9;4;5;0;1;1;2;3;1;3;4;16;
Nick Collison;;19:29;1;1;0;0;1;2;2;2;4;1;1;0;2;5;3;
Eric Maynor;;17:39;5;6;3;3;0;0;0;0;0;3;1;0;0;0;13;
Reggie Jackson;;6:12;0;1;0;1;0;0;0;1;1;0;0;0;0;0;0;
Perry Jones;;4:50;0;0;0;0;0;0;0;0;0;0;0;0;0;0;0;
