11-21;BKN-GSW;93-102;
30-18;16-23;20-33;27-28;
BKN
Keith Bogans;F;21:46;2;3;2;3;0;0;1;2;3;0;0;0;0;1;6;
Kris Humphries;F;27:12;5;6;0;0;0;0;1;5;6;1;0;1;0;1;10;
Brook Lopez;C;27:53;10;16;0;0;2;3;1;2;3;0;1;3;0;2;22;
Joe Johnson;G;38:08;5;13;3;5;0;0;0;1;1;6;0;1;2;3;13;
Deron Williams;G;34:40;4;12;0;5;1;1;1;2;3;8;0;0;2;2;9;
Andray Blatche;;19:15;4;10;0;1;3;3;3;4;7;4;2;0;2;2;11;
Reggie Evans;;13:51;0;1;0;0;1;2;3;2;5;1;0;0;1;1;1;
CJ Watson;;19:56;0;5;0;4;2;2;0;1;1;3;1;0;0;1;2;
Josh Childress;;18:29;3;5;1;2;1;2;2;2;4;2;1;1;0;1;8;
MarShon Brooks;;10:24;4;8;0;1;1;2;2;0;2;0;2;0;1;2;9;
Mirza Teletovic;;6:42;1;3;0;2;0;0;0;0;0;1;0;0;0;0;2;
Tyshawn Taylor;;0:53;0;1;0;0;0;0;0;0;0;0;0;0;0;0;0;
Tornike Shengelia;;0:53;0;0;0;0;0;0;0;0;0;0;0;0;0;0;0;
GSW
Harrison Barnes;F;28:11;3;7;1;2;2;3;0;5;5;1;0;0;1;2;9;
David Lee;F;42:45;10;15;0;0;0;0;4;9;13;6;0;0;4;1;20;
Festus Ezeli;C;16:09;3;7;0;0;0;0;5;0;5;0;0;1;2;1;6;
Klay Thompson;G;37:56;10;19;3;6;0;0;0;1;1;3;0;0;2;3;23;
Stephen Curry;G;41:35;7;13;2;4;9;10;0;6;6;4;0;0;2;2;25;
Andris Biedrins;;6:08;0;0;0;0;0;0;1;0;1;0;0;0;0;1;0;
Jarrett Jack;;24:07;1;5;0;1;3;4;0;3;3;9;2;0;3;4;5;
Carl Landry;;27:57;5;7;0;0;1;2;2;3;5;1;0;0;1;2;11;
Draymond Green;;14:02;1;2;1;2;0;0;0;4;4;0;1;0;0;1;3;
Charles Jenkins;;1:10;0;0;0;0;0;0;0;0;0;0;0;0;0;0;0;
