03-12;SAS-MIN;83-107;
28-24;10-29;22-24;23-30;
SAS
Stephen Jackson;F;26:04;5;10;3;5;1;2;1;4;5;0;1;1;0;1;14;
Matt Bonner;F;18:51;1;4;0;1;0;0;0;6;6;0;0;0;1;1;2;
Tiago Splitter;C;22:15;1;10;0;0;2;2;4;7;11;3;1;0;3;2;4;
Danny Green;G;24:21;4;10;2;6;0;0;0;4;4;2;1;0;2;2;10;
Cory Joseph;G;25:56;5;9;1;1;4;4;0;2;2;3;0;1;3;2;15;
Gary Neal;;7:25;0;2;0;1;0;0;0;0;0;0;0;0;0;0;0;
Manu Ginobili;;21:37;2;10;0;4;3;4;0;0;0;1;0;0;2;2;7;
Boris Diaw;;23:09;3;11;0;4;0;0;1;3;4;2;4;0;3;4;6;
DeJuan Blair;;16:00;2;2;0;0;0;0;0;1;1;0;1;0;1;4;4;
Nando De Colo;;20:13;4;6;1;2;4;4;2;2;4;2;0;0;0;0;13;
Patty Mills;;24:24;2;7;2;5;2;2;0;1;1;6;1;0;1;2;8;
Aron Baynes;;9:45;0;1;0;0;0;0;0;1;1;0;0;2;0;1;0;
MIN
Mickael Gelabale;F;26:11;2;5;1;1;0;0;3;2;5;2;0;1;0;3;5;
Derrick Williams;F;23:59;5;10;0;1;3;7;1;4;5;0;0;1;3;0;13;
Greg Stiemsma;C;23:52;3;5;0;0;0;0;1;6;7;0;1;1;2;4;6;
Luke Ridnour;G;27:25;6;9;2;2;0;0;0;1;1;2;0;0;1;0;14;
Ricky Rubio;G;34:48;9;17;1;5;2;3;1;12;13;12;0;1;4;4;21;
Jose Juan Barea;;25:55;6;14;5;7;0;0;0;5;5;5;0;0;0;3;17;
Dante Cunningham;;25:43;4;11;0;0;1;2;2;2;4;1;3;0;0;2;9;
Alexey Shved;;29:47;6;8;3;4;1;2;1;2;3;7;1;1;3;3;16;
Chris Johnson;;22:20;3;3;0;0;0;4;2;4;6;1;1;6;3;2;6;
