01-07;MEM-SAC;113-81;
22-23;29-22;36-20;26-16;
MEM
Rudy Gay;F;33:07;2;10;1;2;3;3;0;4;4;2;1;1;1;1;8;
Zach Randolph;F;34:29;6;12;1;2;4;4;1;6;7;4;2;0;1;3;17;
Marc Gasol;C;23:04;3;4;0;0;7;7;2;4;6;3;0;2;1;3;13;
Tony Allen;G;29:07;4;10;0;0;2;3;3;2;5;4;3;2;1;4;10;
Mike Conley;G;32:52;5;11;2;5;3;4;2;3;5;8;1;1;1;3;15;
Marreese Speights;;20:17;4;10;0;0;2;2;1;4;5;1;0;0;0;3;10;
Jerryd Bayless;;20:23;2;6;1;3;2;2;0;5;5;2;0;0;2;3;7;
Wayne Ellington;;25:31;10;11;6;7;0;0;0;1;1;4;1;0;0;1;26;
Darrell Arthur;;17:46;2;4;0;1;1;2;2;4;6;0;0;0;0;3;5;
Tony Wroten;;3:24;1;2;0;0;0;0;0;0;0;1;0;0;1;0;2;
SAC
John Salmons;F;30:03;7;12;3;4;0;0;0;0;0;2;1;0;1;2;17;
Jason Thompson;F;24:00;5;8;0;0;2;2;1;3;4;2;1;0;0;2;12;
DeMarcus Cousins;C;27:29;3;9;0;0;4;5;2;6;8;1;1;0;4;3;10;
Francisco Garcia;G;17:04;0;3;0;3;0;0;0;1;1;2;1;0;0;3;0;
Isaiah Thomas;G;29:23;2;12;0;7;5;6;0;2;2;4;0;0;1;3;9;
James Johnson;;14:52;2;3;0;0;0;0;1;0;1;0;0;0;0;0;4;
Aaron Brooks;;22:40;2;5;2;4;2;2;0;1;1;1;0;0;1;2;8;
Jimmer Fredette;;19:52;0;7;0;2;0;0;0;0;0;1;0;0;1;1;0;
Thomas Robinson;;21:23;4;8;0;0;0;0;5;7;12;0;1;0;4;2;8;
Charles Hayes;;8:34;0;1;0;0;2;2;1;1;2;0;0;0;0;0;2;
Tyreke Evans;;12:27;1;3;0;0;3;4;0;1;1;1;0;1;0;1;5;
Tyler Honeycutt;;7:09;0;1;0;0;2;2;0;3;3;0;0;0;2;0;2;
Travis Outlaw;;5:04;2;4;0;1;0;0;1;1;2;0;0;0;0;0;4;
