02-13;DEN-BKN;108-119;
26-23;31-39;24-33;27-24;
DEN
Wilson Chandler;F;32:10;5;13;1;2;0;0;3;4;7;1;0;0;1;3;11;
Kenneth Faried;F;31:12;3;8;0;0;1;2;1;4;5;2;0;0;1;2;7;
Kosta Koufos;C;20:52;4;7;0;0;1;2;4;3;7;0;0;2;0;3;9;
Corey Brewer;G;32:03;5;11;2;4;0;0;0;1;1;1;1;0;2;3;12;
Ty Lawson;G;37:13;8;11;5;5;5;7;0;2;2;9;2;0;5;3;26;
Andre Miller;;28:23;4;10;0;1;0;0;0;1;1;10;2;1;2;3;8;
JaVale McGee;;26:40;5;7;0;0;4;9;2;1;3;0;1;0;1;4;14;
Jordan Hamilton;;19:53;6;9;3;4;0;0;1;2;3;1;2;0;0;1;15;
Evan Fournier;;4:46;1;1;1;1;1;2;0;0;0;1;0;0;0;1;4;
Anthony Randolph;;6:20;1;2;0;0;0;0;0;0;0;0;0;2;2;1;2;
Timofey Mozgov;;0:28;0;0;0;0;0;0;0;0;0;0;0;0;0;0;0;
BKN
Gerald Wallace;F;31:42;3;7;2;4;0;2;3;6;9;5;1;3;1;2;8;
Reggie Evans;F;28:09;0;1;0;0;6;10;2;5;7;0;1;0;0;1;6;
Brook Lopez;C;38:59;9;15;0;0;5;5;3;5;8;0;0;0;3;2;23;
Joe Johnson;G;42:18;10;19;5;9;1;2;0;2;2;9;0;0;2;2;26;
CJ Watson;G;35:33;8;12;5;7;4;6;0;1;1;6;2;0;1;5;25;
Keith Bogans;;12:56;2;4;2;4;0;0;0;1;1;0;0;0;1;4;6;
Kris Humphries;;19:51;5;8;0;0;4;4;2;2;4;0;0;0;1;1;14;
MarShon Brooks;;5:42;0;1;0;0;0;0;0;0;0;3;0;0;1;1;0;
Andray Blatche;;9:01;2;3;0;0;1;1;1;1;2;2;0;0;2;0;5;
Tyshawn Taylor;;15:49;2;5;2;3;0;0;0;3;3;4;1;0;1;3;6;
