12-30;SAS-DAL;111-86;
27-22;30-23;25-25;29-16;
SAS
Kawhi Leonard;F;28:14;2;5;1;2;0;0;1;6;7;1;1;0;1;0;5;
Tim Duncan;F;28:37;7;14;0;0;4;4;2;8;10;2;0;3;1;2;18;
Tiago Splitter;C;27:12;4;9;0;0;5;6;1;5;6;1;2;0;3;0;13;
Danny Green;G;26:50;3;7;2;3;0;0;0;1;1;1;1;2;0;1;8;
Tony Parker;G;33:17;10;17;0;1;1;1;0;5;5;9;0;0;4;1;21;
Boris Diaw;;18:11;4;6;1;1;1;2;1;1;2;0;1;0;0;2;10;
Manu Ginobili;;25:17;6;12;2;5;6;6;1;4;5;5;0;0;1;1;20;
Stephen Jackson;;26:20;2;3;1;2;3;3;0;4;4;1;0;0;0;0;8;
Patty Mills;;14:43;2;6;1;4;0;0;0;1;1;0;1;0;0;2;5;
DeJuan Blair;;4:05;0;0;0;0;1;2;0;3;3;0;0;0;0;0;1;
Nando De Colo;;3:37;0;1;0;1;0;0;0;0;0;1;0;0;1;0;0;
Matt Bonner;;3:37;1;1;0;0;0;0;0;0;0;0;0;0;0;0;2;
DAL
Vince Carter;F;24:39;5;11;1;4;2;2;2;2;4;1;1;0;2;3;13;
Shawn Marion;F;25:31;0;4;0;0;2;2;2;5;7;2;1;3;1;3;2;
Chris Kaman;C;20:44;6;12;0;0;1;2;4;5;9;2;0;0;0;3;13;
O.J. Mayo;G;30:41;4;14;0;4;0;0;0;1;1;2;2;0;2;3;8;
Darren Collison;G;32:34;9;13;0;0;0;0;0;5;5;8;1;0;3;0;18;
Jae Crowder;;15:20;2;6;0;2;2;2;1;3;4;2;0;0;2;1;6;
Elton Brand;;23:39;7;11;0;0;0;0;3;7;10;1;0;0;0;3;14;
Dirk Nowitzki;;22:30;3;9;0;1;2;2;1;4;5;2;0;3;1;1;8;
Chris Douglas-Roberts;;16:26;1;4;0;2;0;0;0;0;0;1;1;0;0;3;2;
Rodrigue Beaubois;;17:05;1;7;0;3;0;0;0;0;0;2;0;0;0;1;2;
Brandan Wright;;3:37;0;4;0;0;0;0;1;0;1;0;0;0;0;0;0;
Dahntay Jones;;3:37;0;0;0;0;0;0;0;0;0;0;0;0;0;0;0;
Dominique Jones;;3:37;0;0;0;0;0;0;0;0;0;0;0;0;0;0;0;
