01-07;CLE-CHI;92-118;
30-22;20-31;22-35;20-30;
CLE
Alonzo Gee;F;27:14;2;7;1;2;3;4;1;0;1;1;1;1;3;4;8;
Tristan Thompson;F;32:02;6;12;0;0;2;2;4;4;8;3;1;1;2;2;14;
Tyler Zeller;C;34:45;2;8;0;0;2;4;2;4;6;3;0;2;2;3;6;
CJ Miles;G;24:03;5;11;4;7;1;1;0;3;3;0;2;0;1;5;15;
Kyrie Irving;G;28:55;4;11;2;2;5;6;1;2;3;6;0;0;3;2;15;
Dion Waiters;;27:46;6;11;0;1;6;6;0;6;6;1;1;0;2;4;18;
Kevin Jones;;20:20;2;3;0;0;0;0;2;0;2;2;1;0;1;0;4;
Shaun Livingston;;15:35;2;4;0;0;0;0;0;1;1;1;0;1;2;2;4;
Omri Casspi;;15:31;2;5;0;1;0;0;0;0;0;1;1;0;0;1;4;
Jon Leuer;;8:53;2;4;0;1;0;0;1;0;1;1;1;0;0;1;4;
Jeremy Pargo;;4:56;0;2;0;0;0;0;0;0;0;0;0;0;0;0;0;
CHI
Luol Deng;F;38:24;7;12;2;2;3;3;2;3;5;7;4;0;3;2;19;
Carlos Boozer;F;29:24;8;16;0;0;8;8;2;9;11;4;1;1;1;3;24;
Joakim Noah;C;32:20;5;13;0;0;1;1;7;4;11;4;0;4;5;2;11;
Richard Hamilton;G;20:44;3;7;0;0;2;4;0;2;2;3;1;0;0;1;8;
Kirk Hinrich;G;20:11;2;4;2;3;0;0;1;2;3;3;0;0;1;4;6;
Nate Robinson;;24:14;5;8;3;4;1;1;0;1;1;7;1;0;2;2;14;
Taj Gibson;;23:26;8;9;0;0;2;3;2;5;7;0;1;2;3;2;18;
Marco Belinelli;;25:09;5;8;3;4;2;2;0;1;1;5;1;0;1;0;15;
Jimmy Butler;;10:03;1;2;0;0;1;2;1;2;3;1;1;1;1;1;3;
Nazr Mohammed;;8:43;0;2;0;0;0;0;1;1;2;0;0;1;1;4;0;
Marquis Teague;;3:08;0;0;0;0;0;0;0;0;0;0;0;0;1;0;0;
Daequan Cook;;2:07;0;1;0;1;0;0;0;0;0;0;0;0;1;0;0;
Vladimir Radmanovic;;2:07;0;0;0;0;0;0;0;1;1;0;0;0;0;0;0;
