10-30;WAS-CLE;84-94;
24-31;15-19;23-24;22-20;
WAS
Trevor Ariza;F;24:35;3;8;2;4;1;2;1;2;3;4;3;2;0;0;9;
Trevor Booker;F;16:45;2;9;0;1;0;0;1;0;1;1;1;1;4;4;4;
Emeka Okafor;C;24:35;4;10;0;0;2;4;5;2;7;0;0;4;1;1;10;
Bradley Beal;G;21:33;2;8;2;4;2;2;0;3;3;3;1;0;2;1;8;
A.J. Price;G;29:24;2;13;2;9;1;1;1;1;2;6;0;0;1;1;7;
Jan Vesely;;21:14;3;4;0;0;1;4;3;1;4;1;0;1;1;3;7;
Martell Webster;;23:25;4;6;1;3;0;0;0;3;3;1;2;0;0;1;9;
Jordan Crawford;;28:42;4;13;0;6;3;4;1;2;3;5;1;1;1;1;11;
Chris Singleton;;17:11;2;7;0;1;0;0;2;2;4;2;2;0;1;2;4;
Jannero Pargo;;16:21;2;6;1;4;2;2;0;1;1;3;0;0;1;3;7;
Earl Barron;;16:15;4;6;0;0;0;1;4;4;8;0;1;1;0;2;8;
CLE
Alonzo Gee;F;33:53;2;9;0;2;0;0;2;1;3;2;2;0;3;5;4;
Tristan Thompson;F;31:31;5;8;0;0;2;4;3;7;10;5;1;0;2;2;12;
Anderson Varejao;C;37:22;3;7;0;0;3;3;12;11;23;9;0;2;1;4;9;
Dion Waiters;G;28:14;6;14;2;5;3;4;0;2;2;0;3;0;3;0;17;
Kyrie Irving;G;34:34;11;20;3;6;4;5;0;6;6;3;0;1;4;4;29;
CJ Miles;;17:42;1;5;0;1;0;0;0;4;4;1;0;0;3;0;2;
Tyler Zeller;;14:53;2;4;0;0;1;2;0;2;2;0;1;1;0;2;5;
Daniel Gibson;;16:11;3;5;2;4;2;4;1;2;3;1;0;1;0;2;10;
Luke Walton;;12:14;1;2;0;1;0;0;0;1;1;0;0;0;2;0;2;
Donald Sloan;;13:26;2;5;0;1;0;0;0;0;0;1;0;0;2;2;4;
