11-13;POR-SAC;103-86;
25-18;21-24;28-16;29-28;
POR
Nicolas Batum;F;33:20;6;13;2;8;1;2;2;5;7;5;3;1;2;0;15;
LaMarcus Aldridge;F;36:35;5;14;0;0;9;10;1;4;5;2;1;2;2;1;19;
JJ Hickson;C;33:34;5;10;0;0;0;0;4;9;13;0;0;0;1;1;10;
Wesley Matthews;G;36:12;6;9;2;3;4;4;1;3;4;1;1;1;1;2;18;
Damian Lillard;G;35:10;7;10;5;6;3;4;1;1;2;9;0;0;4;2;22;
Ronnie Price;;20:28;3;5;2;3;0;0;1;5;6;2;2;0;2;2;8;
Meyers Leonard;;9:14;0;0;0;0;2;2;1;1;2;0;0;0;0;0;2;
Sasha Pavlovic;;14:40;2;4;2;4;0;0;0;2;2;0;1;0;0;3;6;
Joel Freeland;;5:04;0;2;0;0;0;0;0;1;1;0;0;0;1;1;0;
Jared Jeffries;;9:22;0;2;0;0;0;0;0;0;0;0;0;1;1;3;0;
Nolan Smith;;2:31;1;2;1;2;0;0;0;0;0;0;0;0;1;0;3;
Luke Babbitt;;2:11;0;1;0;1;0;0;0;1;1;1;1;0;0;3;0;
Victor Claver;;1:39;0;0;0;0;0;0;0;1;1;0;0;0;0;0;0;
SAC
James Johnson;F;32:36;7;13;0;1;2;3;0;2;2;0;1;2;2;3;16;
Jason Thompson;F;31:23;3;9;0;0;2;2;2;9;11;0;0;2;2;3;8;
Charles Hayes;C;30:34;3;7;0;0;0;0;3;5;8;6;0;0;1;4;6;
Tyreke Evans;G;29:38;4;8;0;2;2;4;0;1;1;4;1;0;2;2;10;
Aaron Brooks;G;7:05;0;1;0;1;0;0;0;0;0;0;0;0;0;0;0;
Marcus Thornton;;32:07;6;14;0;3;2;2;3;2;5;0;1;0;1;4;14;
Jimmer Fredette;;24:39;5;12;0;3;3;4;0;1;1;6;1;0;2;2;13;
Thomas Robinson;;30:19;5;7;0;0;2;4;2;2;4;1;1;0;1;2;12;
John Salmons;;21:39;3;6;1;1;0;0;0;1;1;2;2;0;2;0;7;
