12-21;ORL-TOR;90-93;
15-20;24-22;23-29;28-22;
ORL
Maurice Harkless;F;12:34;0;0;0;0;0;0;0;1;1;0;0;0;0;1;0;
Andrew Nicholson;F;19:45;3;10;0;0;0;0;0;4;4;1;1;0;3;2;6;
Nikola Vucevic;C;30:40;8;12;0;0;0;0;4;8;12;2;1;2;0;1;16;
Arron Afflalo;G;41:52;7;11;3;3;9;9;0;1;1;5;0;0;5;4;26;
Jameer Nelson;G;41:33;4;10;1;3;0;0;0;6;6;7;0;0;5;0;9;
JJ Redick;;35:10;3;9;0;5;3;4;0;3;3;5;1;0;2;2;9;
Gustavo Ayon;;27:50;4;4;0;0;4;6;2;11;13;0;1;0;1;2;12;
DeQuan Jones;;3:02;0;2;0;0;0;0;1;0;1;0;0;0;1;1;0;
Josh McRoberts;;5:45;0;1;0;0;0;0;0;1;1;1;0;0;0;0;0;
E'Twaun Moore;;21:49;6;11;0;3;0;0;1;2;3;1;0;0;1;2;12;
TOR
Mickael Pietrus;F;18:51;1;2;1;2;0;0;0;1;1;1;1;0;0;0;3;
Ed Davis;F;32:13;4;12;0;0;2;2;0;6;6;2;2;1;1;0;10;
Jonas Valanciunas;C;4:29;0;0;0;0;0;0;1;0;1;0;0;0;0;0;0;
DeMar DeRozan;G;39:31;5;17;0;1;7;7;2;6;8;0;1;0;2;4;17;
Jose Calderon;G;33:35;6;9;1;2;0;1;1;3;4;9;2;0;2;2;13;
Amir Johnson;;34:46;4;9;0;0;2;2;1;6;7;1;2;2;1;4;10;
Alan Anderson;;26:25;2;9;1;3;5;5;0;1;1;2;2;0;2;5;10;
Terrence Ross;;22:58;5;8;3;5;0;0;1;0;1;0;2;1;0;0;13;
John Lucas III;;14:25;3;6;1;2;1;2;0;0;0;4;1;0;1;1;8;
Linas Kleiza;;12:47;3;9;1;4;2;2;1;2;3;1;0;0;0;4;9;
