11-23;CLE-ORL;104-108;
26-24;25-21;25-31;28-32;
CLE
Alonzo Gee;F;31:07;3;12;1;5;5;6;0;2;2;3;2;1;5;2;12;
Tristan Thompson;F;28:16;3;6;0;0;0;0;2;3;5;1;0;0;2;3;6;
Anderson Varejao;C;36:33;7;13;0;0;5;6;11;6;17;3;1;0;3;5;19;
Dion Waiters;G;36:40;9;22;4;11;3;3;0;3;3;5;2;0;0;4;25;
Jeremy Pargo;G;30:08;7;14;1;4;0;0;0;1;1;1;0;0;0;1;15;
CJ Miles;;2:46;0;1;0;1;0;0;0;0;0;0;0;0;0;1;0;
Tyler Zeller;;30:22;4;9;0;0;5;8;3;6;9;0;1;0;1;5;13;
Omri Casspi;;18:19;4;7;2;3;1;2;1;0;1;0;2;0;1;0;11;
Daniel Gibson;;25:00;0;3;0;2;3;3;0;0;0;6;0;0;1;3;3;
Samardo Samuels;;0:49;0;0;0;0;0;2;0;0;0;0;0;0;0;0;0;
ORL
Maurice Harkless;F;15:54;3;4;0;0;0;0;3;1;4;0;1;0;0;2;6;
Glen Davis;F;35:11;5;14;0;0;6;7;1;7;8;2;0;0;1;3;16;
Nikola Vucevic;C;32:21;5;11;0;0;0;0;4;4;8;2;0;2;3;3;10;
Arron Afflalo;G;36:33;7;12;4;6;1;3;1;0;1;2;1;0;4;5;19;
Jameer Nelson;G;34:44;9;18;4;8;0;0;2;4;6;6;2;0;3;3;22;
Josh McRoberts;;10:54;2;2;0;0;0;0;0;0;0;0;0;0;0;0;4;
JJ Redick;;30:28;4;9;2;5;8;8;0;2;2;6;0;0;3;4;18;
Gustavo Ayon;;15:06;1;5;0;0;0;0;1;1;2;0;0;0;2;4;2;
Andrew Nicholson;;12:33;1;1;0;0;2;2;0;2;2;2;0;1;1;5;4;
E'Twaun Moore;;16:17;3;4;1;2;0;0;0;3;3;1;1;0;1;1;7;
