02-10;DEN-BOS;114-118;
19-29;27-21;24-28;22-14;7-7;8-8;7-11;
DEN
Danilo Gallinari;F;39:14;3;13;1;5;1;1;1;8;9;3;2;2;4;2;8;
Kenneth Faried;F;36:12;5;10;0;0;4;7;4;7;11;1;3;1;3;4;14;
Kosta Koufos;C;19:27;4;6;0;0;0;0;0;2;2;0;0;0;1;1;8;
Andre Iguodala;G;19:57;2;6;1;3;0;0;0;2;2;4;0;1;1;2;5;
Ty Lawson;G;44:40;11;18;3;6;0;0;1;4;5;9;1;0;5;1;25;
Corey Brewer;;27:58;5;15;0;4;3;5;2;2;4;1;3;1;1;3;13;
Wilson Chandler;;22:56;3;7;1;2;0;0;0;6;6;1;0;2;1;2;7;
Andre Miller;;29:47;7;16;1;2;0;0;3;1;4;4;0;1;3;0;15;
JaVale McGee;;24:49;2;7;0;0;0;0;3;9;12;0;0;3;0;1;4;
BOS
Paul Pierce;F;44:11;6;16;4;8;7;7;0;12;12;8;0;0;4;3;23;
Brandon Bass;F;30:18;2;7;0;0;1;2;2;1;3;3;0;0;1;1;5;
Kevin Garnett;C;39:18;5;18;0;0;2;2;3;13;16;5;2;3;1;2;12;
Avery Bradley;G;35:44;6;11;1;1;0;0;1;2;3;4;3;1;1;5;13;
Courtney Lee;G;22:59;1;5;0;2;0;0;0;1;1;3;2;0;4;0;2;
Chris Wilcox;;10:56;0;3;0;0;3;6;1;0;1;1;1;1;0;0;3;
Jason Terry;;32:57;8;17;4;12;1;1;0;2;2;1;2;0;1;1;21;
Jeff Green;;31:38;5;8;1;1;4;4;0;3;3;0;1;3;3;3;15;
Leandro Barbosa;;16:57;2;5;1;2;0;0;0;2;2;1;1;0;0;2;5;
Jason Collins;;0:02;0;0;0;0;0;0;0;0;0;0;0;0;0;0;0;
