12-05;TOR-SAC;100-107;
29-29;18-26;29-23;24-29;
TOR
Mickael Pietrus;F;39:43;8;15;2;6;3;3;1;5;6;1;1;0;1;4;21;
Andrea Bargnani;F;26:43;3;14;0;6;2;2;1;2;3;3;0;1;2;2;8;
Jonas Valanciunas;C;15:46;1;4;0;0;1;2;2;1;3;0;0;1;1;3;3;
DeMar DeRozan;G;39:47;7;16;0;0;0;2;1;4;5;1;2;4;3;1;14;
Kyle Lowry;G;38:02;9;20;4;9;12;12;0;5;5;11;1;0;3;5;34;
Ed Davis;;22:46;5;10;0;0;3;4;4;7;11;0;0;1;0;4;13;
Amir Johnson;;30:46;1;1;0;0;2;2;0;4;4;5;2;2;0;4;4;
Jose Calderon;;14:16;1;3;0;1;1;1;0;1;1;4;0;0;1;0;3;
Terrence Ross;;12:12;0;3;0;1;0;0;1;1;2;0;0;0;0;0;0;
SAC
John Salmons;F;33:26;4;7;2;2;2;2;0;2;2;7;0;1;0;1;12;
Jason Thompson;F;33:41;6;11;0;0;1;1;3;7;10;1;1;0;1;3;13;
DeMarcus Cousins;C;36:32;11;18;0;1;3;3;2;11;13;1;0;1;4;3;25;
Tyreke Evans;G;34:08;7;16;2;4;7;12;1;1;2;2;1;2;2;1;23;
Aaron Brooks;G;33:05;2;8;1;3;6;8;0;1;1;4;1;0;3;2;11;
Marcus Thornton;;17:06;1;7;0;3;1;1;0;3;3;1;1;0;1;1;3;
Jimmer Fredette;;12:17;2;5;1;2;2;2;1;0;1;0;0;0;1;0;7;
Charles Hayes;;10:21;0;2;0;0;0;0;0;3;3;0;0;0;0;0;0;
Thomas Robinson;;15:12;2;3;0;0;3;4;2;2;4;1;1;1;2;2;7;
James Johnson;;14:13;3;5;0;0;0;1;1;7;8;1;0;2;1;5;6;
