12-18;MIN-MIA;92-103;
27-21;22-31;23-28;20-23;
MIN
Andrei Kirilenko;F;30:12;10;16;2;3;0;0;1;3;4;2;1;0;0;0;22;
Kevin Love;F;32:57;2;10;0;0;7;8;3;15;18;3;0;0;3;3;11;
Nikola Pekovic;C;33:17;9;19;0;0;0;0;9;3;12;0;1;0;6;2;18;
Alexey Shved;G;30:57;1;7;0;4;0;2;1;0;1;8;0;0;3;4;2;
Luke Ridnour;G;32:59;6;13;0;4;1;1;1;2;3;1;1;0;3;4;13;
Jose Juan Barea;;24:53;3;9;1;3;3;3;0;4;4;3;0;0;3;2;10;
Dante Cunningham;;18:40;1;2;0;0;0;0;1;1;2;1;1;0;0;1;2;
Derrick Williams;;21:47;2;6;1;3;3;4;0;3;3;0;1;0;1;4;8;
Greg Stiemsma;;7:09;0;1;0;0;0;0;1;2;3;0;0;1;0;1;0;
Lou Amundson;;7:09;3;3;0;0;0;1;1;2;3;0;0;0;0;0;6;
MIA
LeBron James;F;41:59;8;18;2;5;4;5;0;6;6;11;1;4;0;0;22;
Udonis Haslem;F;18:07;0;2;0;0;0;0;0;0;0;1;0;0;0;3;0;
Chris Bosh;C;27:09;6;10;1;1;2;3;2;1;3;1;1;2;3;3;15;
Dwyane Wade;G;27:11;8;14;0;0;8;11;2;1;3;4;2;2;1;2;24;
Mario Chalmers;G;22:59;4;7;4;6;0;0;0;0;0;0;3;1;1;2;12;
Ray Allen;;20:49;2;7;1;2;3;3;2;0;2;2;2;0;2;1;8;
Joel Anthony;;20:12;1;3;0;0;0;0;0;1;1;1;0;2;0;2;2;
Shane Battier;;29:18;3;8;3;7;0;0;0;5;5;0;1;1;1;3;9;
Norris Cole;;25:01;3;6;1;2;1;1;0;2;2;4;2;2;0;2;8;
Mike Miller;;7:15;1;2;1;2;0;0;0;2;2;1;0;0;0;0;3;
