11-27;PHX-CLE;91-78;
19-13;18-19;34-27;20-19;
PHX
Michael Beasley;F;28:45;6;8;1;1;2;2;1;3;4;0;1;0;2;1;15;
Markieff Morris;F;23:59;2;5;0;1;0;0;0;2;2;0;2;1;1;1;4;
Marcin Gortat;C;23:51;3;7;0;1;0;4;0;3;3;2;1;1;2;2;6;
Shannon Brown;G;23:54;4;9;1;3;0;0;1;1;2;3;1;1;1;3;9;
Goran Dragic;G;30:35;6;11;3;5;4;4;1;4;5;7;2;1;5;1;19;
Luis Scola;;24:01;6;10;0;0;2;3;1;3;4;2;1;1;2;3;14;
Jared Dudley;;21:33;5;7;1;3;0;0;2;2;4;1;0;0;0;4;11;
Sebastian Telfair;;14:52;1;6;0;2;0;1;0;2;2;5;1;1;0;1;2;
Jermaine O'Neal;;20:55;4;9;0;0;1;2;0;6;6;0;0;2;2;1;9;
PJ Tucker;;19:15;0;3;0;0;2;2;1;4;5;2;1;0;0;0;2;
Luke Zeller;;3:14;0;1;0;0;0;0;0;1;1;0;0;0;0;2;0;
Wesley Johnson;;2:33;0;2;0;1;0;0;0;1;1;0;0;0;0;0;0;
Kendall Marshall;;2:33;0;1;0;0;0;0;0;0;0;0;0;0;0;0;0;
CLE
Alonzo Gee;F;34:56;3;7;0;0;6;7;2;1;3;3;2;0;3;3;12;
Tristan Thompson;F;23:47;1;7;0;0;3;4;2;4;6;0;0;0;3;3;5;
Anderson Varejao;C;37:53;10;15;0;0;0;0;6;12;18;3;1;1;2;3;20;
Dion Waiters;G;37:55;7;20;0;4;2;3;1;2;3;7;2;1;3;2;16;
Jeremy Pargo;G;35:47;3;12;1;4;1;2;2;2;4;5;1;0;5;5;8;
CJ Miles;;19:25;3;11;0;5;2;2;1;3;4;1;1;0;1;2;8;
Tyler Zeller;;19:47;1;4;0;0;0;0;0;2;2;0;0;0;0;2;2;
Omri Casspi;;13:08;2;4;1;2;0;0;0;2;2;0;0;1;1;1;5;
Samardo Samuels;;8:21;0;4;0;0;1;2;0;1;1;0;2;1;0;0;1;
Donald Sloan;;3:14;0;0;0;0;0;0;0;0;0;0;0;0;0;0;0;
Jon Leuer;;3:14;0;0;0;0;1;2;0;1;1;0;0;0;0;0;1;
Luke Walton;;2:33;0;0;0;0;0;0;0;1;1;2;0;0;0;0;0;
