12-21;CHI-NYK;110-106;
30-23;24-16;29-22;27-45;
CHI
Carlos Boozer;F;24:37;4;6;0;0;1;2;2;5;7;2;1;2;2;4;9;
Luol Deng;F;41:32;11;24;3;5;4;5;2;11;13;1;0;0;4;4;29;
Joakim Noah;C;40:55;4;12;0;0;7;8;5;7;12;6;1;1;2;2;15;
Marco Belinelli;G;45:14;5;12;1;3;11;12;0;7;7;1;2;0;4;4;22;
Kirk Hinrich;G;37:46;6;8;4;5;0;0;2;7;9;8;1;0;2;5;16;
Jimmy Butler;;30:55;3;10;0;2;0;0;1;2;3;2;2;1;0;3;6;
Nate Robinson;;14:37;3;9;0;3;5;6;0;0;0;2;0;0;2;1;11;
Taj Gibson;;3:38;1;2;0;0;0;0;0;0;0;0;0;0;0;1;2;
Marquis Teague;;0:20;0;0;0;0;0;0;0;0;0;0;0;0;0;0;0;
Vladimir Radmanovic;;0:26;0;0;0;0;0;0;0;0;0;0;0;0;0;1;0;
NYK
Carmelo Anthony;F;36:48;10;25;1;5;8;8;1;2;3;1;3;1;1;4;29;
Ronnie Brewer;F;10:22;0;4;0;2;0;1;0;1;1;0;0;0;0;0;0;
Tyson Chandler;C;33:38;1;1;0;0;3;4;4;4;8;0;0;2;3;3;5;
Raymond Felton;G;32:06;9;21;0;4;3;3;3;3;6;3;2;0;4;1;21;
Jason Kidd;G;33:24;3;5;2;4;0;0;1;5;6;3;3;0;1;3;8;
J.R. Smith;;31:41;9;20;4;6;4;4;1;9;10;2;1;0;0;6;26;
Steve Novak;;31:25;0;3;0;1;0;0;0;3;3;1;0;0;0;2;0;
Pablo Prigioni;;14:01;2;4;0;1;1;1;0;2;2;3;2;0;1;4;5;
Kurt Thomas;;6:22;1;1;0;0;0;0;0;0;0;1;0;0;0;0;2;
Chris Copeland;;9:55;3;7;1;3;3;4;0;1;1;0;0;0;0;2;10;
James White;;0:18;0;0;0;0;0;0;0;0;0;0;0;0;0;0;0;
