02-04;LAC-WAS;90-98;
16-24;30-27;20-21;24-26;
LAC
Caron Butler;F;32:39;6;16;1;6;2;2;2;4;6;2;1;0;4;3;15;
Lamar Odom;F;31:27;1;3;0;1;1;2;1;8;9;1;0;0;5;6;3;
DeAndre Jordan;C;39:57;3;4;0;0;1;2;3;19;22;1;1;2;1;4;7;
Willie Green;G;17:24;3;6;0;1;0;0;0;0;0;0;0;0;0;2;6;
Eric Bledsoe;G;36:09;7;14;0;0;3;3;0;1;1;9;1;2;4;3;17;
Jamal Crawford;;32:36;10;20;3;7;5;6;1;2;3;3;1;1;2;0;28;
Matt Barnes;;18:15;4;10;0;2;0;0;1;1;2;1;1;0;2;2;8;
Ronny Turiaf;;13:11;0;1;0;0;0;0;0;0;0;1;0;1;0;3;0;
Grant Hill;;18:22;3;5;0;0;0;0;1;0;1;3;1;0;2;1;6;
WAS
Martell Webster;F;34:05;6;10;5;6;4;4;1;4;5;3;1;0;0;3;21;
Nene;F;32:19;5;11;0;0;5;7;3;4;7;4;0;0;2;3;15;
Emeka Okafor;C;26:23;4;9;0;0;1;4;6;9;15;2;1;0;0;0;9;
Garrett Temple;G;36:56;7;12;0;0;1;2;0;3;3;2;3;3;2;2;15;
John Wall;G;32:09;6;18;0;0;1;3;0;1;1;8;1;0;2;3;13;
A.J. Price;;15:51;2;4;0;1;1;2;0;2;2;4;1;0;1;1;5;
Kevin Seraphin;;15:41;1;6;0;0;1;2;0;3;3;1;0;1;1;1;3;
Trevor Ariza;;25:12;3;7;1;2;3;3;2;4;6;3;2;2;2;1;10;
Jordan Crawford;;5:12;1;3;1;2;0;0;0;0;0;0;0;2;1;0;3;
Chris Singleton;;16:12;2;4;0;1;0;0;1;1;2;0;2;0;1;2;4;
