10-31;LAL-POR;106-116;
26-30;31-32;19-30;30-24;
LAL
Metta World Peace;F;32:32;4;5;2;3;0;0;0;3;3;2;1;1;6;6;10;
Pau Gasol;F;39:51;7;14;0;0;2;2;3;6;9;2;1;0;2;3;16;
Dwight Howard;C;41:21;9;15;0;0;15;19;6;8;14;5;1;1;3;5;33;
Kobe Bryant;G;38:29;10;20;4;9;6;7;2;4;6;3;0;0;7;5;30;
Steve Nash;G;16:02;1;3;0;1;0;0;0;4;4;4;1;0;2;1;2;
Devin Ebanks;;12:22;1;3;0;1;0;0;1;0;1;1;0;0;2;3;2;
Jordan Hill;;8:21;0;4;0;0;1;2;2;2;4;0;0;0;2;3;1;
Steve Blake;;27:45;3;4;1;1;0;0;1;2;3;3;2;0;0;0;7;
Antawn Jamison;;13:14;0;2;0;2;2;2;0;1;1;0;0;0;0;0;2;
Chris Duhon;;4:13;0;0;0;0;0;0;0;0;0;1;0;0;0;1;0;
Jodie Meeks;;5:01;1;2;1;1;0;0;0;0;0;0;0;0;0;1;3;
Robert Sacre;;0:49;0;0;0;0;0;0;0;0;0;0;0;0;0;1;0;
POR
Nicolas Batum;F;40:16;9;16;3;9;5;7;4;2;6;1;3;1;1;2;26;
LaMarcus Aldridge;F;38:42;9;20;0;0;1;1;0;3;3;0;0;2;1;2;19;
JJ Hickson;C;24:40;5;10;0;0;3;3;5;5;10;1;1;2;3;4;13;
Wesley Matthews;G;36:51;7;11;4;6;4;6;0;2;2;2;4;0;0;5;22;
Damian Lillard;G;34:59;7;17;1;4;8;8;0;3;3;11;1;0;6;2;23;
Nolan Smith;;13:40;1;2;0;0;0;0;0;0;0;2;0;0;1;0;2;
Sasha Pavlovic;;18:14;3;4;1;1;0;1;1;0;1;1;1;0;0;0;7;
Meyers Leonard;;23:20;1;2;0;0;2;2;0;3;3;1;0;0;0;3;4;
Jared Jeffries;;9:18;0;1;0;0;0;0;0;2;2;0;0;0;0;2;0;
