11-28;HOU-OKC;98-120;
25-27;20-30;29-29;24-34;
HOU
Daequan Cook;F;38:09;7;17;3;8;1;2;4;3;7;4;1;1;3;4;18;
Patrick Patterson;F;38:06;11;18;2;3;3;4;4;2;6;2;1;0;1;1;27;
Omer Asik;C;30:00;8;13;0;0;1;7;3;9;12;0;1;0;1;1;17;
James Harden;G;39:27;3;16;2;5;9;11;1;1;2;3;1;0;3;2;17;
Jeremy Lin;G;41:03;3;7;0;1;0;2;0;3;3;8;4;0;3;2;6;
Marcus Morris;;30:39;2;8;1;4;2;2;1;3;4;1;1;0;2;4;7;
Greg Smith;;3:49;2;3;0;0;0;0;3;0;3;0;0;0;1;1;4;
Terrence Jones;;2:26;0;0;0;0;0;0;0;0;0;0;1;1;1;0;0;
Toney Douglas;;11:13;0;4;0;0;0;0;0;0;0;1;1;0;1;1;0;
Donatas Motiejunas;;2:34;0;1;0;0;0;0;0;1;1;0;0;0;0;0;0;
Scott Machado;;2:34;0;0;0;0;2;2;0;0;0;1;0;0;0;0;2;
OKC
Kevin Durant;F;42:50;13;22;2;4;9;10;2;5;7;4;0;1;3;3;37;
Serge Ibaka;F;29:25;11;13;1;1;0;0;5;4;9;0;0;6;0;4;23;
Kendrick Perkins;C;22:50;2;4;0;0;0;1;1;3;4;2;2;1;1;2;4;
Thabo Sefolosha;G;33:03;3;6;1;3;2;2;1;6;7;1;1;0;1;4;9;
Russell Westbrook;G;36:11;6;15;0;3;2;5;1;4;5;9;3;1;5;2;14;
Kevin Martin;;27:46;6;14;3;7;2;2;0;1;1;3;1;0;1;3;17;
Nick Collison;;19:09;3;6;0;0;2;2;5;3;8;4;1;0;2;3;8;
Hasheem Thabeet;;8:16;0;0;0;0;0;0;0;3;3;0;0;2;1;0;0;
Eric Maynor;;12:48;0;3;0;2;0;0;0;1;1;1;2;0;1;1;0;
Perry Jones;;2:34;1;2;0;0;0;0;0;1;1;0;0;0;0;0;2;
Jeremy Lamb;;2:34;2;2;2;2;0;0;0;0;0;0;0;0;0;0;6;
Reggie Jackson;;2:34;0;0;0;0;0;0;0;0;0;2;0;0;0;0;0;
