01-12;PHX-CHI;97-81;
20-21;29-21;28-21;20-18;
PHX
PJ Tucker;F;27:03;1;6;0;2;0;0;1;1;2;1;1;0;0;1;2;
Luis Scola;F;28:11;9;15;0;0;4;4;1;6;7;3;1;0;2;2;22;
Marcin Gortat;C;37:48;3;4;0;0;2;4;3;7;10;3;0;2;1;4;8;
Shannon Brown;G;25:12;4;6;1;1;2;4;2;2;4;1;2;1;2;0;11;
Goran Dragic;G;21:58;2;8;1;4;2;4;0;0;0;8;0;0;1;3;7;
Jermaine O'Neal;;10:12;1;5;0;0;2;2;1;3;4;0;0;1;0;1;4;
Wesley Johnson;;22:56;1;4;1;2;0;0;0;4;4;0;0;1;1;1;3;
Sebastian Telfair;;25:20;2;6;2;4;7;7;0;6;6;5;1;1;4;0;13;
Michael Beasley;;20:57;10;14;0;0;0;0;1;5;6;1;0;1;5;2;20;
Markieff Morris;;18:44;3;5;1;1;0;0;0;3;3;1;0;4;0;6;7;
Luke Zeller;;0:57;0;0;0;0;0;0;0;0;0;0;0;0;0;0;0;
Kendall Marshall;;0:43;0;0;0;0;0;0;0;0;0;0;0;0;1;0;0;
CHI
Luol Deng;F;39:20;5;16;1;2;2;2;2;3;5;2;0;0;2;1;13;
Carlos Boozer;F;25:59;6;14;0;0;3;3;4;6;10;2;0;0;1;2;15;
Joakim Noah;C;30:55;4;13;0;0;2;4;7;6;13;1;1;1;2;3;10;
Richard Hamilton;G;20:60;6;9;0;0;0;0;0;1;1;3;0;0;1;1;12;
Kirk Hinrich;G;23:04;0;3;0;0;1;2;0;1;1;3;0;1;2;3;1;
Nate Robinson;;23:29;2;8;1;4;2;2;0;2;2;6;1;0;0;5;7;
Taj Gibson;;19:02;1;2;0;0;0;0;1;2;3;0;1;2;2;2;2;
Marco Belinelli;;20:44;3;12;0;3;2;3;1;1;2;0;0;0;0;0;8;
Nazr Mohammed;;8:04;0;2;0;0;0;2;1;2;3;0;1;1;0;1;0;
Jimmy Butler;;22:04;5;7;0;0;3;3;2;0;2;0;1;1;0;0;13;
Daequan Cook;;3:25;0;2;0;2;0;0;0;0;0;0;0;0;0;0;0;
Marquis Teague;;1:27;0;0;0;0;0;0;0;0;0;0;0;0;0;0;0;
Vladimir Radmanovic;;1:27;0;0;0;0;0;0;0;0;0;1;1;0;0;0;0;
