12-21;DAL-MEM;82-92;
16-25;23-15;18-29;25-23;
DAL
Dahntay Jones;F;25:45;2;2;1;1;1;1;0;0;0;3;1;0;1;4;6;
Shawn Marion;F;37:23;6;11;0;1;2;2;1;10;11;2;0;3;0;0;14;
Chris Kaman;C;17:58;4;12;0;0;0;0;2;4;6;0;0;0;5;0;8;
O.J. Mayo;G;35:21;3;11;1;4;3;4;2;1;3;4;1;1;5;1;10;
Darren Collison;G;10:10;0;1;0;1;0;0;0;1;1;2;0;0;1;2;0;
Brandan Wright;;25:38;5;6;0;0;2;4;2;3;5;0;0;2;3;3;12;
Vince Carter;;30:26;5;14;3;9;1;1;0;7;7;1;3;0;1;4;14;
Dominique Jones;;32:15;4;9;0;0;5;5;3;0;3;7;1;0;5;3;13;
Jae Crowder;;19:10;1;9;0;4;0;0;1;4;5;0;1;0;1;2;2;
Rodrigue Beaubois;;5:54;1;1;1;1;0;0;0;1;1;1;0;0;0;0;3;
MEM
Rudy Gay;F;38:24;8;20;2;6;8;8;0;5;5;2;4;0;3;0;26;
Zach Randolph;F;35:19;8;15;0;1;1;1;6;7;13;1;1;0;3;0;17;
Marc Gasol;C;28:02;4;8;0;0;3;4;7;4;11;2;1;3;1;4;11;
Tony Allen;G;34:49;5;14;0;0;0;0;3;2;5;1;3;0;2;2;10;
Mike Conley;G;37:24;2;10;0;2;5;6;0;2;2;11;4;0;1;3;9;
Darrell Arthur;;18:29;3;6;0;0;0;0;1;5;6;1;1;0;1;1;6;
Jerryd Bayless;;10:36;2;5;1;2;0;0;0;2;2;1;0;0;1;2;5;
Quincy Pondexter;;14:53;1;4;0;1;0;0;0;0;0;4;1;0;2;0;2;
Wayne Ellington;;8:35;0;0;0;0;0;0;0;0;0;0;0;0;1;1;0;
Marreese Speights;;13:29;3;7;0;1;0;1;0;3;3;0;0;0;0;3;6;
