12-04;MIA-WAS;101-105;
25-30;29-30;24-22;23-23;
MIA
LeBron James;F;42:53;12;24;1;4;1;3;2;11;13;11;3;2;3;1;26;
Rashard Lewis;F;14:34;0;1;0;1;0;0;1;1;2;2;0;0;1;1;0;
Chris Bosh;C;35:36;8;11;1;2;3;4;3;9;12;4;0;0;1;2;20;
Dwyane Wade;G;34:14;9;19;0;1;6;7;1;1;2;3;2;0;1;3;24;
Mario Chalmers;G;10:09;0;2;0;2;0;0;0;0;0;4;1;0;0;2;0;
Ray Allen;;34:52;4;12;3;9;0;0;1;0;1;1;0;0;2;2;11;
Udonis Haslem;;17:29;0;3;0;0;0;0;0;3;3;0;0;0;2;3;0;
Terrel Harris;;11:58;1;4;0;1;1;2;2;1;3;1;0;0;0;1;3;
Mike Miller;;29:19;4;10;3;8;0;0;0;4;4;1;0;0;1;4;11;
Joel Anthony;;8:56;3;3;0;0;0;0;2;1;3;0;0;0;1;1;6;
WAS
Trevor Ariza;F;16:13;2;6;0;0;0;0;1;1;2;5;3;0;0;1;4;
Chris Singleton;F;35:04;2;7;0;1;5;8;2;7;9;3;0;1;1;1;9;
Emeka Okafor;C;12:42;1;1;0;0;2;2;2;3;5;0;0;0;1;0;4;
Bradley Beal;G;16:56;5;11;0;3;0;0;0;2;2;3;0;1;0;3;10;
A.J. Price;G;23:03;5;7;2;4;2;2;0;1;1;4;0;0;0;1;14;
Jordan Crawford;;31:04;7;16;3;6;5;6;1;2;3;6;1;0;1;0;22;
Kevin Seraphin;;31:27;8;12;0;0;0;0;1;9;10;2;0;1;3;3;16;
Nene;;16:47;2;4;0;0;3;6;0;5;5;3;1;0;2;1;7;
Martell Webster;;31:47;3;9;2;4;5;5;1;2;3;1;0;0;1;1;13;
Shaun Livingston;;24:57;3;6;0;1;0;0;0;4;4;4;2;0;1;3;6;
