12-04;OKC-BKN;117-111;
31-28;30-20;29-38;27-25;
OKC
Kevin Durant;F;42:04;9;16;2;2;12;12;0;5;5;6;1;1;1;4;32;
Serge Ibaka;F;34:48;8;12;0;0;2;2;1;5;6;1;0;3;0;3;18;
Kendrick Perkins;C;26:39;2;2;0;0;3;4;0;7;7;2;0;1;3;3;7;
Thabo Sefolosha;G;37:09;6;8;2;3;0;0;1;4;5;1;0;1;0;1;14;
Russell Westbrook;G;34:10;9;17;1;5;6;8;0;2;2;9;3;0;5;5;25;
Kevin Martin;;27:10;2;4;1;2;2;2;0;2;2;0;0;0;2;1;7;
Nick Collison;;18:24;2;3;0;0;1;2;0;5;5;0;0;1;0;0;5;
Hasheem Thabeet;;5:46;0;0;0;0;0;0;0;0;0;0;1;0;0;0;0;
Eric Maynor;;13:50;2;4;1;2;4;4;0;1;1;3;0;0;1;2;9;
BKN
Gerald Wallace;F;37:10;4;11;4;7;2;2;2;5;7;3;2;0;1;4;14;
Kris Humphries;F;35:34;5;9;0;0;2;4;4;8;12;0;1;0;2;3;12;
Andray Blatche;C;25:56;7;15;0;0;5;5;8;3;11;1;3;0;1;5;19;
Joe Johnson;G;42:49;8;21;1;7;0;0;2;1;3;3;0;0;2;1;17;
Deron Williams;G;41:58;10;20;5;9;8;10;0;4;4;7;1;1;2;5;33;
Keith Bogans;;5:11;0;1;0;0;0;0;0;1;1;2;0;0;0;1;0;
Mirza Teletovic;;11:13;3;6;2;5;0;0;0;1;1;0;0;0;0;2;8;
Jerry Stackhouse;;29:38;2;6;2;6;2;2;0;1;1;4;0;0;3;3;8;
CJ Watson;;7:09;0;1;0;0;0;0;0;0;0;1;0;0;0;1;0;
MarShon Brooks;;3:06;0;1;0;0;0;0;0;0;0;1;0;0;1;0;0;
Josh Childress;;0:15;0;0;0;0;0;0;0;0;0;0;0;0;0;0;0;
