02-10;POR-ORL;104-110;
26-22;23-33;23-24;32-31;
POR
Nicolas Batum;F;38:39;6;12;4;6;3;3;1;7;8;6;0;1;5;0;19;
LaMarcus Aldridge;F;38:05;12;21;0;0;1;1;0;6;6;5;0;1;0;2;25;
JJ Hickson;C;30:44;5;6;0;0;1;1;2;5;7;0;0;0;2;2;11;
Wesley Matthews;G;36:18;6;12;4;9;1;2;1;4;5;3;1;0;0;2;17;
Damian Lillard;G;40:19;1;16;0;8;2;2;0;3;3;12;1;1;4;0;4;
Victor Claver;;14:04;2;3;0;1;0;0;0;1;1;0;0;0;2;2;4;
Meyers Leonard;;8:17;2;2;0;0;0;0;0;1;1;1;0;0;0;2;4;
Nolan Smith;;7:41;2;2;0;0;2;2;0;0;0;1;0;0;0;0;6;
Will Barton;;6:59;1;2;0;0;0;0;0;0;0;0;1;0;0;0;2;
Luke Babbitt;;9:15;2;3;2;3;0;0;0;1;1;1;0;0;0;3;6;
Joel Freeland;;9:39;3;4;0;0;0;1;1;5;6;2;1;0;1;0;6;
ORL
Maurice Harkless;F;30:13;2;5;0;0;0;0;1;3;4;0;0;0;0;0;4;
Andrew Nicholson;F;22:22;5;9;0;0;4;4;2;3;5;1;1;1;2;0;14;
Nikola Vucevic;C;30:47;8;12;0;0;1;2;6;13;19;3;0;0;3;5;17;
Arron Afflalo;G;31:45;5;12;1;1;3;4;1;1;2;3;1;0;0;1;14;
Jameer Nelson;G;37:59;4;18;2;9;0;0;1;3;4;15;0;0;2;3;10;
JJ Redick;;28:32;9;13;2;4;2;2;1;0;1;5;1;0;2;0;22;
Kyle O'Quinn;;11:07;3;5;0;0;1;3;2;0;2;0;1;1;0;1;7;
DeQuan Jones;;5:33;1;1;0;0;0;0;0;1;1;0;0;0;0;0;2;
E'Twaun Moore;;9:56;2;4;0;1;0;0;0;1;1;1;0;0;0;1;4;
Gustavo Ayon;;31:38;8;14;0;0;0;3;3;8;11;6;1;1;1;5;16;
Ish Smith;;0:08;0;0;0;0;0;0;0;0;0;0;0;0;0;0;0;
