01-05;SAC-BKN;93-113;
31-36;16-29;25-23;21-25;
SAC
John Salmons;F;32:37;5;13;3;7;0;0;1;1;2;2;0;0;0;1;13;
Jason Thompson;F;25:35;7;16;0;0;1;4;4;0;4;1;0;0;2;2;15;
DeMarcus Cousins;C;33:47;11;18;0;0;6;8;6;5;11;3;0;1;0;3;28;
Francisco Garcia;G;21:00;0;4;0;1;0;0;0;1;1;2;1;1;0;0;0;
Isaiah Thomas;G;21:57;3;5;1;3;5;5;0;1;1;2;0;1;2;2;12;
Aaron Brooks;;26:03;4;7;2;3;3;4;1;4;5;4;2;0;2;1;13;
Thomas Robinson;;16:36;4;7;0;0;0;2;4;2;6;0;2;0;0;0;8;
Charles Hayes;;6:18;0;4;0;0;0;0;2;0;2;0;0;0;0;1;0;
Jimmer Fredette;;11:31;0;4;0;2;0;0;0;0;0;0;0;0;1;2;0;
James Johnson;;22:07;2;5;0;1;0;0;2;4;6;1;2;5;2;2;4;
Travis Outlaw;;17:42;0;5;0;1;0;0;1;1;2;1;0;1;0;1;0;
Tyler Honeycutt;;4:47;0;2;0;1;0;0;1;0;1;2;0;1;0;1;0;
BKN
Gerald Wallace;F;23:23;2;5;1;3;3;4;0;4;4;1;0;1;1;0;8;
Reggie Evans;F;31:19;3;4;0;0;1;2;4;8;12;2;0;0;3;3;7;
Brook Lopez;C;16:26;7;12;0;0;4;4;3;2;5;2;0;2;1;3;18;
Joe Johnson;G;28:55;6;14;3;7;0;0;1;1;2;4;0;1;1;1;15;
Deron Williams;G;27:04;5;8;1;3;4;4;1;5;6;7;0;1;1;0;15;
Keith Bogans;;12:37;0;2;0;2;0;0;0;0;0;1;1;0;1;2;0;
Andray Blatche;;27:19;7;11;0;0;1;1;5;6;11;2;1;2;1;2;15;
MarShon Brooks;;26:18;7;14;0;3;1;1;1;1;2;3;1;1;1;2;15;
Mirza Teletovic;;20:56;5;10;2;5;2;2;5;1;6;2;0;2;0;3;14;
CJ Watson;;16:09;1;2;0;1;0;1;0;2;2;2;0;0;0;2;2;
Tornike Shengelia;;4:47;0;0;0;0;2;2;1;0;1;0;0;0;2;0;2;
Tyshawn Taylor;;4:47;1;3;0;0;0;0;0;0;0;0;0;0;0;1;2;
