11-10;MIN-CHI;80-87;
19-20;22-20;18-23;21-24;
MIN
Andrei Kirilenko;F;42:08;3;9;0;3;5;6;4;8;12;6;2;1;3;1;11;
Derrick Williams;F;21:09;0;10;0;1;2;2;1;5;6;0;0;0;1;1;2;
Nikola Pekovic;C;35:18;8;13;0;0;2;4;3;5;8;0;0;0;1;4;18;
Chase Budinger;G;27:53;4;8;1;3;0;0;0;3;3;4;3;0;3;2;9;
Luke Ridnour;G;36:27;4;12;1;2;1;1;1;0;1;3;2;0;1;3;10;
Alexey Shved;;25:59;3;11;0;3;1;2;2;3;5;6;0;0;1;2;7;
Greg Stiemsma;;12:43;0;4;0;0;0;0;0;0;0;0;0;0;0;1;0;
Malcolm Lee;;11:33;4;6;1;1;0;0;0;1;1;3;0;1;0;2;9;
Dante Cunningham;;26:51;7;12;0;0;0;0;2;2;4;1;0;1;1;4;14;
CHI
Luol Deng;F;41:02;6;12;0;2;4;4;1;6;7;4;1;0;3;3;16;
Carlos Boozer;F;26:39;0;5;0;0;2;2;1;8;9;4;3;0;1;4;2;
Joakim Noah;C;38:12;7;12;0;0;3;4;4;3;7;3;1;4;2;1;17;
Richard Hamilton;G;24:25;5;10;2;3;0;0;0;1;1;2;0;0;1;0;12;
Kirk Hinrich;G;10:47;0;4;0;0;0;0;0;0;0;3;0;0;0;1;0;
Taj Gibson;;22:60;3;9;0;0;2;2;4;4;8;0;0;3;2;1;8;
Nate Robinson;;31:00;8;14;1;3;1;2;0;4;4;2;1;0;5;3;18;
Nazr Mohammed;;8:09;0;2;0;0;1;2;4;2;6;1;0;2;0;3;1;
Marco Belinelli;;22:33;4;9;3;5;0;0;0;4;4;0;0;0;0;1;11;
Jimmy Butler;;7:60;0;0;0;0;0;0;0;0;0;0;0;0;0;1;0;
Marquis Teague;;6:13;1;3;0;0;0;0;0;1;1;0;0;0;0;1;2;
