12-03;POR-CHA;118-112;
26-34;25-20;19-21;32-27;16-10;
POR
Nicolas Batum;F;44:55;5;14;3;9;4;4;2;11;13;7;1;1;2;1;17;
LaMarcus Aldridge;F;45:20;12;17;0;0;1;1;4;9;13;5;0;3;2;2;25;
JJ Hickson;C;12:09;1;5;0;0;0;0;0;0;0;0;0;0;0;2;2;
Wesley Matthews;G;45:15;6;15;3;9;4;4;2;5;7;3;2;1;1;3;19;
Damian Lillard;G;42:52;6;16;1;8;11;14;1;2;3;9;1;0;3;4;24;
Meyers Leonard;;17:12;2;4;0;0;0;1;1;2;3;0;0;1;0;2;4;
Will Barton;;11:31;3;5;1;2;0;2;0;1;1;0;1;0;2;1;7;
Nolan Smith;;10:08;1;4;0;1;0;0;0;1;1;2;0;0;1;2;2;
Luke Babbitt;;15:14;3;5;3;4;0;0;1;4;5;1;1;1;1;2;9;
Sasha Pavlovic;;7:16;1;3;1;2;0;0;0;0;0;1;1;0;1;0;3;
Joel Freeland;;13:10;3;4;0;0;0;0;2;0;2;0;1;0;0;1;6;
CHA
Michael Kidd-Gilchrist;F;26:30;4;8;0;0;0;0;1;2;3;3;0;2;1;0;8;
Byron Mullens;F;41:26;5;14;2;6;0;1;2;10;12;1;1;1;1;2;12;
Brendan Haywood;C;22:50;3;4;0;0;2;2;3;2;5;1;0;2;1;0;8;
Jeff Taylor;G;26:49;4;10;1;4;2;2;1;3;4;2;1;0;0;3;11;
Kemba Walker;G;38:49;9;19;1;3;3;5;1;4;5;7;3;0;2;5;22;
Ben Gordon;;34:57;9;16;8;12;3;3;0;3;3;5;1;0;3;2;29;
Ramon Sessions;;29:53;2;9;0;1;7;9;1;3;4;9;0;0;4;1;11;
Gerald Henderson;;14:56;2;4;1;1;0;0;0;1;1;0;0;0;1;2;5;
Bismack Biyombo;;24:39;3;4;0;0;0;0;0;3;3;0;0;0;2;4;6;
DeSagana Diop;;4:11;0;0;0;0;0;0;0;1;1;0;0;1;0;0;0;
