12-14;DET-BKN;105-107;
25-23;22-36;30-14;13-17;10-10;5-7;
DET
Tayshaun Prince;F;39:20;6;11;0;0;0;0;0;10;10;6;1;0;2;2;12;
Jason Maxiell;F;33:16;3;7;0;0;6;6;2;0;2;1;0;0;1;3;12;
Greg Monroe;C;38:04;7;15;0;0;3;4;3;4;7;2;1;0;3;4;17;
Kyle Singler;G;31:34;3;11;0;3;0;0;1;6;7;3;1;0;0;2;6;
Brandon Knight;G;42:19;7;15;5;6;1;2;0;4;4;5;1;0;3;3;20;
Rodney Stuckey;;34:46;7;15;0;2;5;6;1;4;5;3;0;0;0;0;19;
Andre Drummond;;18:23;4;8;0;0;0;0;7;2;9;0;0;3;2;1;8;
Charlie Villanueva;;15:58;1;6;0;2;2;2;2;2;4;1;1;1;0;1;4;
Corey Maggette;;11:20;0;3;0;2;2;2;0;2;2;0;0;0;0;2;2;
BKN
Gerald Wallace;F;45:04;8;13;3;6;4;4;2;8;10;1;2;2;3;2;23;
Reggie Evans;F;29:33;0;1;0;0;0;0;3;5;8;2;2;1;1;3;0;
Brook Lopez;C;23:50;4;10;0;0;1;1;1;3;4;0;0;3;0;1;9;
Joe Johnson;G;46:58;10;19;2;7;1;1;0;3;3;5;0;0;1;1;23;
Deron Williams;G;38:25;7;14;3;6;0;0;0;3;3;5;2;0;5;1;17;
Andray Blatche;;24:18;7;12;0;0;2;4;1;1;2;1;2;1;0;6;16;
Kris Humphries;;11:39;0;4;0;0;0;0;0;3;3;0;0;0;0;3;0;
MarShon Brooks;;17:04;1;5;0;3;4;4;0;2;2;1;0;1;1;2;6;
CJ Watson;;24:03;2;6;2;3;0;0;0;0;0;4;0;0;0;2;6;
Keith Bogans;;4:06;0;0;0;0;0;0;0;1;1;0;0;0;0;0;0;
