11-04;PHI-NYK;84-100;
25-31;19-26;22-18;18-25;
PHI
Evan Turner;F;37:04;2;9;1;1;6;6;1;10;11;1;2;0;2;2;11;
Thaddeus Young;F;35:59;7;14;0;0;2;3;6;0;6;1;3;0;2;6;16;
Lavoy Allen;C;25:45;3;4;0;0;0;0;1;4;5;1;0;1;1;1;6;
Jrue Holiday;G;40:09;11;18;5;6;0;0;0;2;2;7;1;0;6;1;27;
Jason Richardson;G;1:47;0;1;0;0;0;0;0;0;0;0;0;0;0;0;0;
Nick Young;;31:48;2;10;1;3;0;0;0;2;2;0;0;0;1;3;5;
Dorell Wright;;33:01;5;11;1;5;0;1;1;8;9;0;2;1;5;0;11;
Spencer Hawes;;15:10;4;6;0;0;0;0;0;5;5;2;0;0;0;4;8;
Maalik Wayns;;10:34;0;5;0;1;0;0;0;0;0;2;0;0;0;1;0;
Royal Ivey;;8:43;0;1;0;1;0;0;1;0;1;0;0;0;1;0;0;
NYK
Carmelo Anthony;F;38:59;10;18;1;4;6;9;1;4;5;1;1;2;2;2;27;
Ronnie Brewer;F;25:48;4;9;1;3;0;2;2;3;5;1;1;0;1;1;9;
Tyson Chandler;C;20:39;1;2;0;0;0;0;2;5;7;0;0;2;0;1;2;
Raymond Felton;G;30:01;5;10;1;4;0;0;0;2;2;1;1;0;4;2;11;
Jason Kidd;G;25:03;4;8;2;5;2;2;1;2;3;6;3;0;0;1;12;
J.R. Smith;;34:51;8;15;4;5;0;0;1;8;9;2;2;0;3;0;20;
Kurt Thomas;;18:10;2;4;0;0;1;1;1;4;5;2;0;1;0;1;5;
Pablo Prigioni;;15:23;1;4;0;1;0;0;0;0;0;4;2;0;2;1;2;
Steve Novak;;23:40;2;5;2;5;0;0;0;1;1;0;1;0;2;1;6;
Rasheed Wallace;;3:40;1;1;0;0;1;2;0;2;2;1;1;0;0;0;3;
James White;;1:53;0;0;0;0;1;2;0;0;0;0;0;0;0;0;1;
Chris Copeland;;1:53;1;1;0;0;0;0;0;0;0;0;0;0;0;0;2;
