01-02;NOH-HOU;92-104;
23-21;21-28;22-25;26-30;
NOH
Lance Thomas;F;10:09;1;2;0;0;0;0;0;2;2;0;0;0;1;1;2;
Anthony Davis;F;27:17;4;11;0;0;0;2;3;4;7;0;0;1;2;2;8;
Robin Lopez;C;17:32;6;12;0;0;0;0;4;4;8;1;0;0;0;1;12;
Greivis Vasquez;G;34:34;6;15;2;3;1;1;0;3;3;14;0;0;2;4;15;
Austin Rivers;G;16:50;1;5;1;3;1;6;1;0;1;1;0;0;1;2;4;
Al-Farouq Aminu;;30:50;3;8;0;0;2;4;2;6;8;1;0;0;1;1;8;
Roger Mason Jr.;;14:13;0;2;0;0;0;0;0;0;0;2;0;0;2;0;0;
Ryan Anderson;;null;6;15;2;8;4;4;1;6;7;1;1;1;0;2;18;
Jason Smith;;22:41;6;10;0;0;0;0;0;2;2;0;2;2;1;4;12;
Brian Roberts;;21:45;4;7;0;2;3;3;1;2;3;1;0;0;0;1;11;
Dominic McGuire;;15:39;1;3;0;0;0;0;2;3;5;0;2;0;0;2;2;
HOU
Chandler Parsons;F;33:38;5;9;0;2;0;0;2;8;10;2;1;1;1;2;10;
Marcus Morris;F;21:29;2;7;1;3;0;0;0;4;4;0;1;0;1;1;5;
Omer Asik;C;24:53;8;14;0;0;5;8;3;5;8;0;0;1;0;3;21;
James Harden;G;40:29;11;23;2;8;7;9;0;2;2;7;0;0;3;3;31;
Jeremy Lin;G;41:41;3;10;1;4;2;2;2;4;6;7;1;0;2;1;9;
Greg Smith;;17:11;1;2;0;0;1;2;2;2;4;0;0;1;1;1;3;
Toney Douglas;;13:50;3;4;0;1;2;2;0;2;2;1;1;0;1;3;8;
Patrick Patterson;;22:49;7;8;1;2;0;0;2;8;10;2;0;0;1;1;null;
Carlos Delfino;;24:00;1;6;0;4;0;0;0;3;3;2;1;0;1;1;2;
