01-05;POR-MIN;102-97;
23-21;30-22;26-18;23-36;
POR
Nicolas Batum;F;38:19;9;11;5;6;3;3;0;5;5;3;0;3;1;1;26;
LaMarcus Aldridge;F;37:26;7;20;0;0;0;0;2;7;9;6;2;0;3;3;14;
JJ Hickson;C;29:25;1;10;0;0;0;0;4;7;11;2;0;2;1;2;2;
Wesley Matthews;G;35:33;8;15;5;7;5;5;0;0;0;2;0;1;2;2;26;
Damian Lillard;G;38:48;7;14;3;5;3;3;2;2;4;6;0;0;3;3;20;
Joel Freeland;;11:43;0;1;0;0;0;0;0;3;3;0;0;1;0;4;0;
Victor Claver;;10:55;2;3;1;2;0;0;2;1;3;0;0;1;0;1;5;
Ronnie Price;;20:25;1;8;0;1;1;2;0;2;2;2;0;0;1;2;3;
Jared Jeffries;;8:46;0;0;0;0;0;0;1;0;1;0;0;0;2;3;0;
Luke Babbitt;;8:40;2;4;2;3;0;0;0;1;1;1;1;0;0;1;6;
MIN
Andrei Kirilenko;F;42:25;7;13;1;1;0;0;3;4;7;2;1;0;2;0;15;
Dante Cunningham;F;42:25;5;13;0;0;0;0;4;8;12;2;2;3;0;1;10;
Nikola Pekovic;C;21:49;9;14;0;0;3;3;8;7;15;0;0;2;0;2;21;
Alexey Shved;G;29:32;1;11;0;3;0;0;1;2;3;7;0;1;3;1;2;
Luke Ridnour;G;34:43;4;11;0;3;7;8;1;1;2;4;1;0;2;3;15;
Greg Stiemsma;;13:57;1;4;0;0;0;0;0;2;2;0;0;2;1;1;2;
Jose Juan Barea;;25:31;5;13;2;5;2;2;0;3;3;7;0;0;2;4;14;
Lazar Hayward;;6:14;0;1;0;1;0;0;0;1;1;0;0;0;0;0;0;
Derrick Williams;;17:49;6;10;2;3;4;5;1;5;6;0;2;0;3;0;18;
Lou Amundson;;5:35;0;1;0;0;0;0;1;0;1;0;0;0;0;1;0;
