03-06;CHI-SAS;83-101;
23-22;29-25;16-25;15-29;
CHI
Luol Deng;F;39:07;8;17;1;3;2;2;3;4;7;3;2;0;2;2;19;
Carlos Boozer;F;30:14;5;14;0;0;0;0;1;7;8;2;2;0;0;4;10;
Joakim Noah;C;33:56;4;13;0;0;0;0;6;7;13;1;0;4;1;4;8;
Marco Belinelli;G;41:10;8;16;3;6;2;2;1;1;2;7;0;0;1;2;21;
Nate Robinson;G;24:00;3;13;1;5;0;0;0;1;1;5;1;1;1;0;7;
Jimmy Butler;;26:13;1;4;1;2;2;2;2;1;3;2;3;0;0;1;5;
Marquis Teague;;24:20;4;8;3;4;0;0;0;3;3;3;1;0;1;1;11;
Daequan Cook;;6:30;0;3;0;0;0;0;0;0;0;0;0;0;0;0;0;
Nazr Mohammed;;12:49;0;1;0;0;2;2;0;3;3;0;0;0;2;1;2;
Lou Amundson;;1:41;0;1;0;0;0;0;1;0;1;0;0;0;0;0;0;
SAS
Kawhi Leonard;F;32:29;6;11;0;1;2;2;0;7;7;2;1;1;1;1;14;
Tim Duncan;F;32:59;7;13;0;0;4;6;2;8;10;1;1;5;2;0;18;
Tiago Splitter;C;32:01;5;8;0;0;3;6;0;10;10;2;0;0;1;0;13;
Danny Green;G;23:45;3;5;1;3;0;0;0;1;1;2;0;0;0;1;7;
Cory Joseph;G;24:15;2;5;0;0;0;0;1;4;5;2;1;0;0;1;4;
Matt Bonner;;8:22;0;2;0;0;0;0;0;1;1;1;0;1;0;2;0;
Manu Ginobili;;26:15;7;14;3;5;1;1;1;2;3;9;0;0;4;2;18;
Patty Mills;;22:04;5;6;3;3;0;0;0;2;2;0;1;0;0;2;13;
Stephen Jackson;;16:43;2;5;1;2;2;2;0;5;5;1;0;0;3;0;7;
DeJuan Blair;;7:20;0;1;0;0;0;0;0;2;2;0;2;0;1;0;0;
Boris Diaw;;12:06;2;3;0;0;1;1;1;0;1;2;1;0;0;0;5;
Nando De Colo;;1:41;1;1;0;0;0;0;0;0;0;0;0;0;0;0;2;
