12-23;PHI-BKN;92-95;
17-24;24-19;23-26;28-26;
PHI
Evan Turner;F;41:49;7;16;1;3;0;0;0;7;7;2;0;0;1;4;15;
Thaddeus Young;F;37:13;8;14;0;0;2;2;4;6;10;1;1;0;1;3;18;
Lavoy Allen;C;30:07;6;11;0;0;0;0;5;4;9;1;0;0;0;2;12;
Jason Richardson;G;29:29;2;10;1;5;0;0;0;5;5;1;0;0;2;4;5;
Jrue Holiday;G;37:52;9;16;3;3;3;4;2;4;6;9;0;1;2;5;24;
Spencer Hawes;;20:11;2;9;0;0;1;2;2;2;4;3;0;0;0;1;5;
Nick Young;;12:15;2;4;1;1;0;0;0;2;2;0;0;0;1;0;5;
Dorell Wright;;28:50;2;8;2;6;2;2;1;5;6;2;3;1;2;1;8;
Damien Wilkins;;2:14;0;0;0;0;0;0;0;0;0;0;0;0;0;2;0;
BKN
Keith Bogans;F;35:14;5;6;3;4;0;0;0;2;2;3;1;0;0;0;13;
Gerald Wallace;F;36:59;3;7;1;2;7;8;1;8;9;6;2;0;2;0;14;
Brook Lopez;C;27:14;5;14;0;0;4;6;3;4;7;0;0;1;0;1;14;
Joe Johnson;G;40:23;8;17;3;5;3;6;2;5;7;2;1;0;3;0;22;
Deron Williams;G;38:19;5;11;1;3;5;7;1;5;6;5;0;1;1;5;16;
Jerry Stackhouse;;12:48;2;8;0;5;0;0;0;0;0;1;1;0;1;1;4;
Tornike Shengelia;;3:20;0;0;0;0;0;0;0;1;1;1;0;0;1;0;0;
Reggie Evans;;11:01;0;1;0;0;0;0;3;1;4;0;0;0;1;3;0;
Andray Blatche;;20:46;4;7;0;1;2;2;1;3;4;0;2;1;0;1;10;
CJ Watson;;13:56;1;3;0;2;0;1;0;3;3;0;0;0;0;0;2;
