01-30;HOU-DEN;110-118;
29-29;28-27;29-27;24-35;
HOU
Chandler Parsons;F;37:32;8;13;3;7;2;3;0;3;3;3;1;1;4;5;21;
Patrick Patterson;F;26:46;4;6;0;1;2;2;3;2;5;0;2;1;1;1;10;
Omer Asik;C;34:31;4;7;0;0;2;4;4;14;18;4;1;1;7;3;10;
James Harden;G;41:53;6;13;1;2;8;12;2;3;5;4;2;0;6;4;21;
Jeremy Lin;G;31:00;8;15;1;3;5;8;0;1;1;5;1;1;1;3;22;
Toney Douglas;;19:12;4;11;0;4;3;4;1;3;4;2;2;1;0;5;11;
Carlos Delfino;;25:11;2;7;2;7;2;2;0;2;2;3;1;1;1;3;8;
Greg Smith;;6:42;1;3;0;0;0;0;0;0;0;0;1;0;0;1;2;
Marcus Morris;;17:13;2;6;1;3;0;0;0;4;4;1;0;0;1;4;5;
DEN
Danilo Gallinari;F;33:47;10;17;4;9;3;6;0;5;5;2;0;4;3;1;27;
Kenneth Faried;F;32:54;6;8;0;0;7;8;2;7;9;1;2;0;2;5;19;
Kosta Koufos;C;19:36;3;3;0;0;0;0;2;2;4;1;1;2;2;2;6;
Andre Iguodala;G;36:43;5;13;1;7;4;6;0;5;5;6;2;0;6;1;15;
Ty Lawson;G;33:19;4;12;1;3;7;8;0;3;3;4;1;0;1;3;16;
Andre Miller;;24:42;6;9;0;0;0;0;1;2;3;5;1;0;1;2;12;
Corey Brewer;;20:15;2;8;1;5;4;7;1;0;1;1;0;1;1;1;9;
Wilson Chandler;;25:21;3;9;1;4;0;0;2;4;6;1;1;0;2;4;7;
Timofey Mozgov;;13:23;3;3;0;0;1;1;1;3;4;0;1;0;2;4;7;
