03-13;MIL-WAS;93-106;
21-30;23-30;34-15;15-31;
MIL
Mike Dunleavy;F;26:16;0;6;0;3;0;0;0;4;4;0;0;0;1;2;0;
Ersan Ilyasova;F;34:53;9;17;2;3;1;2;2;10;12;1;2;0;2;5;21;
Larry Sanders;C;28:52;8;13;0;0;1;1;3;8;11;0;1;2;2;3;17;
Monta Ellis;G;42:54;12;19;1;2;1;1;1;3;4;8;2;0;2;4;26;
Brandon Jennings;G;41:28;2;8;0;3;4;4;0;3;3;10;2;0;2;1;8;
Samuel Dalembert;;9:29;0;2;0;0;0;0;2;2;4;1;0;0;2;1;0;
JJ Redick;;27:53;6;14;3;7;1;2;0;0;0;1;0;0;2;2;16;
Gustavo Ayon;;13:37;1;1;0;0;0;0;1;1;2;1;1;1;0;2;2;
Ekpe Udoh;;6:24;1;2;0;0;1;2;1;0;1;1;0;0;1;1;3;
Marquis Daniels;;2:44;0;2;0;0;0;0;1;0;1;0;0;0;0;1;0;
John Henson;;2:45;0;1;0;0;0;0;0;1;1;0;0;1;0;0;0;
Ish Smith;;2:45;0;0;0;0;0;0;0;1;1;0;0;0;0;0;0;
WAS
Martell Webster;F;32:54;7;14;4;7;2;2;0;4;4;1;0;0;1;0;20;
Nene;F;33:55;6;15;0;0;1;5;3;10;13;6;3;0;1;3;13;
Emeka Okafor;C;22:47;3;10;0;0;0;2;2;3;5;0;0;0;0;0;6;
Garrett Temple;G;41:09;6;7;0;0;1;1;1;2;3;4;0;0;2;1;13;
John Wall;G;42:58;10;19;1;2;2;3;1;5;6;10;4;0;2;2;23;
Trevor Ariza;;29:56;5;11;3;7;1;2;0;2;2;3;0;0;4;2;14;
Trevor Booker;;22:11;4;5;0;0;5;9;6;6;12;1;1;0;0;4;13;
Cartier Martin;;4:16;0;2;0;0;0;0;0;0;0;0;0;0;1;1;0;
Kevin Seraphin;;9:54;2;3;0;0;0;0;0;3;3;0;0;0;2;4;4;
