11-07;CLE-GSW;96-106;
21-37;30-22;23-26;22-21;
CLE
Alonzo Gee;F;21:13;2;4;0;2;3;3;0;3;3;1;3;0;4;3;7;
Samardo Samuels;F;37:57;5;9;0;0;1;2;2;5;7;2;0;1;1;3;11;
Tristan Thompson;C;35:47;4;8;0;0;3;8;4;6;10;1;0;0;3;4;11;
Dion Waiters;G;30:39;5;15;2;5;0;0;0;0;0;5;0;0;0;3;12;
Kyrie Irving;G;35:47;10;22;4;8;4;4;1;5;6;7;0;0;3;3;28;
CJ Miles;;17:16;3;11;1;7;0;0;0;1;1;0;1;0;1;5;7;
Jon Leuer;;21:48;3;5;0;0;1;2;2;2;4;1;1;0;2;4;7;
Daniel Gibson;;21:40;4;8;4;8;0;0;0;1;1;1;2;0;1;1;12;
Donald Sloan;;7:54;0;3;0;1;1;2;0;2;2;2;0;0;0;0;1;
Omri Casspi;;9:59;0;1;0;1;0;0;2;3;5;0;0;0;1;0;0;
GSW
Harrison Barnes;F;30:24;5;9;1;2;3;5;1;1;2;1;1;0;2;3;14;
David Lee;F;37:52;10;16;0;0;2;2;2;12;14;6;3;0;1;4;22;
Andrew Bogut;C;17:24;0;2;0;0;0;0;1;2;3;5;1;1;1;0;0;
Klay Thompson;G;22:20;4;10;1;5;4;6;1;1;2;1;1;0;4;4;13;
Stephen Curry;G;36:28;8;14;2;6;3;3;0;5;5;6;2;0;3;3;21;
Richard Jefferson;;23:37;3;7;1;4;0;0;0;2;2;3;0;1;1;2;7;
Festus Ezeli;;12:15;0;0;0;0;0;2;1;4;5;0;0;1;1;1;0;
Draymond Green;;7:34;0;2;0;1;0;0;0;0;0;1;1;0;1;1;0;
Jarrett Jack;;25:42;4;8;0;0;2;2;0;2;2;5;2;0;0;0;10;
Carl Landry;;26:24;8;10;0;0;3;3;1;8;9;0;0;1;2;4;19;
