03-13;TOR-BOS;88-112;
22-21;18-28;22-32;26-31;
TOR
Amir Johnson;F;28:51;3;6;0;0;3;4;1;4;5;1;3;2;1;2;9;
Rudy Gay;F;31:56;7;19;0;1;5;5;2;5;7;4;0;0;3;4;19;
Jonas Valanciunas;C;34:12;4;7;0;0;1;2;3;4;7;0;0;0;1;3;9;
DeMar DeRozan;G;28:43;5;13;0;0;7;7;0;2;2;2;1;0;2;2;17;
Kyle Lowry;G;27:13;2;7;1;2;0;0;1;3;4;3;1;1;4;5;5;
Landry Fields;;15:58;3;5;0;0;1;1;0;2;2;0;0;1;0;0;7;
Terrence Ross;;24:28;6;10;1;4;0;0;0;2;2;2;3;1;1;2;13;
Sebastian Telfair;;14:19;2;6;1;3;0;0;0;2;2;3;1;0;1;2;5;
Alan Anderson;;23:49;2;3;0;1;0;0;0;2;2;0;0;0;4;1;4;
John Lucas III;;10:31;0;3;0;2;0;0;0;1;1;2;2;1;0;2;0;
BOS
Paul Pierce;F;23:47;3;6;0;2;9;11;0;4;4;4;0;1;3;2;15;
Brandon Bass;F;26:59;3;9;0;0;5;5;1;5;6;0;1;2;1;1;11;
Kevin Garnett;C;20:15;5;8;0;0;2;2;0;7;7;2;3;0;0;1;12;
Courtney Lee;G;39:19;5;10;1;3;0;0;0;4;4;4;3;0;0;3;11;
Avery Bradley;G;28:03;2;7;0;1;1;2;0;2;2;3;1;0;0;0;5;
Chris Wilcox;;12:26;3;3;0;0;1;3;3;2;5;0;0;1;2;2;7;
Jeff Green;;31:13;7;14;1;2;5;5;1;5;6;3;2;1;1;4;20;
Jason Terry;;23:23;4;6;3;4;1;2;0;2;2;7;0;1;2;2;12;
Jordan Crawford;;24:13;4;9;1;3;3;4;0;2;2;3;1;1;3;4;12;
Terrence Williams;;5:07;2;2;0;0;1;1;1;0;1;2;0;0;2;0;5;
Shavlik Randolph;;2:38;0;1;0;0;0;0;0;1;1;0;0;0;0;0;0;
DJ White;;2:38;1;1;0;0;0;0;0;0;0;1;0;0;0;0;2;
