02-27;MIL-HOU;110-107;
33-36;22-19;26-25;29-27;
MIL
Luc Mbah a Moute;F;22:49;1;4;0;0;1;2;0;2;2;0;0;1;3;3;3;
Ersan Ilyasova;F;32:46;8;13;1;2;3;3;2;8;10;0;0;1;0;2;20;
Larry Sanders;C;34:40;5;11;0;0;0;0;3;6;9;2;2;2;2;3;10;
Monta Ellis;G;44:37;9;24;2;6;7;11;2;4;6;13;6;0;3;3;27;
Brandon Jennings;G;30:15;3;8;2;5;0;0;0;4;4;6;0;0;1;4;8;
Mike Dunleavy;;30:46;6;11;2;5;2;2;1;5;6;3;1;1;4;2;16;
Ekpe Udoh;;4:34;0;0;0;0;0;0;0;0;0;0;0;0;0;0;0;
John Henson;;12:46;5;6;0;0;2;2;1;4;5;1;0;0;3;2;12;
Drew Gooden;;5:57;0;1;0;0;0;0;0;1;1;1;0;1;0;1;0;
JJ Redick;;20:50;6;11;2;6;0;0;0;0;0;1;1;0;1;3;14;
HOU
Donatas Motiejunas;F;25:43;4;9;1;2;4;4;3;4;7;5;1;0;2;4;13;
Chandler Parsons;F;42:56;9;17;2;5;0;2;2;3;5;2;1;0;5;1;20;
Omer Asik;C;30:36;7;12;0;0;2;3;6;16;22;1;0;0;1;2;16;
James Harden;G;38:20;8;18;2;6;7;10;0;2;2;7;4;0;7;4;25;
Jeremy Lin;G;33:24;4;11;0;2;2;2;0;3;3;7;3;1;2;1;10;
Thomas Robinson;;7:45;1;1;0;0;0;2;0;1;1;1;0;0;0;3;2;
Greg Smith;;11:10;3;4;0;0;0;1;1;2;3;0;0;0;0;1;6;
Carlos Delfino;;31:15;5;14;1;6;1;1;0;1;1;1;1;0;0;2;12;
Patrick Beverley;;18:51;1;3;1;2;0;0;1;2;3;2;1;0;0;2;3;
