12-12;DEN-MIN;105-108;
29-21;21-30;20-26;35-31;
DEN
Danilo Gallinari;F;35:06;9;13;4;5;2;2;0;4;4;1;2;0;1;5;24;
Kenneth Faried;F;37:50;10;16;0;0;6;10;5;9;14;0;3;0;2;3;26;
Kosta Koufos;C;22:28;3;3;0;0;0;0;2;5;7;0;0;1;1;5;6;
Andre Iguodala;G;34:41;1;9;0;2;0;0;1;4;5;7;1;1;5;2;2;
Ty Lawson;G;37:03;6;15;1;3;4;6;1;3;4;12;0;0;4;2;17;
Corey Brewer;;25:45;6;11;2;4;0;0;0;1;1;1;0;1;1;2;14;
JaVale McGee;;15:47;4;6;0;0;1;5;1;2;3;0;1;2;3;5;9;
Andre Miller;;20:47;1;6;0;1;1;1;0;1;1;3;1;0;0;1;3;
Jordan Hamilton;;9:37;2;4;0;1;0;0;2;1;3;0;0;0;2;3;4;
Timofey Mozgov;;0:56;0;0;0;0;0;0;0;0;0;0;0;0;0;2;0;
MIN
Andrei Kirilenko;F;35:30;6;12;0;2;6;6;1;3;4;2;4;1;3;3;18;
Kevin Love;F;31:12;3;17;0;3;2;4;5;9;14;1;0;0;2;5;8;
Nikola Pekovic;C;31:33;7;10;0;0;8;8;5;6;11;2;0;2;2;2;22;
Malcolm Lee;G;10:15;0;2;0;0;0;0;1;0;1;1;2;1;0;0;0;
Luke Ridnour;G;27:45;5;12;2;3;3;4;0;1;1;4;1;0;3;3;15;
Greg Stiemsma;;10:00;1;1;0;0;0;0;0;2;2;0;0;2;1;2;2;
Jose Juan Barea;;27:08;6;12;0;2;5;7;0;5;5;8;2;0;1;2;17;
Alexey Shved;;31:07;3;10;0;3;2;2;2;0;2;5;2;0;0;2;8;
Derrick Williams;;12:30;2;6;0;1;2;2;1;0;1;0;0;0;0;1;6;
Dante Cunningham;;23:01;5;5;0;0;2;4;2;1;3;2;0;0;1;2;12;
