12-09;MIL-BKN;97-88;
25-18;23-13;27-24;22-33;
MIL
Marquis Daniels;F;34:31;5;10;1;2;2;2;0;7;7;1;0;0;2;2;13;
Larry Sanders;F;37:37;3;12;0;0;0;0;2;4;6;1;1;4;3;3;6;
Ekpe Udoh;C;12:20;1;2;0;0;1;1;0;1;1;2;1;2;0;1;3;
Monta Ellis;G;40:35;8;13;0;1;8;9;0;2;2;5;3;0;6;3;24;
Brandon Jennings;G;40:43;8;19;4;7;6;6;2;4;6;7;5;0;2;2;26;
Luc Mbah a Moute;;28:13;2;5;0;1;5;10;1;4;5;0;2;0;2;2;9;
Ersan Ilyasova;;25:38;4;8;1;4;1;1;0;2;2;3;2;0;2;4;10;
Doron Lamb;;14:23;2;2;1;1;1;1;0;2;2;1;0;0;1;1;6;
Joel Przybilla;;6:01;0;0;0;0;0;0;1;1;2;1;0;1;0;1;0;
BKN
Gerald Wallace;F;40:36;6;12;0;3;4;6;3;13;16;3;1;1;2;2;16;
Reggie Evans;F;27:15;2;3;0;0;1;2;4;5;9;1;4;0;5;1;5;
Andray Blatche;C;21:28;3;7;0;0;5;6;2;4;6;1;2;1;2;1;11;
Joe Johnson;G;29:43;2;8;1;3;1;2;0;1;1;4;0;0;3;1;6;
Deron Williams;G;37:46;8;19;1;7;1;2;1;1;2;8;0;0;3;4;18;
Kris Humphries;;25:20;2;8;0;0;0;0;1;6;7;1;0;2;3;2;4;
Jerry Stackhouse;;16:08;3;10;3;7;0;0;0;0;0;1;0;1;1;1;9;
Josh Childress;;3:43;0;2;0;0;0;0;1;0;1;0;0;0;0;0;0;
Mirza Teletovic;;2:06;0;0;0;0;0;0;0;0;0;0;0;0;0;2;0;
CJ Watson;;15:08;2;5;1;4;0;0;0;1;1;2;0;0;0;1;5;
MarShon Brooks;;20:47;4;5;1;1;5;5;0;1;1;1;2;0;1;5;14;
