02-27;PHX-SAS;105-101;
25-27;20-25;22-25;33-23;5-1;
PHX
PJ Tucker;F;20:54;3;7;0;1;1;2;1;5;6;1;0;0;0;1;7;
Luis Scola;F;19:42;7;10;0;0;1;1;1;3;4;3;0;0;0;2;15;
Marcin Gortat;C;37:37;3;12;0;1;1;4;7;8;15;1;1;0;1;2;7;
Jared Dudley;G;19:40;3;5;0;0;0;0;1;1;2;1;0;0;1;4;6;
Goran Dragic;G;40:25;5;13;0;3;3;3;1;3;4;13;1;0;5;5;13;
Wesley Johnson;;23:56;3;9;2;4;0;0;0;2;2;0;1;0;2;1;8;
Michael Beasley;;18:08;3;7;0;0;0;1;0;1;1;0;0;1;1;3;6;
Markieff Morris;;21:13;4;7;0;0;0;2;1;0;1;2;1;1;1;1;8;
Jermaine O'Neal;;27:19;8;14;0;0;6;6;4;9;13;1;0;2;3;4;22;
Kendall Marshall;;12:35;1;3;0;0;0;0;0;0;0;4;0;0;1;3;2;
Marcus Morris;;23:32;4;8;1;3;2;2;0;1;1;0;2;0;0;3;11;
SAS
Kawhi Leonard;F;42:03;4;10;1;4;6;9;0;1;1;4;3;0;1;4;15;
Tim Duncan;F;35:21;6;15;0;1;7;8;0;11;11;0;1;1;3;2;19;
Tiago Splitter;C;31:46;1;4;0;0;2;2;6;2;8;3;1;0;1;1;4;
Danny Green;G;26:34;3;6;2;4;0;0;1;4;5;2;1;0;3;2;8;
Tony Parker;G;39:09;9;20;0;0;4;6;0;4;4;8;1;0;1;2;22;
Manu Ginobili;;29:37;2;8;2;6;4;6;1;2;3;3;1;0;1;4;10;
Boris Diaw;;17:48;0;2;0;0;0;0;0;0;0;2;0;0;1;1;0;
DeJuan Blair;;21:05;7;9;0;0;1;2;0;6;6;1;0;1;2;3;15;
Stephen Jackson;;7:46;1;3;1;2;0;0;0;3;3;0;1;0;1;0;3;
Patty Mills;;7:15;1;2;0;0;0;0;1;0;1;1;0;0;1;0;2;
Nando De Colo;;6:36;1;2;0;0;1;2;1;1;2;0;0;0;2;2;3;
