11-17;UTA-WAS;83-76;
15-17;23-23;27-23;18-13;
UTA
Derrick Favors;F;29:07;3;10;0;0;3;4;5;5;10;0;2;3;0;3;9;
Paul Millsap;F;29:15;2;13;0;1;2;4;5;5;10;2;1;0;2;5;6;
Al Jefferson;C;30:38;10;19;0;0;1;2;4;9;13;1;0;2;2;1;21;
Randy Foye;G;16:54;1;5;0;1;0;0;0;0;0;0;0;0;3;1;2;
Mo Williams;G;36:01;5;11;1;2;1;1;4;1;5;6;2;0;3;1;12;
Marvin Williams;;27:11;2;5;0;2;3;6;1;7;8;1;1;1;2;0;7;
Gordon Hayward;;25:17;4;10;1;2;6;6;1;2;3;5;1;0;3;1;15;
Enes Kanter;;10:23;2;3;0;0;0;0;1;0;1;0;0;0;0;0;4;
Jamaal Tinsley;;11:59;0;1;0;0;0;0;0;3;3;2;0;0;1;1;0;
DeMarre Carroll;;23:15;2;5;0;1;3;4;5;2;7;1;0;0;1;0;7;
WAS
Trevor Ariza;F;34:17;7;15;1;4;1;3;1;8;9;1;3;0;2;1;16;
Jan Vesely;F;22:09;2;6;0;0;1;2;3;2;5;2;0;2;2;2;5;
Emeka Okafor;C;31:59;4;10;0;0;0;0;6;8;14;2;1;3;3;3;8;
Jordan Crawford;G;34:56;7;18;1;3;5;5;1;0;1;8;0;0;2;4;20;
A.J. Price;G;31:07;3;5;2;2;0;0;1;2;3;3;2;0;0;2;8;
Trevor Booker;;18:55;0;2;0;0;0;0;4;3;7;1;1;0;2;2;0;
Kevin Seraphin;;16:01;3;11;0;0;0;0;0;0;0;0;0;1;2;4;6;
Cartier Martin;;14:30;1;8;1;7;0;0;0;2;2;0;2;0;0;0;3;
Bradley Beal;;13:04;3;6;0;0;0;0;0;1;1;0;0;0;2;0;6;
Shaun Livingston;;16:53;1;3;0;0;2;2;0;1;1;1;1;0;0;0;4;
Chris Singleton;;6:10;0;1;0;0;0;0;0;1;1;0;0;0;0;2;0;
