11-07;IND-ATL;86-89;
25-22;25-29;27-14;9-24;
IND
David West;F;36:06;9;18;0;1;2;2;3;3;6;2;0;1;1;4;20;
Sam Young;F;11:18;1;3;0;1;0;0;0;2;2;1;0;0;2;1;2;
Roy Hibbert;C;36:52;4;12;0;0;1;1;3;4;7;3;0;2;1;2;9;
Paul George;G;39:05;5;13;2;7;1;1;1;6;7;2;4;1;3;1;13;
George Hill;G;38:14;7;12;4;7;2;2;0;3;3;5;4;1;2;1;20;
Gerald Green;;17:40;2;8;1;4;0;0;2;3;5;0;0;2;2;1;5;
Ian Mahinmi;;8:01;2;3;0;0;0;1;2;0;2;0;0;0;1;1;4;
Tyler Hansbrough;;15:01;2;4;0;0;0;0;0;3;3;1;1;0;2;1;4;
D.J. Augustin;;9:46;0;2;0;2;0;0;0;1;1;1;0;0;0;0;0;
Lance Stephenson;;27:57;3;10;1;4;2;2;0;5;5;3;1;0;1;2;9;
ATL
Josh Smith;F;34:50;5;12;0;1;1;5;3;2;5;7;1;0;1;3;11;
Al Horford;F;33:28;7;12;0;0;2;3;1;8;9;1;0;3;2;1;16;
Zaza Pachulia;C;33:47;3;5;0;0;0;0;6;8;14;1;1;0;3;1;6;
Kyle Korver;G;30:49;5;13;3;9;0;0;1;4;5;1;0;0;2;1;13;
Jeff Teague;G;32:25;7;15;1;3;0;0;1;5;6;6;3;0;2;1;15;
DeShawn Stevenson;;17:11;2;2;2;2;2;3;1;2;3;1;1;0;0;0;8;
Lou Williams;;20:35;4;11;1;5;0;0;1;2;3;3;0;0;2;0;9;
Devin Harris;;14:45;2;6;0;1;0;0;0;1;1;3;0;0;4;4;4;
Ivan Johnson;;8:34;2;4;0;0;1;1;2;1;3;0;0;0;1;3;5;
Anthony Tolliver;;13:36;1;7;0;1;0;0;1;1;2;1;2;0;0;1;2;
