02-26;MIN-PHX;83-84;
15-16;18-31;18-11;26-19;6-7;
MIN
Andrei Kirilenko;F;10:06;0;0;0;0;0;0;0;2;2;1;1;0;1;1;0;
Derrick Williams;F;39:33;8;16;2;6;3;10;1;11;12;0;2;1;3;3;21;
Nikola Pekovic;C;40:15;6;11;0;0;6;6;5;7;12;2;3;3;1;4;18;
Luke Ridnour;G;29:26;3;11;0;1;4;4;1;3;4;4;1;0;1;0;10;
Ricky Rubio;G;38:55;2;12;0;0;1;2;0;5;5;10;4;0;6;4;5;
Greg Stiemsma;;12:45;0;2;0;0;0;0;0;5;5;0;0;1;0;1;0;
Jose Juan Barea;;28:05;7;17;2;7;0;0;1;1;2;3;0;0;2;2;16;
Alexey Shved;;23:27;2;9;1;2;0;0;1;0;1;1;1;0;1;0;5;
Mickael Gelabale;;21:40;1;4;0;3;0;0;1;3;4;0;1;1;1;1;2;
Dante Cunningham;;20:49;2;8;0;0;2;3;2;3;5;0;1;1;0;1;6;
PHX
PJ Tucker;F;29:32;2;5;0;0;0;0;1;8;9;1;1;0;2;0;4;
Luis Scola;F;20:04;5;9;0;0;0;1;1;0;1;0;0;0;0;4;10;
Marcin Gortat;C;27:24;5;11;0;0;4;6;3;4;7;1;2;3;1;4;14;
Jared Dudley;G;24:53;1;6;0;1;0;1;1;1;2;1;0;0;4;1;2;
Goran Dragic;G;40:57;4;14;1;5;1;4;0;4;4;7;0;1;3;3;10;
Wesley Johnson;;35:39;6;16;2;4;0;0;3;6;9;3;2;0;2;2;14;
Markieff Morris;;31:53;6;12;2;3;0;0;3;3;6;2;0;3;4;6;14;
Jermaine O'Neal;;25:36;5;8;0;0;0;0;4;9;13;0;0;4;2;3;10;
Michael Beasley;;13:10;2;6;0;0;0;0;0;2;2;4;0;0;0;1;4;
Kendall Marshall;;12:03;1;3;0;0;0;0;0;1;1;3;0;0;2;1;2;
Marcus Morris;;3:48;0;1;0;0;0;2;0;2;2;1;0;0;0;1;0;
