11-02;DET-PHX;89-92;
28-24;18-30;17-17;26-21;
DET
Tayshaun Prince;F;34:21;7;15;1;1;3;5;1;2;3;2;0;0;1;1;18;
Jason Maxiell;F;31:23;7;12;0;0;2;3;4;2;6;0;0;1;1;2;16;
Greg Monroe;C;29:10;5;17;0;0;0;2;1;5;6;0;0;0;1;4;10;
Rodney Stuckey;G;22:07;0;7;0;3;1;1;0;4;4;4;0;2;2;1;1;
Brandon Knight;G;31:21;5;12;2;4;1;2;0;5;5;10;0;0;2;3;13;
Will Bynum;;16:40;4;9;0;0;2;2;0;3;3;1;1;0;1;3;10;
Kim English;;15:38;0;3;0;1;0;0;0;1;1;2;1;0;0;0;0;
Jonas Jerebko;;16:36;5;10;0;3;1;1;0;1;1;0;0;0;0;3;11;
Andre Drummond;;18:50;2;3;0;0;1;3;2;6;8;1;0;2;0;2;5;
Kyle Singler;;23:55;2;2;1;1;0;0;2;0;2;0;0;0;1;0;5;
PHX
Michael Beasley;F;28:38;7;18;0;2;2;2;3;4;7;0;0;0;3;4;16;
Luis Scola;F;28:43;6;12;0;0;1;1;2;7;9;1;1;0;1;4;13;
Marcin Gortat;C;35:33;7;13;0;0;2;2;4;12;16;0;1;3;1;2;16;
Jared Dudley;G;24:58;1;4;0;3;0;0;0;1;1;1;2;0;0;2;2;
Goran Dragic;G;34:21;5;10;1;2;4;6;1;1;2;10;1;0;1;0;15;
Markieff Morris;;19:14;3;12;0;0;0;0;3;1;4;0;1;0;3;2;6;
Wesley Johnson;;8:16;1;3;1;1;0;0;1;1;2;0;0;0;1;1;3;
Sebastian Telfair;;13:43;2;3;0;1;1;2;0;1;1;1;0;1;0;2;5;
Shannon Brown;;24:43;7;14;0;2;0;1;0;4;4;2;0;0;1;0;14;
Jermaine O'Neal;;12:26;0;1;0;0;0;0;0;4;4;0;0;1;1;3;0;
PJ Tucker;;9:25;1;2;0;0;0;0;1;1;2;0;0;0;0;0;2;
