11-05;CLE-LAC;108-101;
31-28;26-22;27-28;24-23;
CLE
Alonzo Gee;F;33:33;2;8;0;2;4;4;3;0;3;4;1;0;4;2;8;
Tristan Thompson;F;31:48;0;6;0;0;1;4;4;4;8;1;3;1;3;5;1;
Anderson Varejao;C;36:06;7;10;0;0;1;2;5;10;15;1;3;1;1;3;15;
Dion Waiters;G;32:15;10;17;7;11;1;1;0;3;3;1;0;0;1;2;28;
Kyrie Irving;G;37:20;8;23;4;8;4;5;1;2;3;10;1;0;3;1;24;
Daniel Gibson;;20:20;1;5;1;4;0;0;0;3;3;3;1;0;0;1;3;
Tyler Zeller;;24:12;6;10;0;0;3;6;4;3;7;2;1;0;3;3;15;
Donald Sloan;;6:05;1;4;0;1;0;0;0;0;0;2;0;0;0;0;2;
CJ Miles;;14:27;4;7;2;3;0;0;0;0;0;0;2;0;1;1;10;
Samardo Samuels;;3:54;1;2;0;0;0;0;1;0;1;0;0;0;1;0;2;
LAC
Caron Butler;F;21:45;4;9;3;6;0;0;0;1;1;2;0;0;1;3;11;
Blake Griffin;F;35:24;9;14;0;1;2;2;0;6;6;5;1;3;5;2;20;
DeAndre Jordan;C;29:23;5;7;0;0;0;1;1;5;6;0;0;5;3;2;10;
Willie Green;G;21:08;3;4;1;2;2;2;0;2;2;0;0;1;1;3;9;
Chris Paul;G;34:18;6;10;1;4;4;4;1;4;5;9;1;0;2;4;17;
Eric Bledsoe;;25:38;3;10;0;2;5;6;2;3;5;5;4;1;2;0;11;
Jamal Crawford;;25:05;7;13;4;8;1;1;0;0;0;1;0;0;4;2;19;
Matt Barnes;;16:06;0;4;0;2;0;0;1;7;8;0;0;0;3;4;0;
Ryan Hollins;;13:29;1;1;0;0;0;0;4;1;5;1;1;1;2;1;2;
Ronny Turiaf;;13:44;0;0;0;0;0;0;0;0;0;0;0;2;0;1;0;
Lamar Odom;;4:00;1;2;0;0;0;0;0;0;0;0;0;0;2;2;2;
