02-24;BOS-POR;86-92;
21-27;21-22;25-22;19-21;
BOS
Paul Pierce;F;31:59;9;16;1;3;4;5;0;7;7;8;0;1;1;3;23;
Brandon Bass;F;30:02;5;10;0;0;1;2;2;3;5;0;1;0;0;3;11;
Kevin Garnett;C;32:30;9;19;0;1;2;2;2;7;9;3;2;1;2;2;20;
Courtney Lee;G;25:47;2;5;1;2;0;0;0;2;2;2;1;0;1;2;5;
Avery Bradley;G;34:55;4;9;0;2;0;0;0;2;2;3;1;0;0;1;8;
Jeff Green;;30:53;4;12;0;2;3;4;1;3;4;0;1;0;3;2;11;
Chris Wilcox;;15:30;1;2;0;0;0;0;1;0;1;0;2;0;0;3;2;
Jason Terry;;19:09;1;4;0;2;2;2;0;2;2;0;1;0;1;0;4;
Terrence Williams;;6:58;1;4;0;0;0;0;0;2;2;0;0;0;1;2;2;
Jordan Crawford;;12:17;0;4;0;1;0;0;0;2;2;0;0;0;0;0;0;
POR
Nicolas Batum;F;39:58;6;14;2;6;4;5;2;4;6;3;0;0;3;2;18;
LaMarcus Aldridge;F;31:23;7;15;0;0;2;2;1;3;4;3;0;0;2;3;16;
JJ Hickson;C;29:42;4;8;0;0;3;4;4;7;11;3;1;0;3;1;11;
Wesley Matthews;G;37:59;8;11;5;8;3;5;0;1;1;3;1;0;2;2;24;
Damian Lillard;G;38:39;5;16;0;5;2;2;1;5;6;6;0;0;2;0;12;
Meyers Leonard;;16:25;1;3;0;0;1;1;2;4;6;0;0;1;1;2;3;
Victor Claver;;19:34;2;4;0;0;0;0;1;9;10;0;2;1;1;2;4;
Will Barton;;7:23;1;2;0;0;0;0;0;1;1;0;0;0;1;1;2;
Eric Maynor;;14:49;1;5;0;2;0;0;0;1;1;3;0;0;1;1;2;
Joel Freeland;;4:08;0;1;0;0;0;0;0;1;1;0;0;0;0;2;0;
