01-26;IND-UTA;110-114;
24-27;24-18;20-31;30-22;12-16;
IND
Paul George;F;47:55;8;17;3;7;4;4;3;2;5;4;1;1;6;5;23;
David West;F;41:30;9;15;0;1;6;8;0;7;7;3;2;3;4;3;24;
Roy Hibbert;C;34:43;6;12;0;0;2;2;6;7;13;3;2;1;4;4;14;
Lance Stephenson;G;23:60;0;4;0;1;0;0;1;0;1;0;1;0;4;3;0;
George Hill;G;45:35;10;16;2;7;0;1;3;6;9;8;2;0;1;2;22;
Orlando Johnson;;6:44;0;0;0;0;0;0;0;1;1;0;0;0;0;1;0;
Tyler Hansbrough;;11:38;4;5;0;0;0;0;1;2;3;0;0;0;0;3;8;
Ian Mahinmi;;17:46;3;4;0;0;2;2;2;0;2;0;0;0;1;3;8;
D.J. Augustin;;30:04;4;9;2;5;1;1;1;0;1;3;1;0;1;0;11;
Jeff Ayres;;5:05;0;0;0;0;0;0;0;0;0;0;0;0;0;0;0;
UTA
Marvin Williams;F;26:04;3;7;0;2;0;0;0;2;2;2;1;1;2;0;6;
Paul Millsap;F;38:11;8;13;0;0;5;5;0;4;4;2;5;2;4;2;21;
Al Jefferson;C;37:20;11;20;0;0;3;4;1;5;6;1;2;2;0;2;25;
Randy Foye;G;27:36;4;6;2;4;4;4;0;0;0;2;1;0;0;0;14;
Jamaal Tinsley;G;21:53;1;4;1;2;2;2;0;0;0;9;1;0;0;2;5;
Earl Watson;;31:09;1;1;0;0;0;0;2;2;4;5;2;0;0;1;2;
Derrick Favors;;18:39;4;9;0;0;3;4;1;3;4;0;0;0;1;3;11;
Gordon Hayward;;30:26;5;12;0;2;5;5;1;2;3;6;3;1;6;3;15;
DeMarre Carroll;;22:16;4;5;0;0;1;2;1;1;2;1;2;0;0;4;9;
Enes Kanter;;11:28;3;6;0;0;0;0;3;0;3;0;0;0;1;1;6;
