02-19;MEM-DET;105-91;
22-30;31-12;31-18;21-31;
MEM
Tayshaun Prince;F;19:39;2;7;0;1;0;0;1;2;3;0;1;1;0;1;4;
Zach Randolph;F;26:32;6;11;0;0;3;4;5;5;10;3;0;0;1;1;15;
Marc Gasol;C;26:46;2;7;0;0;4;4;2;3;5;7;2;0;0;4;8;
Tony Allen;G;20:24;5;7;0;1;0;0;1;5;6;1;1;1;4;4;10;
Mike Conley;G;30:22;8;11;2;2;1;1;0;2;2;4;2;0;3;1;19;
Jerryd Bayless;;30:45;4;8;0;2;0;0;0;5;5;10;3;0;3;1;8;
Darrell Arthur;;16:07;4;10;0;0;0;0;0;1;1;0;0;0;2;2;8;
Austin Daye;;14:27;3;5;0;2;0;2;0;3;3;2;1;0;0;2;6;
Quincy Pondexter;;21:54;4;6;1;1;1;1;1;2;3;1;3;1;1;0;10;
Ed Davis;;21:26;6;7;0;0;2;6;1;3;4;1;1;4;0;2;14;
Tony Wroten;;6:29;0;0;0;0;0;0;0;0;0;0;0;0;1;0;0;
Jon Leuer;;5:09;1;1;0;0;1;2;1;1;2;0;0;0;1;2;3;
DET
Kyle Singler;F;22:10;3;7;1;2;0;0;0;2;2;1;0;0;3;2;7;
Jason Maxiell;F;20:25;2;7;0;0;0;0;1;1;2;1;0;0;1;1;4;
Greg Monroe;C;23:08;4;9;0;0;1;1;2;4;6;2;1;1;1;3;9;
Brandon Knight;G;26:14;5;11;3;4;0;0;2;3;5;1;1;0;2;1;13;
Jose Calderon;G;29:58;4;9;2;3;0;0;0;1;1;7;1;0;3;1;10;
Charlie Villanueva;;17:04;1;8;0;5;0;0;0;2;2;0;2;2;0;0;2;
Rodney Stuckey;;22:42;2;4;0;1;4;4;0;1;1;3;0;0;1;2;8;
Will Bynum;;18:02;2;7;0;1;1;2;0;0;0;2;2;0;3;1;5;
Viacheslav Kravtsov;;24:52;4;5;0;0;0;3;1;3;4;1;0;1;1;4;8;
Kim English;;16:00;3;5;0;1;0;0;0;4;4;5;0;0;0;2;6;
Jonas Jerebko;;10:31;5;5;3;3;0;0;0;2;2;4;0;0;1;1;13;
Khris Middleton;;8:54;3;5;0;0;0;0;0;0;0;1;0;0;0;0;6;
