12-14;PHI-IND;85-95;
20-25;24-17;22-29;19-24;
PHI
Nick Young;F;37:14;4;14;0;2;0;0;0;1;1;5;0;0;2;2;8;
Thaddeus Young;F;37:02;5;12;0;0;2;2;0;7;7;1;3;3;0;4;12;
Kwame Brown;C;21:05;2;2;0;0;1;4;1;0;1;0;0;1;0;0;5;
Jason Richardson;G;20:26;1;6;1;2;0;0;1;1;2;1;0;0;0;1;3;
Evan Turner;G;41:52;9;16;2;2;2;2;0;10;10;5;1;0;5;1;22;
Lavoy Allen;;13:02;3;5;0;0;0;0;2;0;2;0;0;0;0;3;6;
Dorell Wright;;29:51;3;7;0;3;3;4;3;6;9;4;1;0;1;2;9;
Spencer Hawes;;24:25;8;15;0;0;2;2;2;1;3;1;0;0;2;4;18;
Maalik Wayns;;11:03;0;4;0;3;0;0;0;0;0;2;0;0;2;2;0;
Damien Wilkins;;4:00;0;0;0;0;2;2;0;1;1;1;0;0;0;1;2;
IND
Paul George;F;39:04;9;17;5;7;5;6;0;6;6;2;1;3;1;4;28;
David West;F;32:59;5;17;0;0;4;8;3;3;6;3;0;2;3;2;14;
Roy Hibbert;C;34:01;9;16;0;0;1;2;6;7;13;3;0;1;4;5;19;
Gerald Green;G;32:00;1;4;1;3;4;4;0;2;2;0;0;0;2;4;7;
George Hill;G;39:14;6;13;2;4;1;1;0;10;10;9;2;2;3;1;15;
Tyler Hansbrough;;15:01;2;4;0;0;1;2;3;3;6;0;0;0;0;0;5;
Sam Young;;25:32;2;3;0;0;1;2;1;2;3;1;1;1;1;3;5;
Ben Hansbrough;;8:46;0;1;0;0;0;0;0;0;0;0;0;1;0;1;0;
Ian Mahinmi;;13:23;1;2;0;0;0;2;1;1;2;1;0;0;2;1;2;
