11-10;PHI-TOR;93-83;
20-26;32-7;17-29;24-21;
PHI
Thaddeus Young;F;33:44;5;11;0;0;6;6;1;7;8;2;1;0;2;2;16;
Dorell Wright;F;26:30;5;12;4;8;1;1;3;3;6;0;1;0;2;1;15;
Lavoy Allen;C;21:26;0;5;0;0;0;0;0;0;0;2;0;0;0;1;0;
Jrue Holiday;G;35:09;6;11;1;1;3;5;0;3;3;5;2;1;7;4;16;
Evan Turner;G;37:25;2;7;0;1;4;5;2;10;12;4;1;1;3;4;8;
Spencer Hawes;;23:24;5;10;0;0;2;4;2;9;11;3;0;1;1;1;12;
Nick Young;;32:19;7;12;1;4;1;2;0;2;2;0;0;1;0;3;16;
Royal Ivey;;19:28;3;3;0;0;2;2;1;2;3;5;3;0;0;1;8;
Damien Wilkins;;10:36;1;2;0;0;0;0;0;1;1;0;0;0;0;2;2;
TOR
Alan Anderson;F;26:60;3;8;1;5;0;0;0;3;3;1;0;0;2;1;7;
Andrea Bargnani;F;40:51;9;19;3;6;2;4;0;5;5;3;3;0;1;1;23;
Jonas Valanciunas;C;20:18;3;6;0;0;2;2;3;5;8;1;0;1;0;2;8;
DeMar DeRozan;G;44:22;6;17;1;1;6;8;1;5;6;0;1;0;1;4;19;
Jose Calderon;G;38:24;5;11;4;7;0;0;1;2;3;11;0;1;4;3;14;
Amir Johnson;;18:41;1;2;0;0;0;0;0;4;4;1;0;2;2;5;2;
Terrence Ross;;12:38;2;5;2;5;0;0;0;1;1;1;1;0;1;2;6;
John Lucas III;;16:00;1;7;1;1;1;2;0;1;1;1;1;0;0;1;4;
Ed Davis;;3:45;0;1;0;0;0;0;1;1;2;0;0;0;1;2;0;
Linas Kleiza;;12:00;0;1;0;1;0;0;1;1;2;0;0;0;0;0;0;
Dominic McGuire;;6:01;0;2;0;0;0;0;0;0;0;1;0;0;0;0;0;
