01-01;PHI-LAL;103-99;
28-25;26-25;27-23;22-26;
PHI
Evan Turner;F;40:55;8;14;2;3;4;7;1;12;13;5;2;1;1;1;22;
Thaddeus Young;F;36:12;6;15;0;0;0;0;0;5;5;2;1;0;0;5;12;
Lavoy Allen;C;17:43;5;8;0;0;0;0;3;3;6;0;1;1;1;5;10;
Jason Richardson;G;27:14;4;11;1;6;0;2;0;2;2;3;0;0;2;3;9;
Jrue Holiday;G;39:12;10;19;2;5;4;4;0;2;2;10;2;0;1;1;26;
Kwame Brown;;14:46;0;1;0;0;0;0;1;5;6;0;0;1;2;3;0;
Nick Young;;14:02;0;3;0;1;1;2;0;5;5;1;0;0;2;1;1;
Spencer Hawes;;27:19;5;9;0;1;3;4;1;4;5;6;0;4;1;2;13;
Dorell Wright;;22:37;3;6;3;6;1;1;0;7;7;0;0;0;0;1;10;
LAL
Kobe Bryant;F;42:25;14;29;1;6;7;10;4;2;6;0;1;0;3;2;36;
Pau Gasol;F;35:43;2;12;0;2;7;8;2;7;9;4;0;1;1;2;11;
Dwight Howard;C;38:32;1;7;0;0;5;10;4;10;14;0;0;5;1;3;7;
Darius Morris;G;20:06;0;4;0;3;3;4;0;1;1;1;2;0;0;4;3;
Steve Nash;G;35:32;6;11;0;3;0;0;1;2;3;10;1;0;2;1;12;
Metta World Peace;;32:24;6;17;1;4;0;0;0;9;9;1;1;0;0;3;13;
Jordan Hill;;18:33;5;8;0;0;0;1;3;5;8;0;0;0;0;0;10;
Jodie Meeks;;16:46;3;6;1;4;0;0;0;2;2;1;0;0;0;2;7;
