03-17;SAC-LAL;102-113;
27-33;29-23;20-30;26-27;
SAC
John Salmons;F;30:28;1;7;1;3;0;0;0;0;0;5;0;0;0;3;3;
Patrick Patterson;F;36:01;9;12;2;2;2;2;3;2;5;0;0;0;0;2;22;
Jason Thompson;C;24:48;2;8;0;0;0;0;0;7;7;0;1;0;1;5;4;
Tyreke Evans;G;41:44;6;19;1;6;0;0;0;5;5;7;3;1;1;2;13;
Isaiah Thomas;G;34:19;9;20;3;10;5;5;0;1;1;6;1;0;1;3;26;
Charles Hayes;;28:21;4;5;0;0;0;0;2;5;7;1;0;0;0;4;8;
Marcus Thornton;;20:49;6;15;2;6;1;1;1;2;3;1;0;0;1;2;15;
Cole Aldrich;;6:50;0;0;0;0;0;0;0;1;1;0;0;1;1;1;0;
Toney Douglas;;16:40;5;10;1;4;0;0;1;3;4;1;2;1;0;0;11;
LAL
Metta World Peace;F;39:56;10;13;1;3;1;1;0;0;0;4;0;1;1;2;22;
Earl Clark;F;26:60;4;10;0;3;3;4;0;8;8;2;0;1;2;1;11;
Dwight Howard;C;40:32;4;6;0;0;4;10;3;14;17;1;0;5;2;2;12;
Jodie Meeks;G;28:08;2;6;1;5;1;2;0;0;0;0;1;0;1;2;6;
Steve Nash;G;35:04;7;12;1;2;4;4;0;4;4;12;0;0;3;2;19;
Antawn Jamison;;34:47;8;14;5;8;6;8;1;8;9;1;0;0;0;1;27;
Steve Blake;;34:34;6;11;4;7;0;0;2;3;5;8;1;0;4;2;16;
