12-19;GSW-SAC;127-131;
24-33;31-30;33-36;39-32;
GSW
Harrison Barnes;F;16:15;2;6;0;2;0;0;0;1;1;0;0;0;1;3;4;
David Lee;F;44:29;12;17;0;0;5;6;4;4;8;5;1;0;2;4;29;
Festus Ezeli;C;13:15;1;3;0;0;0;0;0;2;2;0;0;1;1;3;2;
Klay Thompson;G;36:27;3;9;3;6;2;2;0;5;5;5;2;1;0;3;11;
Stephen Curry;G;41:46;11;24;7;12;3;3;0;6;6;4;1;1;4;6;32;
Andris Biedrins;;6:47;1;2;0;0;0;0;2;1;3;0;0;1;0;0;2;
Jarrett Jack;;31:45;10;16;3;5;5;6;2;5;7;3;0;0;4;1;28;
Draymond Green;;18:30;0;5;0;1;2;2;4;1;5;3;0;1;0;2;2;
Carl Landry;;24:23;5;8;0;0;4;4;2;3;5;1;0;1;0;2;14;
Charles Jenkins;;4:10;1;2;0;0;0;0;0;0;0;0;0;0;0;1;2;
Richard Jefferson;;2:13;0;0;0;0;1;2;0;0;0;0;0;0;0;2;1;
SAC
John Salmons;F;35:05;6;13;0;1;5;6;1;5;6;5;1;1;1;1;17;
Jason Thompson;F;34:46;5;14;0;0;0;0;5;10;15;3;0;3;0;2;10;
DeMarcus Cousins;C;37:54;5;12;0;0;14;18;3;4;7;5;2;1;5;5;24;
Francisco Garcia;G;11:28;1;1;1;1;2;2;0;1;1;3;0;1;0;1;5;
Aaron Brooks;G;29:36;9;12;3;3;2;2;0;2;2;5;2;0;1;2;23;
Jimmer Fredette;;14:42;3;7;1;3;8;8;0;2;2;1;0;0;0;0;15;
Marcus Thornton;;31:05;7;15;5;10;0;0;0;3;3;0;1;0;0;3;19;
Isaiah Thomas;;17:44;5;7;1;1;0;0;0;0;0;3;0;0;0;1;11;
Charles Hayes;;17:55;1;1;0;0;1;2;1;1;2;0;0;1;1;3;3;
Thomas Robinson;;4:53;1;3;0;0;2;4;1;0;1;0;1;0;0;0;4;
James Johnson;;4:53;0;1;0;0;0;0;0;1;1;0;0;0;1;0;0;
