11-13;WAS-CHA;76-92;
27-23;12-29;22-18;15-22;
WAS
Trevor Ariza;F;34:59;7;18;2;8;3;4;2;4;6;2;1;1;1;1;19;
Trevor Booker;F;27:28;4;8;0;0;0;0;4;4;8;3;1;2;2;1;8;
Emeka Okafor;C;27:16;1;2;0;0;6;6;1;8;9;2;0;3;1;3;8;
Bradley Beal;G;22:17;1;11;1;6;5;5;2;1;3;0;1;0;1;3;8;
A.J. Price;G;32:54;2;12;1;7;1;2;1;2;3;6;1;0;2;2;6;
Kevin Seraphin;;15:24;2;4;0;0;1;2;1;0;1;0;0;2;1;3;5;
Jordan Crawford;;21:33;3;10;0;2;1;3;3;6;9;3;0;1;5;3;7;
Chris Singleton;;11:48;1;3;0;1;0;0;0;2;2;0;0;0;0;1;2;
Jannero Pargo;;9:39;0;4;0;3;0;0;0;0;0;1;0;0;2;0;0;
Martell Webster;;13:01;1;5;1;2;3;4;2;1;3;1;0;0;0;2;6;
Jan Vesely;;9:54;0;0;0;0;0;4;0;2;2;0;0;1;0;3;0;
Cartier Martin;;9:37;1;4;0;2;0;0;0;2;2;0;1;0;0;0;2;
Earl Barron;;4:10;2;3;0;0;1;2;2;0;2;0;0;0;2;2;5;
CHA
Michael Kidd-Gilchrist;F;27:20;6;11;0;0;3;3;2;6;8;2;0;1;2;5;15;
Byron Mullens;F;26:54;3;8;1;3;2;4;0;6;6;4;2;2;1;0;9;
Brendan Haywood;C;30:57;4;6;0;0;0;0;4;7;11;1;2;1;1;3;8;
Jeff Taylor;G;32:20;2;7;0;2;2;2;3;3;6;4;1;1;3;1;6;
Kemba Walker;G;34:56;5;13;1;4;6;7;0;3;3;2;2;0;0;2;17;
Tyrus Thomas;;21:06;2;7;0;0;6;6;2;4;6;1;0;2;2;3;10;
Ramon Sessions;;29:43;7;18;1;2;6;8;1;4;5;2;0;0;2;1;21;
Bismack Biyombo;;13:42;0;1;0;0;0;0;0;1;1;0;0;0;0;3;0;
Reggie Williams;;14:16;2;4;0;2;2;2;1;3;4;1;0;0;1;0;6;
DeSagana Diop;;3:21;0;1;0;0;0;0;0;0;0;0;0;0;0;0;0;
Cory Higgins;;5:25;0;2;0;0;0;0;0;0;0;0;1;0;0;2;0;
