01-12;CHA-IND;88-96;
24-23;21-20;20-26;23-27;
CHA
Michael Kidd-Gilchrist;F;20:39;2;7;0;0;0;0;3;5;8;2;0;0;2;1;4;
Hakim Warrick;F;33:07;5;13;0;1;3;5;1;6;7;2;1;1;2;4;13;
Bismack Biyombo;C;21:24;4;4;0;0;0;0;1;2;3;1;0;2;1;2;8;
Gerald Henderson;G;27:40;6;12;0;1;0;0;1;1;2;3;0;0;3;2;12;
Kemba Walker;G;31:02;5;9;1;2;5;5;0;5;5;4;3;3;2;3;16;
Ben Gordon;;25:42;9;14;1;1;2;3;0;3;3;0;0;0;0;4;21;
Ramon Sessions;;21:45;2;11;0;1;3;3;0;2;2;6;1;0;0;0;7;
Jeff Taylor;;17:12;1;2;1;1;0;0;0;0;0;1;0;0;1;0;3;
Jeff Adrien;;14:53;0;2;0;0;0;0;2;5;7;0;0;0;1;3;0;
Brendan Haywood;;26:36;2;4;0;0;0;0;1;0;1;1;0;1;2;1;4;
IND
Dominic McGuire;F;6:31;0;3;0;0;0;2;1;1;2;0;0;0;0;0;0;
David West;F;38:22;7;15;0;0;0;0;6;6;12;10;1;0;4;2;14;
Roy Hibbert;C;21:56;4;9;0;0;1;2;8;1;9;1;1;1;3;3;9;
Lance Stephenson;G;38:35;8;13;1;3;0;0;1;6;7;2;4;1;2;3;17;
George Hill;G;41:49;7;17;3;7;2;2;0;4;4;4;1;0;0;2;19;
Gerald Green;;21:51;3;12;2;8;0;0;0;2;2;0;0;0;2;1;8;
Tyler Hansbrough;;9:38;1;3;0;0;1;1;0;1;1;0;0;1;2;3;3;
Orlando Johnson;;7:01;1;3;1;2;0;0;0;3;3;1;1;0;0;0;3;
Ian Mahinmi;;26:04;2;5;0;0;1;1;1;7;8;2;2;3;0;3;5;
D.J. Augustin;;28:13;5;9;4;8;4;4;0;0;0;4;1;0;1;4;18;
