11-26;CHA-OKC;69-114;
12-28;12-36;19-24;26-26;
CHA
Michael Kidd-Gilchrist;F;22:28;3;9;0;0;2;2;2;1;3;0;0;1;1;1;8;
Byron Mullens;F;26:59;3;11;2;7;1;2;0;3;3;1;0;0;0;1;9;
Brendan Haywood;C;24:27;2;6;0;0;0;0;5;3;8;1;0;0;2;2;4;
Jeff Taylor;G;26:12;4;7;1;3;1;2;1;1;2;0;4;0;1;3;10;
Kemba Walker;G;19:58;0;6;0;2;0;2;0;0;0;2;1;0;2;2;0;
Ramon Sessions;;18:44;1;9;0;0;5;6;1;4;5;1;0;0;2;3;7;
DeSagana Diop;;19:22;0;1;0;0;0;0;1;8;9;1;0;1;0;1;0;
Ben Gordon;;26:09;2;7;1;4;4;4;0;1;1;1;1;1;2;2;9;
Hakim Warrick;;24:02;1;8;0;0;4;4;1;2;3;0;1;1;1;1;6;
Reggie Williams;;17:52;4;8;1;4;0;0;0;1;1;2;1;0;0;2;9;
Cory Higgins;;13:47;3;7;1;2;0;0;0;2;2;3;1;0;0;1;7;
OKC
Kevin Durant;F;26:28;6;8;2;4;4;4;1;5;6;4;0;4;2;2;18;
Serge Ibaka;F;17:54;3;6;0;0;0;0;1;6;7;0;0;1;1;2;6;
Kendrick Perkins;C;19:06;4;5;0;0;0;0;1;8;9;2;0;0;2;2;8;
Thabo Sefolosha;G;21:03;4;9;4;8;2;2;1;3;4;3;1;0;0;0;14;
Russell Westbrook;G;21:44;4;8;0;2;4;4;0;2;2;11;2;0;2;2;12;
Kevin Martin;;19:43;3;8;2;5;4;4;0;0;0;0;0;0;1;1;12;
Nick Collison;;9:56;3;3;0;0;0;1;1;3;4;1;0;0;0;1;6;
Hasheem Thabeet;;26:56;5;6;0;0;3;3;3;7;10;0;0;1;1;4;13;
Eric Maynor;;27:14;2;8;2;4;1;2;1;2;3;6;0;0;2;2;7;
Perry Jones;;18:58;2;4;0;0;0;0;0;3;3;0;0;1;3;2;4;
Reggie Jackson;;18:58;4;8;3;3;0;0;0;4;4;3;0;0;0;0;11;
Jeremy Lamb;;12:00;0;5;0;1;3;3;0;2;2;1;0;0;0;3;3;
