01-19;SAC-CHA;97-93;
25-20;26-26;27-30;19-17;
SAC
John Salmons;F;26:17;2;4;0;1;0;0;1;1;2;1;0;0;3;2;4;
Jason Thompson;F;31:34;5;6;0;0;1;2;1;3;4;2;1;0;0;2;11;
DeMarcus Cousins;C;38:25;8;19;0;0;1;2;2;8;10;4;1;0;5;4;17;
Tyreke Evans;G;26:00;6;10;0;1;4;4;0;3;3;4;2;0;2;5;16;
Isaiah Thomas;G;29:50;4;11;0;4;7;8;2;3;5;7;2;0;0;4;15;
Marcus Thornton;;26:38;6;11;4;7;2;2;0;1;1;0;0;0;0;2;18;
Thomas Robinson;;1:10;0;1;0;0;0;0;1;0;1;0;0;0;0;0;0;
Francisco Garcia;;17:19;2;4;1;2;0;0;0;2;2;2;0;0;0;3;5;
Charles Hayes;;5:30;0;3;0;0;0;0;0;0;0;0;0;0;0;0;0;
James Johnson;;19:21;4;8;0;1;1;1;3;6;9;1;0;2;0;4;9;
Aaron Brooks;;17:56;0;4;0;2;2;2;0;2;2;3;0;0;1;1;2;
CHA
Michael Kidd-Gilchrist;F;17:52;1;4;0;0;2;4;1;2;3;2;0;0;1;1;4;
Hakim Warrick;F;30:15;3;7;0;0;6;8;0;5;5;0;0;0;3;2;12;
Bismack Biyombo;C;18:40;0;0;0;0;0;0;2;1;3;0;0;0;1;4;0;
Gerald Henderson;G;34:58;7;15;0;2;1;2;2;3;5;3;2;1;4;2;15;
Kemba Walker;G;37:43;6;17;1;7;1;1;1;3;4;10;4;0;1;2;14;
Brendan Haywood;;26:35;3;5;0;0;3;5;2;5;7;0;1;5;0;4;9;
Ben Gordon;;17:16;4;10;3;4;1;2;0;1;1;1;0;0;1;0;12;
Ramon Sessions;;29:06;5;10;1;1;5;7;0;5;5;4;1;1;2;1;16;
Jeff Adrien;;20:16;2;3;0;0;5;7;1;3;4;0;0;1;0;2;9;
Jeff Taylor;;7:19;0;1;0;1;2;2;1;0;1;0;0;0;0;0;2;
