02-11;BOS-CHA;91-94;
26-24;22-18;24-33;19-19;
BOS
Paul Pierce;F;29:24;4;12;1;3;4;4;1;7;8;8;1;1;3;1;13;
Brandon Bass;F;31:38;4;7;0;0;0;2;1;6;7;1;1;1;0;3;8;
Kevin Garnett;C;28:49;5;13;0;0;6;8;3;10;13;3;0;2;1;4;16;
Courtney Lee;G;19:03;2;6;0;0;0;0;0;4;4;2;0;0;0;1;4;
Avery Bradley;G;35:23;4;11;0;3;0;0;0;0;0;3;3;2;2;4;8;
Jason Collins;;12:46;0;2;0;0;1;2;1;2;3;0;0;0;0;1;1;
Jason Terry;;28:58;4;8;3;6;1;1;0;0;0;6;0;0;1;3;12;
Jeff Green;;24:20;5;8;1;1;7;7;0;4;4;0;1;1;2;4;18;
Leandro Barbosa;;12:26;1;6;1;1;0;0;1;1;2;3;0;0;0;1;3;
Chris Wilcox;;17:14;3;4;0;0;2;2;1;2;3;0;0;0;1;2;8;
CHA
Michael Kidd-Gilchrist;F;15:02;1;4;0;0;3;3;1;0;1;1;0;1;0;3;5;
Byron Mullens;F;42:40;10;16;4;5;1;4;5;13;18;4;0;0;3;4;25;
Bismack Biyombo;C;36:00;2;5;0;0;0;0;1;7;8;1;0;4;0;1;4;
Gerald Henderson;G;34:42;6;15;1;2;3;5;1;3;4;4;0;1;1;1;16;
Kemba Walker;G;36:09;6;15;1;3;5;6;2;4;6;6;3;0;2;1;18;
Ramon Sessions;;30:48;6;11;1;2;6;8;0;2;2;1;1;0;1;3;19;
Ben Gordon;;13:40;1;6;1;3;0;0;0;1;1;1;1;0;2;0;3;
Jeff Taylor;;13:39;0;2;0;2;2;2;0;2;2;1;0;0;0;2;2;
Brendan Haywood;;12:00;0;0;0;0;0;2;0;4;4;2;1;1;0;3;0;
Jeff Adrien;;5:20;1;3;0;1;0;0;0;1;1;1;0;0;1;1;2;
