01-19;GSW-NOH;116-112;
33-27;34-30;18-32;31-23;
GSW
Harrison Barnes;F;17:47;1;2;0;1;0;1;0;1;1;2;1;0;4;2;2;
Carl Landry;F;37:33;3;9;0;0;5;6;3;8;11;2;1;0;3;2;11;
Festus Ezeli;C;30:18;5;9;0;0;3;3;6;2;8;1;0;1;1;3;13;
Klay Thompson;G;38:25;11;16;5;7;2;2;0;3;3;1;1;0;2;1;29;
Stephen Curry;G;38:29;5;17;2;8;8;10;1;2;3;7;4;0;1;2;20;
Andris Biedrins;;5:00;0;1;0;0;0;0;0;0;0;0;0;0;0;1;0;
Draymond Green;;18:29;2;2;1;1;0;0;0;1;1;0;0;0;1;0;5;
Jarrett Jack;;35:37;7;13;1;3;10;11;0;2;2;12;2;0;2;5;25;
Richard Jefferson;;18:08;4;8;1;2;2;2;0;4;4;0;1;0;0;3;11;
Charles Jenkins;;0:05;0;0;0;0;0;0;0;0;0;0;0;0;0;0;0;
Jeremy Tyler;;0:05;0;0;0;0;0;0;0;0;0;0;0;0;0;0;0;
Kent Bazemore;;0:05;0;0;0;0;0;0;0;0;0;0;0;0;0;0;0;
NOH
Al-Farouq Aminu;F;34:49;7;9;0;0;0;1;3;7;10;1;2;1;1;3;14;
Anthony Davis;F;31:32;9;12;0;0;2;7;4;8;12;4;1;4;1;2;20;
Robin Lopez;C;19:22;1;2;0;0;0;0;0;0;0;1;0;1;1;2;2;
Eric Gordon;G;30:46;7;16;3;7;6;7;1;0;1;3;3;0;3;3;23;
Greivis Vasquez;G;34:06;3;10;2;6;0;0;0;4;4;15;3;0;2;4;8;
Ryan Anderson;;27:57;8;14;2;7;1;2;1;4;5;3;0;0;0;1;19;
Roger Mason Jr.;;19:32;5;7;2;3;0;0;0;2;2;0;1;0;2;4;12;
Xavier Henry;;7:31;0;1;0;0;1;2;0;0;0;0;0;0;1;0;1;
Jason Smith;;17:08;1;2;0;0;2;2;0;0;0;1;0;0;1;3;4;
Austin Rivers;;14:08;4;6;0;1;0;0;1;0;1;2;0;0;3;3;8;
Lance Thomas;;3:08;0;0;0;0;1;2;1;1;2;0;1;0;1;1;1;
