12-13;CHA-ATL;90-113;
19-30;24-30;31-31;16-22;
CHA
Michael Kidd-Gilchrist;F;26:32;4;9;0;0;0;0;4;2;6;1;0;0;1;3;8;
Byron Mullens;F;13:35;1;8;1;3;0;0;1;1;2;0;0;0;2;1;3;
Bismack Biyombo;C;26:03;2;3;0;0;0;2;1;5;6;1;1;0;1;3;4;
Jeff Taylor;G;30:03;3;6;2;4;4;4;0;2;2;0;0;0;1;2;12;
Kemba Walker;G;31:10;6;15;0;5;1;1;0;0;0;6;3;0;2;0;13;
Brendan Haywood;;23:07;1;2;0;0;0;0;0;3;3;1;1;0;0;1;2;
Gerald Henderson;;31:27;6;11;0;1;5;6;0;3;3;3;1;0;2;1;17;
Ramon Sessions;;22:08;5;8;2;3;4;4;1;2;3;4;0;0;3;4;16;
Ben Gordon;;17:00;2;9;1;3;2;2;0;1;1;4;0;0;0;1;7;
Jeff Adrien;;5:04;0;0;0;0;0;0;1;2;3;0;0;1;2;1;0;
DeSagana Diop;;6:41;2;3;0;0;0;0;0;1;1;1;0;0;0;1;4;
Reggie Williams;;4:24;1;3;0;2;0;0;0;0;0;1;0;0;0;0;2;
Hakim Warrick;;2:46;1;2;0;0;0;1;0;1;1;0;0;0;0;0;2;
ATL
DeShawn Stevenson;F;19:02;3;5;3;5;0;0;1;6;7;2;0;0;1;0;9;
Josh Smith;F;29:37;8;12;1;2;1;3;1;4;5;3;2;0;3;1;18;
Al Horford;C;30:47;5;9;0;0;1;3;1;2;3;3;0;3;1;3;11;
Kyle Korver;G;21:19;5;7;2;3;1;2;0;3;3;2;1;0;2;0;13;
Jeff Teague;G;26:30;2;5;0;2;2;3;0;1;1;4;1;0;1;2;6;
Anthony Morrow;;1:25;0;0;0;0;0;0;0;0;0;0;0;0;0;2;0;
Lou Williams;;25:01;5;10;3;7;0;0;0;3;3;9;2;0;2;1;13;
Devin Harris;;24:29;7;11;4;8;2;4;0;1;1;4;0;0;1;1;20;
Zaza Pachulia;;17:51;0;0;0;0;0;0;3;4;7;0;0;0;0;2;0;
Ivan Johnson;;28:04;5;8;0;0;6;8;1;7;8;0;2;0;1;1;16;
Anthony Tolliver;;7:07;0;2;0;1;0;0;0;0;0;0;0;0;1;0;0;
Mike Scott;;4:24;1;3;0;0;0;0;0;2;2;0;0;0;0;1;2;
John Jenkins;;4:24;2;3;1;1;0;0;0;1;1;1;0;0;0;0;5;
