12-07;DEN-IND;92-89;
22-28;29-22;18-18;23-21;
DEN
Kenneth Faried;F;20:44;2;7;0;0;0;0;0;7;7;0;0;0;1;2;4;
Danilo Gallinari;F;34:51;2;10;1;3;4;5;1;6;7;8;2;1;1;1;9;
Kosta Koufos;C;21:11;5;8;0;0;2;2;4;1;5;0;0;0;0;4;12;
Andre Iguodala;G;37:22;4;12;0;4;2;2;0;0;0;2;2;0;2;1;10;
Ty Lawson;G;35:07;1;10;0;3;0;0;0;1;1;4;2;1;0;2;2;
Corey Brewer;;28:06;9;16;2;5;0;2;1;3;4;1;1;1;0;1;20;
Jordan Hamilton;;7:35;0;3;0;2;0;1;0;1;1;1;1;0;0;0;0;
JaVale McGee;;30:25;9;9;0;0;2;4;3;5;8;0;0;1;2;5;20;
Andre Miller;;24:39;6;11;0;0;3;4;1;3;4;8;2;0;2;1;15;
IND
Paul George;F;34:55;9;15;4;5;0;1;1;5;6;6;1;2;2;4;22;
David West;F;34:21;8;12;0;0;2;2;1;10;11;3;1;1;2;1;18;
Roy Hibbert;C;29:48;3;10;0;0;4;6;4;5;9;3;1;3;3;2;10;
Lance Stephenson;G;32:18;5;8;1;3;1;2;1;3;4;2;1;0;2;3;12;
George Hill;G;37:49;5;15;3;9;2;3;0;4;4;10;0;3;1;2;15;
Gerald Green;;12:33;0;2;0;1;0;0;0;0;0;0;0;0;0;1;0;
Tyler Hansbrough;;13:39;0;1;0;0;0;0;0;1;1;0;0;0;1;3;0;
Ian Mahinmi;;18:12;1;5;0;0;0;0;2;5;7;0;1;0;2;3;2;
Sam Young;;16:14;3;7;2;4;1;2;0;0;0;1;0;0;2;2;9;
D.J. Augustin;;10:11;0;1;0;1;1;2;0;0;0;2;0;0;3;1;1;
