01-18;ATL-BKN;89-94;
29-29;20-20;25-25;15-20;
ATL
Kyle Korver;F;37:30;4;6;3;4;0;0;0;3;3;4;1;0;1;2;11;
Josh Smith;F;36:47;5;15;0;3;2;3;1;8;9;3;1;1;4;2;12;
Zaza Pachulia;C;25:28;2;5;0;0;0;0;3;3;6;2;1;0;1;6;4;
Devin Harris;G;32:33;6;15;3;8;2;2;0;3;3;3;0;0;0;3;17;
Jeff Teague;G;37:30;8;17;2;4;3;4;0;0;0;10;0;1;4;3;21;
Ivan Johnson;;10:14;2;6;0;0;1;3;0;3;3;0;0;1;3;2;5;
Lou Williams;;9:39;0;2;0;0;0;0;0;0;0;0;1;0;1;1;0;
Johan Petro;;13:17;2;4;0;0;0;0;0;5;5;0;1;0;0;3;4;
John Jenkins;;13:25;1;2;0;0;0;0;0;0;0;0;1;0;0;0;2;
Mike Scott;;10:06;3;5;0;0;2;2;1;1;2;0;0;0;0;1;8;
Anthony Tolliver;;13:31;2;3;1;2;0;0;0;4;4;0;0;0;1;3;5;
BKN
Gerald Wallace;F;29:02;1;6;1;4;5;6;1;2;3;4;1;1;1;3;8;
Reggie Evans;F;28:31;1;2;0;0;0;4;5;15;20;1;2;0;2;2;2;
Brook Lopez;C;32:13;7;12;0;0;6;8;2;4;6;2;1;1;3;3;20;
Joe Johnson;G;41:27;7;17;3;7;1;2;0;3;3;2;1;0;3;2;18;
Deron Williams;G;37:42;7;19;3;9;7;7;0;2;2;7;0;0;4;3;24;
MarShon Brooks;;8:48;0;2;0;1;1;2;0;1;1;1;0;0;0;0;1;
Kris Humphries;;5:58;0;1;0;0;1;2;0;2;2;0;0;0;1;2;1;
Andray Blatche;;15:35;4;5;0;0;3;5;3;5;8;0;0;0;1;4;11;
Mirza Teletovic;;6:19;0;1;0;0;0;0;0;0;0;0;0;0;2;1;0;
Keith Bogans;;20:60;3;4;2;3;0;0;0;2;2;0;2;0;0;1;8;
CJ Watson;;13:25;0;5;0;2;1;2;0;1;1;1;1;0;1;1;1;
