03-12;LAL-ORL;106-97;
22-23;28-23;26-22;30-29;
LAL
Metta World Peace;F;38:41;5;12;2;4;2;3;1;1;2;0;2;0;1;3;14;
Earl Clark;F;20:41;2;5;2;4;0;0;0;4;4;0;1;1;2;2;6;
Dwight Howard;C;38:24;7;13;0;0;25;39;3;13;16;2;1;3;0;3;39;
Kobe Bryant;G;36:27;4;14;2;6;1;2;1;6;7;8;2;0;3;1;11;
Steve Nash;G;31:30;5;9;1;2;0;0;0;0;0;2;1;0;3;4;11;
Antawn Jamison;;21:25;5;7;0;2;0;2;2;6;8;0;0;0;0;2;10;
Jodie Meeks;;27:47;4;7;2;4;1;1;0;1;1;0;0;1;0;0;11;
Steve Blake;;23:25;2;6;0;3;0;0;0;3;3;8;1;0;1;1;4;
Robert Sacre;;0:50;0;0;0;0;0;0;0;0;0;0;0;0;0;0;0;
Darius Morris;;0:50;0;0;0;0;0;0;0;0;0;0;0;0;0;0;0;
ORL
Maurice Harkless;F;26:37;4;7;1;2;3;5;2;2;4;0;2;0;3;6;12;
Tobias Harris;F;40:27;7;17;3;5;0;1;5;10;15;2;1;3;0;3;17;
Nikola Vucevic;C;29:53;3;9;0;0;0;0;3;8;11;3;0;1;1;4;6;
Arron Afflalo;G;44:47;6;18;1;5;4;4;0;3;3;2;0;0;1;4;17;
Jameer Nelson;G;43:22;9;19;1;8;2;3;0;3;3;7;1;0;6;4;21;
Al Harrington;;10:15;1;6;1;4;2;2;1;1;2;0;0;0;1;2;5;
E'Twaun Moore;;18:11;1;4;1;3;0;0;0;3;3;0;1;0;0;1;3;
Beno Udrih;;16:38;4;8;2;5;2;2;1;0;1;2;0;0;2;4;12;
DeQuan Jones;;2:24;0;1;0;0;0;0;0;0;0;0;0;0;0;4;0;
Kyle O'Quinn;;5:26;2;3;0;0;0;0;0;0;0;2;0;0;0;3;4;
Andrew Nicholson;;2:01;0;1;0;0;0;0;1;1;2;0;0;0;0;0;0;
