02-08;SAS-DET;109-119;
23-31;29-34;26-30;31-24;
SAS
Kawhi Leonard;F;26:19;6;13;2;6;2;3;0;5;5;1;3;1;0;1;16;
Boris Diaw;F;23:35;2;7;0;0;0;0;1;2;3;1;1;0;2;2;4;
Tiago Splitter;C;28:13;4;8;0;0;2;3;3;3;6;1;1;3;0;1;10;
Danny Green;G;30:05;5;8;5;7;0;0;0;2;2;2;1;2;0;3;15;
Tony Parker;G;35:09;10;16;0;0;11;12;0;2;2;8;1;0;1;3;31;
Matt Bonner;;18:50;3;6;2;3;0;0;0;1;1;0;0;2;0;1;8;
Gary Neal;;26:16;3;7;1;4;2;2;0;1;1;4;0;1;1;2;9;
DeJuan Blair;;15:34;0;4;0;0;5;6;4;6;10;0;0;0;0;2;5;
Stephen Jackson;;22:18;3;9;0;3;3;4;0;1;1;3;1;0;1;0;9;
Nando De Colo;;5:04;1;2;0;0;0;0;1;1;2;0;0;0;0;1;2;
Patty Mills;;7:06;0;1;0;1;0;0;0;0;0;0;0;0;2;0;0;
Aron Baynes;;1:31;0;0;0;0;0;0;0;0;0;0;0;0;0;0;0;
DET
Kyle Singler;F;35:30;6;11;1;3;1;1;2;5;7;2;0;0;1;5;14;
Jason Maxiell;F;22:55;3;7;0;0;1;1;1;2;3;0;0;1;0;5;7;
Greg Monroe;C;40:03;9;16;0;0;8;10;5;11;16;5;2;1;5;2;26;
Brandon Knight;G;36:09;10;21;2;5;2;3;2;3;5;2;0;0;1;2;24;
Jose Calderon;G;30:59;3;6;1;3;0;0;0;2;2;8;1;0;0;2;7;
Charlie Villanueva;;33:02;7;15;5;9;2;2;3;5;8;0;0;2;0;1;21;
Rodney Stuckey;;24:21;4;7;1;2;2;2;2;4;6;4;1;0;4;1;11;
Will Bynum;;17:01;4;6;0;0;1;1;0;2;2;5;1;0;1;2;9;
