01-22;ORL-DET;90-105;
25-26;27-28;14-28;24-23;
ORL
Arron Afflalo;F;37:43;0;4;0;1;0;0;0;9;9;5;1;0;0;2;0;
Glen Davis;F;23:15;4;16;0;0;3;4;0;3;3;1;0;0;1;1;11;
Nikola Vucevic;C;28:20;5;10;0;0;0;0;0;9;9;1;0;1;0;3;10;
JJ Redick;G;37:16;9;10;5;6;3;4;0;2;2;3;0;0;2;1;26;
Jameer Nelson;G;33:29;6;18;2;10;0;0;0;3;3;9;1;0;2;3;14;
Andrew Nicholson;;11:22;3;5;0;0;0;0;1;2;3;0;0;1;1;4;6;
Maurice Harkless;;14:31;2;3;0;0;0;0;1;0;1;1;0;0;0;1;4;
E'Twaun Moore;;19:33;4;7;1;2;0;0;2;3;5;2;1;0;4;2;9;
Josh McRoberts;;9:34;0;3;0;1;0;0;1;2;3;1;0;0;0;1;0;
Gustavo Ayon;;9:47;4;4;0;0;0;0;0;0;0;1;0;0;3;2;8;
Ish Smith;;6:58;0;1;0;0;0;0;1;0;1;2;1;0;0;0;0;
DeQuan Jones;;4:06;0;0;0;0;0;0;0;1;1;1;0;0;0;0;0;
Kyle O'Quinn;;4:06;1;3;0;0;0;0;0;1;1;0;0;0;0;0;2;
DET
Tayshaun Prince;F;25:17;2;6;0;1;2;3;0;3;3;5;0;0;0;0;6;
Jason Maxiell;F;22:50;3;8;0;0;5;5;5;6;11;1;0;1;1;0;11;
Greg Monroe;C;28:51;6;12;0;0;4;6;1;5;6;2;1;0;0;1;16;
Kyle Singler;G;32:53;3;4;0;1;0;0;3;4;7;1;1;0;0;3;6;
Brandon Knight;G;33:01;7;17;3;7;1;2;1;3;4;5;3;0;4;2;18;
Andre Drummond;;23:58;5;7;0;0;1;4;3;8;11;0;2;2;1;4;11;
Rodney Stuckey;;24:56;6;13;2;5;0;0;1;1;2;1;0;0;1;1;14;
Will Bynum;;25:36;7;14;0;1;1;1;2;2;4;6;0;1;1;2;15;
Charlie Villanueva;;13:23;2;6;2;5;0;0;0;6;6;2;0;1;0;0;6;
Austin Daye;;5:39;0;2;0;2;0;0;0;0;0;0;0;0;0;0;0;
Kim English;;3:36;1;2;0;1;0;0;0;0;0;0;1;0;0;0;2;
