11-02;UTA-NOH;86-88;
19-19;22-21;22-27;23-21;
UTA
Marvin Williams;F;28:48;2;8;1;6;0;0;0;3;3;1;0;0;1;1;5;
Paul Millsap;F;25:26;5;9;1;1;0;2;3;3;6;3;1;1;3;4;11;
Al Jefferson;C;28:16;5;13;0;0;0;0;2;6;8;1;0;0;1;3;10;
Gordon Hayward;G;25:55;4;8;2;3;4;5;2;2;4;3;1;0;1;1;14;
Mo Williams;G;31:23;6;16;2;8;2;2;0;4;4;4;1;0;2;3;16;
Derrick Favors;;22:34;2;5;0;0;0;2;5;4;9;0;1;2;2;1;4;
DeMarre Carroll;;14:25;2;6;0;2;0;0;1;0;1;0;0;1;0;1;4;
Randy Foye;;26:52;8;16;4;7;0;1;2;2;4;1;0;2;0;2;20;
Enes Kanter;;19:43;1;2;0;0;0;0;1;3;4;0;2;0;3;4;2;
Jamaal Tinsley;;16:38;0;2;0;1;0;0;0;1;1;6;1;0;1;1;0;
NOH
Al-Farouq Aminu;F;34:14;7;10;0;0;1;2;2;6;8;2;2;0;2;2;15;
Anthony Davis;F;14:25;4;6;0;0;0;0;2;4;6;0;1;2;1;0;8;
Robin Lopez;C;35:53;9;16;0;0;1;1;3;4;7;0;0;1;1;3;19;
Austin Rivers;G;28:41;0;4;0;0;2;2;0;2;2;6;2;0;2;2;2;
Greivis Vasquez;G;36:34;5;13;0;1;3;6;0;4;4;10;0;1;3;0;13;
Ryan Anderson;;31:14;7;15;5;9;0;0;2;4;6;3;0;0;1;5;19;
Roger Mason Jr.;;15:49;0;2;0;2;2;2;0;2;2;0;0;0;0;0;2;
Darius Miller;;11:20;0;2;0;1;0;0;0;1;1;2;1;0;0;1;0;
Jason Smith;;19:12;3;9;0;0;0;0;2;2;4;0;1;0;1;3;6;
Brian Roberts;;4:44;1;2;0;1;0;0;0;0;0;0;0;0;0;0;2;
Xavier Henry;;7:54;1;2;0;0;0;1;1;1;2;0;0;0;1;0;2;
