12-21;NOH-SAS;94-99;
21-26;21-28;19-18;33-27;
NOH
Lance Thomas;F;15:29;1;3;0;0;0;0;0;1;1;0;0;0;0;0;2;
Anthony Davis;F;37:58;8;13;0;0;2;2;4;7;11;0;1;1;2;4;18;
Robin Lopez;C;25:31;5;7;0;0;0;0;2;4;6;1;1;1;1;0;10;
Greivis Vasquez;G;30:36;7;15;0;1;0;0;0;3;3;4;0;0;1;1;14;
Austin Rivers;G;26:58;2;8;0;1;3;4;1;4;5;2;0;0;1;2;7;
Roger Mason Jr.;;21:26;4;10;0;4;2;2;1;3;4;3;0;0;2;2;10;
Dominic McGuire;;14:06;1;2;0;0;0;0;0;2;2;1;1;0;0;2;2;
Ryan Anderson;;32:31;5;15;2;7;0;0;2;4;6;1;2;1;2;3;12;
Brian Roberts;;17:24;4;9;0;2;3;3;0;1;1;3;0;0;1;1;11;
Darius Miller;;4:26;0;1;0;1;0;0;0;1;1;0;0;0;0;1;0;
Xavier Henry;;13:35;2;3;0;0;4;5;1;3;4;0;1;0;2;2;8;
SAS
Danny Green;F;23:41;4;9;1;5;0;0;0;4;4;2;0;0;0;1;9;
Tim Duncan;F;32:10;7;11;0;0;1;1;1;9;10;5;2;2;2;1;15;
Tiago Splitter;C;26:54;2;4;0;0;2;2;0;7;7;2;1;0;3;2;6;
Gary Neal;G;21:32;1;4;0;2;0;0;0;2;2;1;0;0;1;2;2;
Tony Parker;G;31:11;10;17;0;2;5;6;0;1;1;5;0;0;2;2;25;
Boris Diaw;;25:06;5;6;1;1;1;2;1;4;5;3;0;0;0;2;12;
Manu Ginobili;;24:01;3;10;1;3;6;7;0;2;2;7;2;1;2;0;13;
Stephen Jackson;;17:28;2;6;0;2;1;2;0;1;1;1;0;1;1;0;5;
Nando De Colo;;13:59;2;2;0;0;0;1;0;2;2;2;0;0;0;1;4;
Matt Bonner;;3:58;0;0;0;0;0;0;0;0;0;0;0;0;0;0;0;
Kawhi Leonard;;20:00;3;7;1;3;1;2;0;2;2;1;2;1;0;1;8;
