01-05;GSW-LAC;89-115;
12-35;31-32;23-36;23-12;
GSW
Harrison Barnes;F;21:45;5;9;0;1;1;2;0;2;2;3;0;1;1;1;11;
David Lee;F;28:58;3;10;0;0;4;4;2;3;5;2;0;0;4;1;10;
Festus Ezeli;C;16:16;1;1;0;0;0;0;2;1;3;0;1;2;2;3;2;
Klay Thompson;G;30:20;4;10;3;7;3;4;0;1;1;2;0;2;1;1;14;
Stephen Curry;G;28:60;4;11;1;5;1;1;0;0;0;5;0;0;2;0;10;
Andris Biedrins;;3:37;0;0;0;0;0;0;0;1;1;0;0;0;0;4;0;
Jarrett Jack;;24:12;3;9;1;3;1;1;0;2;2;3;0;0;2;0;8;
Carl Landry;;16:03;1;1;0;0;7;8;0;2;2;0;1;2;0;3;9;
Charles Jenkins;;19:01;3;3;0;0;0;0;0;0;0;2;0;0;0;0;6;
Draymond Green;;14:50;3;5;0;1;2;2;1;7;8;0;2;0;2;3;8;
Jeremy Tyler;;12:00;0;2;0;0;1;2;0;2;2;1;0;1;1;1;1;
Richard Jefferson;;12:00;2;5;0;1;0;0;0;3;3;1;0;0;0;0;4;
Kent Bazemore;;12:00;3;6;0;2;0;2;0;1;1;0;0;0;1;0;6;
LAC
Caron Butler;F;21:59;4;9;2;6;0;0;0;2;2;0;0;0;1;3;10;
Blake Griffin;F;29:41;8;12;0;0;4;7;0;5;5;7;3;0;2;2;20;
DeAndre Jordan;C;23:12;6;8;0;0;1;2;1;7;8;1;0;0;0;1;13;
Willie Green;G;38:14;4;15;1;6;2;2;0;3;3;3;3;0;1;2;11;
Chris Paul;G;28:05;10;12;5;6;2;2;1;4;5;9;1;0;0;0;27;
Eric Bledsoe;;29:41;8;13;1;2;0;0;2;1;3;3;1;1;1;1;17;
Matt Barnes;;26:21;5;13;1;6;0;0;4;4;8;4;2;1;0;3;11;
Lamar Odom;;16:60;2;5;0;2;0;0;1;2;3;2;1;1;1;3;4;
Ronny Turiaf;;18:00;0;3;0;0;0;0;0;3;3;0;0;1;0;4;0;
Ryan Hollins;;7:48;0;0;0;0;2;2;0;1;1;0;1;0;1;2;2;
