01-21;BKN-NYK;88-85;
26-24;21-17;18-27;23-17;
BKN
Reggie Evans;F;20:29;1;3;0;0;1;2;2;7;9;0;0;0;0;1;3;
Gerald Wallace;F;26:02;3;5;2;3;0;2;0;3;3;1;0;0;1;3;8;
Brook Lopez;C;34:25;6;13;0;0;2;4;5;6;11;1;0;4;4;3;14;
Joe Johnson;G;39:03;8;20;5;8;4;4;0;3;3;5;1;0;2;5;25;
Deron Williams;G;38:29;3;10;2;4;6;7;0;5;5;12;0;0;4;3;14;
Kris Humphries;;27:22;5;8;0;0;1;1;5;8;13;1;0;0;3;2;11;
Keith Bogans;;22:59;3;6;2;4;0;0;0;4;4;0;0;0;1;3;8;
Andray Blatche;;13:29;0;2;0;1;0;0;0;2;2;2;2;0;2;2;0;
Jerry Stackhouse;;5:03;0;2;0;2;0;0;0;0;0;0;0;0;1;0;0;
CJ Watson;;9:31;1;3;1;2;0;0;0;2;2;0;0;0;0;0;3;
MarShon Brooks;;3:02;1;2;0;0;0;0;0;0;0;1;0;0;1;0;2;
Damion James;;0:07;0;0;0;0;0;0;0;0;0;0;0;0;0;0;0;
NYK
Carmelo Anthony;F;44:53;11;29;1;2;6;6;0;3;3;7;0;1;2;4;29;
Chris Copeland;F;15:04;2;6;1;4;0;0;0;3;3;0;0;0;0;2;5;
Tyson Chandler;C;34:56;3;4;0;0;1;3;4;7;11;1;0;0;0;2;7;
Jason Kidd;G;35:27;4;5;2;3;1;2;0;3;3;1;6;1;0;5;11;
Iman Shumpert;G;20:06;1;6;0;3;0;0;1;3;4;2;1;0;0;1;2;
J.R. Smith;;37:54;7;19;2;7;0;0;0;4;4;1;3;0;0;1;16;
Pablo Prigioni;;8:31;0;0;0;0;0;0;1;0;1;0;1;0;1;2;0;
Steve Novak;;13:31;0;3;0;1;0;0;0;2;2;1;0;0;0;0;0;
Amar'e Stoudemire;;26:31;6;10;0;0;3;6;1;5;6;0;0;0;2;3;15;
Ronnie Brewer;;3:07;0;2;0;1;0;0;0;0;0;1;0;0;0;0;0;
