01-09;DAL-LAC;93-99;
21-25;29-27;25-20;18-27;
DAL
Shawn Marion;F;27:26;5;10;1;2;0;0;1;6;7;2;1;0;2;2;11;
Dirk Nowitzki;F;33:02;5;13;1;3;4;6;2;4;6;4;1;1;4;2;15;
Chris Kaman;C;24:18;4;12;0;0;1;2;2;2;4;0;1;0;0;2;9;
O.J. Mayo;G;37:31;6;15;1;6;4;4;0;1;1;3;3;0;1;4;17;
Darren Collison;G;37:03;9;15;2;4;2;2;1;3;4;6;0;0;2;1;22;
Elton Brand;;25:44;3;6;0;0;2;2;2;2;4;1;1;1;1;3;8;
Vince Carter;;29:00;3;9;0;1;0;0;0;5;5;2;0;1;2;0;6;
Jae Crowder;;12:28;1;1;1;1;0;0;1;0;1;1;3;0;0;2;3;
Rodrigue Beaubois;;10:57;0;2;0;1;2;2;1;1;2;2;0;0;0;0;2;
Dahntay Jones;;2:26;0;1;0;0;0;0;0;0;0;0;0;0;1;1;0;
Mike James;;0:05;0;0;0;0;0;0;0;0;0;0;0;0;0;0;0;
LAC
Caron Butler;F;22:02;4;13;1;6;2;2;3;2;5;1;0;0;1;1;11;
Blake Griffin;F;33:37;6;13;0;0;3;4;5;8;13;1;3;1;6;3;15;
DeAndre Jordan;C;17:45;3;7;0;0;2;5;3;2;5;0;1;1;5;1;8;
Willie Green;G;14:42;1;3;1;3;0;0;1;3;4;0;0;0;0;0;3;
Chris Paul;G;40:10;8;13;1;2;2;2;1;4;5;16;2;0;3;2;19;
Matt Barnes;;33:18;7;11;5;8;0;0;0;7;7;2;1;3;1;1;19;
Lamar Odom;;27:08;2;5;0;1;0;0;0;2;2;3;1;0;1;5;4;
Jamal Crawford;;25:58;3;7;2;4;3;4;0;0;0;1;1;1;1;1;11;
Eric Bledsoe;;7:50;2;4;0;0;1;2;1;2;3;1;0;0;1;1;5;
Ronny Turiaf;;17:30;2;3;0;0;0;2;1;2;3;0;0;0;2;1;4;
