12-18;TOR-CLE;113-99;
22-29;27-24;29-23;35-23;
TOR
Mickael Pietrus;F;16:25;1;4;1;3;0;0;0;0;0;0;0;1;2;2;3;
Ed Davis;F;24:23;2;7;0;0;0;0;3;1;4;3;0;0;1;3;4;
Jonas Valanciunas;C;18:55;3;6;0;0;2;4;0;7;7;1;1;0;0;1;8;
DeMar DeRozan;G;36:17;4;9;0;1;8;8;1;4;5;4;2;0;1;2;16;
Jose Calderon;G;32:58;10;15;3;6;0;0;2;3;5;6;2;0;4;2;23;
Amir Johnson;;29:00;6;7;0;0;5;5;2;4;6;4;1;1;2;5;17;
Linas Kleiza;;20:46;2;6;0;3;6;7;0;1;1;0;1;0;1;3;10;
Alan Anderson;;31:35;6;12;5;7;1;2;4;2;6;2;1;0;1;4;18;
Terrence Ross;;14:34;1;2;1;1;0;0;0;1;1;0;0;0;0;0;3;
John Lucas III;;15:07;4;7;2;3;1;1;1;0;1;5;0;0;2;2;11;
CLE
Alonzo Gee;F;40:42;6;8;1;1;2;3;1;3;4;2;0;3;2;4;15;
Tristan Thompson;F;29:07;5;8;0;0;0;1;7;2;9;1;1;1;2;4;10;
Anderson Varejao;C;38:37;5;12;0;0;12;16;3;7;10;2;1;1;0;0;22;
Dion Waiters;G;28:20;4;13;0;2;0;2;0;0;0;4;0;1;3;4;8;
Kyrie Irving;G;37:18;9;16;2;5;3;5;0;3;3;7;3;1;5;2;23;
CJ Miles;;29:60;4;7;2;4;3;3;0;4;4;1;0;0;2;6;13;
Tyler Zeller;;15:42;1;2;0;0;0;0;0;2;2;0;1;0;1;1;2;
Luke Walton;;4:20;0;1;0;1;0;0;0;0;0;1;0;0;0;3;0;
Daniel Gibson;;14:45;2;3;2;3;0;0;0;1;1;1;0;0;0;1;6;
Donald Sloan;;1:09;0;0;0;0;0;0;0;0;0;0;0;0;0;1;0;
