02-02;WAS-SAS;86-96;
17-27;9-24;30-17;30-28;
WAS
Martell Webster;F;32:36;5;9;3;5;1;2;0;5;5;2;1;0;2;3;14;
Nene;F;28:12;5;12;0;0;1;4;4;2;6;6;0;1;2;1;11;
Emeka Okafor;C;20:22;1;6;0;0;0;2;2;7;9;0;0;1;1;1;2;
Garrett Temple;G;10:52;1;4;0;1;0;0;1;0;1;0;0;0;1;2;2;
John Wall;G;36:07;10;22;0;2;1;1;2;3;5;9;1;0;4;5;21;
Jordan Crawford;;14:33;3;7;0;2;0;0;0;1;1;0;0;0;2;2;6;
A.J. Price;;21:31;1;7;0;4;3;4;1;3;4;5;0;0;1;1;5;
Kevin Seraphin;;21:34;1;4;0;0;2;4;0;2;2;0;0;0;1;1;4;
Jan Vesely;;5:46;0;1;0;0;0;0;0;1;1;0;0;0;1;2;0;
Trevor Ariza;;28:21;4;9;2;6;0;0;1;2;3;1;3;0;1;3;10;
Chris Singleton;;20:06;5;7;1;2;0;0;1;3;4;1;3;0;0;2;11;
SAS
Kawhi Leonard;F;33:21;3;9;1;4;3;3;1;10;11;0;1;1;1;2;10;
Tim Duncan;F;13:34;3;6;0;0;2;2;2;3;5;2;0;1;0;1;8;
Tiago Splitter;C;29:59;5;8;0;0;2;2;0;7;7;2;1;1;1;2;12;
Danny Green;G;32:14;6;9;2;5;1;1;0;3;3;2;0;1;4;0;15;
Tony Parker;G;33:29;9;15;0;0;1;2;0;4;4;12;0;0;4;2;19;
Boris Diaw;;24:05;3;5;1;1;2;2;0;6;6;2;1;0;1;2;9;
Stephen Jackson;;13:33;2;5;0;3;0;0;0;1;1;0;0;0;1;3;4;
Gary Neal;;15:06;3;7;1;3;0;0;0;0;0;0;0;0;1;2;7;
DeJuan Blair;;13:47;1;4;0;0;0;0;0;4;4;1;2;0;1;2;2;
Nando De Colo;;10:03;1;3;0;1;0;0;0;2;2;2;0;0;2;0;2;
Matt Bonner;;13:51;2;5;0;2;0;0;0;2;2;0;0;0;0;0;4;
Patty Mills;;6:58;0;2;0;1;4;4;0;0;0;2;0;0;0;1;4;
