01-30;ORL-NYK;97-113;
31-31;20-20;22-28;24-34;
ORL
Glen Davis;F;4:20;1;2;0;0;0;0;0;0;0;3;0;0;0;0;2;
Maurice Harkless;F;36:29;1;5;0;1;4;5;2;1;3;0;1;0;1;3;6;
Nikola Vucevic;C;29:46;6;8;0;0;0;0;3;8;11;0;0;0;1;3;12;
Jameer Nelson;G;34:31;8;17;2;7;3;4;0;3;3;9;0;0;2;3;21;
JJ Redick;G;35:44;9;14;4;9;7;7;0;3;3;1;0;0;3;0;29;
E'Twaun Moore;;26:59;4;10;1;3;0;0;0;1;1;0;1;0;0;2;9;
Andrew Nicholson;;7:32;2;4;0;0;0;0;1;1;2;0;0;0;0;0;4;
DeQuan Jones;;17:58;1;3;0;1;0;0;0;0;0;0;0;0;0;0;2;
Ish Smith;;10:03;3;5;0;1;0;0;0;1;1;0;0;0;0;0;6;
Gustavo Ayon;;12:13;0;1;0;0;0;0;0;0;0;0;1;0;0;1;0;
Hedo Turkoglu;;15:53;1;5;0;4;0;0;1;3;4;1;1;0;1;0;2;
Kyle O'Quinn;;8:32;2;3;0;0;0;0;1;2;3;0;0;0;2;1;4;
NYK
Carmelo Anthony;F;39:07;8;17;2;7;2;2;1;6;7;5;0;1;1;1;20;
James White;F;10:10;1;3;0;1;0;0;0;1;1;0;0;0;0;0;2;
Tyson Chandler;C;32:05;10;11;0;0;1;1;5;2;7;5;0;0;0;0;21;
Raymond Felton;G;31:18;6;13;3;6;0;0;1;1;2;9;1;0;0;3;15;
Iman Shumpert;G;21:47;3;7;1;4;0;0;1;3;4;2;2;0;2;5;7;
J.R. Smith;;34:38;4;8;2;2;1;2;1;4;5;4;0;1;1;3;11;
Steve Novak;;23:01;3;7;2;6;0;0;0;1;1;1;0;0;0;1;8;
Amar'e Stoudemire;;20:38;7;7;0;0;0;0;1;3;4;1;0;2;3;2;14;
Chris Copeland;;7:35;1;2;1;2;0;0;0;0;0;1;0;0;1;2;3;
Pablo Prigioni;;15:31;4;7;3;6;0;0;0;2;2;2;1;0;1;1;11;
Ronnie Brewer;;4:10;0;0;0;0;1;3;0;3;3;0;0;0;0;0;1;
