01-26;SAC-DEN;93-121;
25-39;24-32;20-30;24-20;
SAC
John Salmons;F;23:01;3;5;2;3;0;0;0;1;1;3;0;0;3;2;8;
Jason Thompson;F;20:17;3;6;0;0;1;2;2;3;5;0;1;0;2;4;7;
DeMarcus Cousins;C;21:53;1;6;0;0;1;2;0;2;2;4;4;1;2;1;3;
Tyreke Evans;G;21:42;5;8;2;2;3;6;1;2;3;1;0;0;1;0;15;
Isaiah Thomas;G;20:57;5;10;0;1;0;0;0;3;3;3;0;0;2;3;10;
Marcus Thornton;;10:20;3;5;2;4;0;0;1;0;1;1;0;0;2;0;8;
Thomas Robinson;;22:33;3;7;0;0;4;10;3;7;10;1;0;0;2;1;10;
Charles Hayes;;16:49;2;4;0;0;0;0;5;3;8;2;0;2;0;0;4;
Aaron Brooks;;27:03;7;13;1;3;1;1;0;2;2;2;1;0;2;1;16;
Francisco Garcia;;15:38;1;4;0;2;1;1;1;1;2;0;0;1;1;3;3;
James Johnson;;18:20;2;7;0;0;0;0;0;0;0;1;0;1;1;0;4;
Jimmer Fredette;;15:58;2;8;1;6;0;0;0;2;2;1;2;0;1;0;5;
Travis Outlaw;;5:29;0;5;0;1;0;0;0;1;1;1;0;0;0;1;0;
DEN
Danilo Gallinari;F;26:10;3;7;2;4;6;6;0;3;3;3;2;0;1;1;14;
Kenneth Faried;F;26:48;4;6;0;0;3;5;1;8;9;2;1;1;2;3;11;
Kosta Koufos;C;21:36;5;5;0;0;0;0;1;4;5;1;1;1;1;4;10;
Andre Iguodala;G;30:47;8;15;3;8;1;2;0;3;3;7;2;0;0;1;20;
Ty Lawson;G;25:31;11;15;4;5;0;0;0;3;3;6;4;1;4;3;26;
JaVale McGee;;15:31;5;6;0;0;2;2;0;3;3;0;0;2;1;3;12;
Corey Brewer;;16:38;2;7;0;1;0;0;2;0;2;3;0;0;1;0;4;
Wilson Chandler;;8:24;0;2;0;1;0;0;1;2;3;0;0;0;0;0;0;
Andre Miller;;23:32;1;1;0;0;2;2;0;4;4;9;2;0;2;0;4;
Jordan Hamilton;;12:48;3;10;2;7;0;0;2;3;5;2;0;1;0;1;8;
Evan Fournier;;12:00;3;7;2;4;0;0;0;1;1;1;0;0;2;3;8;
Anthony Randolph;;10:53;2;4;0;0;0;0;2;5;7;0;0;1;1;1;4;
Timofey Mozgov;;9:22;0;4;0;1;0;0;1;2;3;0;1;0;0;1;0;
