01-09;PHI-TOR;72-90;
21-24;19-18;21-29;11-19;
PHI
Dorell Wright;F;31:58;2;4;0;1;3;4;0;2;2;0;1;0;0;2;7;
Thaddeus Young;F;37:38;6;12;0;0;4;6;2;5;7;3;0;0;0;1;16;
Lavoy Allen;C;19:51;4;6;0;0;0;1;2;2;4;1;0;1;0;1;8;
Evan Turner;G;40:33;4;15;1;3;1;2;0;7;7;5;2;1;4;1;10;
Jrue Holiday;G;39:27;7;18;0;3;2;4;1;2;3;4;0;0;3;1;16;
Damien Wilkins;;17:57;2;6;0;0;0;0;2;0;2;0;0;0;1;1;4;
Spencer Hawes;;28:11;2;8;0;0;2;2;2;7;9;2;0;2;2;4;6;
Royal Ivey;;11:29;1;2;1;2;0;0;0;0;0;0;0;1;1;2;3;
Nick Young;;12:56;1;3;0;1;0;0;0;3;3;0;0;1;2;1;2;
TOR
Landry Fields;F;42:28;5;10;0;0;0;0;2;9;11;1;3;0;3;0;10;
Ed Davis;F;35:11;8;14;0;0;1;2;2;7;9;2;0;0;3;5;17;
Amir Johnson;C;40:02;6;11;0;0;7;8;4;8;12;5;1;1;1;3;19;
DeMar DeRozan;G;40:43;8;15;0;1;3;3;0;5;5;1;1;1;1;2;19;
Jose Calderon;G;31:11;7;12;0;3;0;0;1;1;2;11;1;0;0;1;14;
Alan Anderson;;25:21;4;13;1;4;0;0;0;1;1;2;1;1;3;3;9;
Kyle Lowry;;16:49;1;2;0;1;0;0;1;1;2;4;1;0;0;1;2;
Mickael Pietrus;;8:15;0;3;0;2;0;0;0;4;4;0;1;0;0;1;0;
