01-11;PHX-BKN;79-99;
25-21;28-25;13-28;13-25;
PHX
PJ Tucker;F;29:12;0;2;0;1;0;0;1;7;8;1;1;1;1;2;0;
Luis Scola;F;27:33;6;12;0;0;0;2;4;2;6;1;0;1;1;6;12;
Marcin Gortat;C;32:41;4;11;0;0;1;4;2;6;8;1;0;0;2;3;9;
Jared Dudley;G;40:01;6;9;4;4;2;2;0;5;5;4;0;1;3;2;18;
Goran Dragic;G;26:51;5;11;1;3;1;1;1;2;3;3;1;0;3;4;12;
Markieff Morris;;16:05;1;5;0;1;0;0;2;1;3;3;0;1;2;3;2;
Shannon Brown;;27:40;5;15;0;2;5;5;1;0;1;4;3;0;0;1;15;
Sebastian Telfair;;17:08;2;3;2;2;1;2;0;0;0;2;0;0;2;4;7;
Jermaine O'Neal;;13:46;1;5;0;0;0;0;0;1;1;0;0;1;3;4;2;
Michael Beasley;;4:22;0;4;0;1;0;0;1;1;2;0;0;0;0;0;0;
Kendall Marshall;;3:08;0;0;0;0;0;0;1;1;2;1;0;0;1;0;0;
Luke Zeller;;1:33;1;2;0;0;0;0;0;0;0;0;0;0;0;1;2;
BKN
Gerald Wallace;F;5:51;0;0;0;0;0;0;0;0;0;0;0;0;0;0;0;
Reggie Evans;F;35:04;3;4;0;0;1;6;5;10;15;0;1;0;2;2;7;
Brook Lopez;C;35:16;5;16;0;0;3;4;3;5;8;0;1;1;1;3;13;
Joe Johnson;G;34:55;8;19;3;4;0;0;0;4;4;3;1;0;0;1;19;
Deron Williams;G;34:52;3;5;2;4;7;7;0;3;3;6;2;0;3;2;15;
Tyshawn Taylor;;2:13;0;0;0;0;3;4;0;0;0;0;0;0;0;0;3;
Keith Bogans;;19:55;0;1;0;1;0;0;0;2;2;1;0;0;0;0;0;
Andray Blatche;;24:07;6;14;0;0;3;3;4;4;8;0;1;0;2;2;15;
MarShon Brooks;;22:17;5;9;1;2;6;6;0;2;2;1;1;0;1;4;17;
CJ Watson;;23:23;2;5;0;2;2;2;0;1;1;1;2;1;2;1;6;
Tornike Shengelia;;2:07;2;2;0;0;0;0;1;0;1;0;1;0;0;0;4;
