11-24;LAL-DAL;115-89;
36-23;29-15;24-27;26-24;
LAL
Metta World Peace;F;30:33;7;10;5;7;0;0;1;5;6;3;1;0;2;3;19;
Pau Gasol;F;28:27;4;7;0;0;5;8;1;8;9;3;0;1;2;3;13;
Dwight Howard;C;31:54;5;11;0;0;5;9;1;6;7;2;5;2;2;4;15;
Kobe Bryant;G;33:16;6;11;1;2;6;8;1;2;3;5;1;0;6;3;19;
Darius Morris;G;24:28;3;9;0;1;1;1;1;3;4;2;3;0;4;2;7;
Antawn Jamison;;29:45;7;11;1;2;4;4;3;12;15;0;1;0;0;0;19;
Chris Duhon;;16:40;1;3;1;3;1;2;0;2;2;3;0;0;0;1;4;
Jodie Meeks;;20:13;4;8;3;5;0;0;0;5;5;3;0;0;3;2;11;
Jordan Hill;;10:02;1;6;0;0;0;0;2;2;4;0;0;0;0;0;2;
Devin Ebanks;;5:17;2;3;1;1;0;0;1;0;1;0;0;0;0;0;5;
Earl Clark;;4:09;0;0;0;0;1;2;0;1;1;0;0;1;0;2;1;
Darius Johnson-Odom;;2:44;0;1;0;1;0;0;0;2;2;0;0;0;0;0;0;
Robert Sacre;;2:32;0;2;0;0;0;0;0;2;2;0;0;0;0;3;0;
DAL
Shawn Marion;F;27:42;4;8;1;2;1;1;1;7;8;2;2;0;3;1;10;
Elton Brand;F;17:15;0;3;0;0;0;0;1;3;4;1;0;1;1;5;0;
Brandan Wright;C;13:27;3;6;0;0;0;0;1;0;1;1;0;0;0;0;6;
O.J. Mayo;G;28:50;5;15;0;5;3;3;1;2;3;1;0;1;2;4;13;
Darren Collison;G;24:22;1;10;0;2;0;0;0;2;2;4;1;0;4;2;2;
Troy Murphy;;14:21;0;2;0;1;0;0;0;2;2;0;0;0;1;1;0;
Chris Kaman;;23:33;2;12;0;0;0;0;1;2;3;0;0;0;1;6;4;
Vince Carter;;16:30;5;10;4;7;2;2;0;1;1;1;0;0;1;3;16;
Dominique Jones;;11:07;1;1;0;0;0;4;1;0;1;3;0;0;0;0;2;
Dahntay Jones;;9:46;1;1;0;0;4;4;1;3;4;1;0;0;1;2;6;
Jae Crowder;;20:21;6;12;3;7;0;3;0;4;4;2;4;0;0;1;15;
Rodrigue Beaubois;;17:48;3;8;2;4;0;0;0;1;1;6;1;0;1;2;8;
Bernard James;;14:58;3;4;0;0;1;3;2;3;5;0;1;4;0;1;7;
