03-01;IND-TOR;93-81;
17-13;22-21;25-17;29-30;
IND
Paul George;F;41:57;8;16;4;7;2;2;1;9;10;3;1;0;4;4;22;
David West;F;29:34;6;11;0;0;3;4;2;9;11;4;1;1;3;1;15;
Roy Hibbert;C;23:57;7;10;0;0;4;4;2;1;3;0;0;2;4;4;18;
Lance Stephenson;G;23:44;1;2;1;1;0;0;0;1;1;1;0;0;0;4;3;
George Hill;G;29:06;2;8;1;6;0;0;0;1;1;4;2;0;0;2;5;
Ian Mahinmi;;22:32;3;10;0;0;1;2;2;4;6;0;1;0;3;3;7;
Danny Granger;;9:34;3;5;1;3;1;2;2;1;3;0;1;0;1;2;8;
D.J. Augustin;;18:54;0;1;0;1;2;2;0;2;2;7;0;0;2;1;2;
Tyler Hansbrough;;18:26;2;3;0;0;1;2;1;1;2;1;1;0;1;1;5;
Orlando Johnson;;17:43;1;3;0;2;2;2;0;3;3;0;0;1;1;2;4;
Jeff Ayres;;1:31;1;1;0;0;0;0;0;0;0;0;0;0;0;0;2;
Gerald Green;;1:31;0;0;0;0;2;2;0;0;0;0;0;0;0;0;2;
Sam Young;;1:31;0;0;0;0;0;0;0;1;1;0;0;0;0;0;0;
TOR
Rudy Gay;F;32:01;7;16;0;1;7;7;1;4;5;2;1;0;4;2;21;
Amir Johnson;F;18:18;1;3;0;0;0;0;1;2;3;1;0;1;1;5;2;
Jonas Valanciunas;C;25:46;1;3;0;0;2;2;3;6;9;0;0;1;1;3;4;
DeMar DeRozan;G;33:45;2;10;0;0;5;10;1;2;3;3;1;0;0;1;9;
Kyle Lowry;G;24:40;2;5;1;1;0;0;1;3;4;2;1;1;2;2;5;
Andrea Bargnani;;32:46;3;7;0;1;2;2;0;0;0;0;1;1;2;2;8;
Terrence Ross;;12:37;0;4;0;1;0;0;0;1;1;1;1;0;0;0;0;
John Lucas III;;23:40;4;9;2;3;0;0;0;2;2;2;1;0;0;0;10;
Alan Anderson;;21:45;6;12;0;4;2;2;0;2;2;1;2;1;2;3;14;
Landry Fields;;1:59;0;0;0;0;0;0;0;0;0;0;0;0;0;0;0;
Aaron Gray;;7:22;1;1;0;0;0;0;0;0;0;0;0;0;1;3;2;
Quincy Acy;;5:21;2;2;0;0;2;2;1;0;1;0;1;1;0;4;6;
