02-25;BOS-UTA;110-107;
28-26;20-27;32-19;17-25;13-10;
BOS
Paul Pierce;F;39:16;10;20;3;10;3;4;0;7;7;8;0;0;4;5;26;
Brandon Bass;F;41:44;4;10;0;0;7;7;1;2;3;0;0;2;1;1;15;
Kevin Garnett;C;35:55;5;9;0;0;3;3;1;9;10;1;1;1;2;5;13;
Courtney Lee;G;32:32;4;8;1;2;5;6;2;3;5;3;1;0;2;4;14;
Avery Bradley;G;39:10;8;12;2;3;0;0;2;3;5;4;2;0;1;3;18;
Chris Wilcox;;21:10;1;2;0;0;0;0;0;2;2;0;3;2;0;3;2;
Jason Terry;;22:39;5;13;4;9;0;0;1;1;2;2;0;0;1;2;14;
Jeff Green;;27:53;3;10;0;3;0;0;0;1;1;1;1;0;1;1;6;
Jordan Crawford;;4:41;1;2;0;0;0;0;1;1;2;0;0;0;0;0;2;
UTA
Marvin Williams;F;26:09;5;10;2;2;3;4;1;1;2;3;0;1;0;2;15;
Paul Millsap;F;36:19;7;12;0;0;2;2;2;4;6;5;1;2;1;2;16;
Al Jefferson;C;38:38;6;11;0;0;3;4;2;9;11;3;1;1;1;0;15;
Randy Foye;G;16:47;2;8;2;6;0;0;0;3;3;0;0;0;0;1;6;
Earl Watson;G;20:16;1;3;0;0;0;0;2;0;2;2;0;1;4;1;2;
Gordon Hayward;;36:26;7;16;4;7;8;9;0;2;2;3;1;1;0;1;26;
Derrick Favors;;18:48;2;4;0;0;3;3;3;3;6;1;2;0;4;5;7;
Alec Burks;;32:44;4;10;0;1;0;0;1;4;5;3;1;0;3;1;8;
DeMarre Carroll;;26:41;3;7;0;1;2;2;2;2;4;3;0;0;0;4;8;
Enes Kanter;;12:12;2;7;0;0;0;0;2;1;3;0;0;0;0;2;4;
