02-08;GSW-MEM;93-99;
24-32;32-31;20-14;17-22;
GSW
Harrison Barnes;F;34:51;2;8;0;2;2;4;0;7;7;4;0;0;2;3;6;
David Lee;F;40:56;10;16;0;0;6;6;2;4;6;0;1;0;2;4;26;
Andrew Bogut;C;27:41;3;3;0;0;1;2;1;5;6;2;0;0;1;2;7;
Klay Thompson;G;35:48;4;13;1;4;0;0;0;2;2;1;2;2;6;1;9;
Stephen Curry;G;39:54;11;22;4;9;6;6;3;2;5;8;2;0;2;4;32;
Richard Jefferson;;6:50;0;0;0;0;0;0;0;1;1;0;0;0;0;2;0;
Charles Jenkins;;7:09;0;0;0;0;0;2;0;0;0;1;0;0;0;0;0;
Andris Biedrins;;10:33;0;1;0;0;0;0;0;0;0;0;0;1;0;2;0;
Draymond Green;;15:47;2;4;0;0;0;0;1;5;6;1;0;1;2;3;4;
Carl Landry;;12:51;2;3;0;0;0;0;0;1;1;1;0;0;1;4;4;
Kent Bazemore;;6:52;2;4;1;2;0;0;0;0;0;0;0;0;0;0;5;
Festus Ezeli;;0:48;0;0;0;0;0;0;0;0;0;0;0;0;0;0;0;
MEM
Tayshaun Prince;F;34:40;3;12;0;3;0;0;0;4;4;5;0;1;0;0;6;
Zach Randolph;F;36:29;4;13;0;0;8;8;2;10;12;1;1;1;2;3;16;
Marc Gasol;C;36:02;9;14;0;0;2;2;4;7;11;5;1;0;3;3;20;
Tony Allen;G;28:13;7;8;1;1;2;4;2;2;4;0;2;0;2;6;17;
Mike Conley;G;37:57;2;7;1;3;2;2;1;3;4;10;2;1;4;2;7;
Jerryd Bayless;;27:02;4;13;3;9;3;4;0;2;2;3;0;0;1;3;14;
Darrell Arthur;;16:24;2;4;0;0;0;0;0;2;2;0;0;1;0;1;4;
Ed Davis;;6:24;1;2;0;0;1;2;0;0;0;0;0;0;0;0;3;
Austin Daye;;16:49;4;6;3;4;1;1;0;4;4;2;0;0;0;4;12;
