11-24;UTA-SAC;97-108;
29-23;27-28;19-32;22-25;
UTA
Marvin Williams;F;30:28;2;6;2;5;2;4;1;1;2;1;0;0;1;1;8;
Paul Millsap;F;35:29;4;11;0;1;5;6;3;5;8;3;1;0;5;5;13;
Al Jefferson;C;30:49;7;15;0;1;0;0;0;6;6;2;1;2;0;1;14;
Randy Foye;G;30:51;5;10;4;6;3;6;0;1;1;2;0;0;0;4;17;
Jamaal Tinsley;G;30:47;5;8;4;6;0;0;1;1;2;7;1;0;3;3;14;
Earl Watson;;17:13;3;4;0;1;0;0;2;1;3;5;4;0;1;3;6;
Derrick Favors;;15:41;0;6;0;1;2;2;3;1;4;1;0;0;2;5;2;
Enes Kanter;;14:01;3;7;0;0;3;4;4;3;7;1;0;0;0;1;9;
DeMarre Carroll;;15:38;2;4;0;0;2;2;3;1;4;0;3;2;2;2;6;
Gordon Hayward;;19:04;1;8;1;4;5;6;0;1;1;1;1;0;3;1;8;
SAC
John Salmons;F;28:27;3;8;2;4;0;0;2;3;5;1;0;0;1;2;8;
Jason Thompson;F;33:28;6;12;0;0;4;6;4;5;9;2;0;1;1;1;16;
DeMarcus Cousins;C;29:32;6;11;0;1;2;4;4;5;9;3;0;0;2;3;14;
Tyreke Evans;G;36:35;9;17;0;1;9;9;1;4;5;5;2;0;2;2;27;
Aaron Brooks;G;31:44;5;6;3;4;0;0;0;0;0;2;4;0;1;1;13;
Marcus Thornton;;19:09;3;9;1;6;2;5;2;0;2;0;0;0;0;3;9;
Thomas Robinson;;15:23;4;4;0;0;1;2;0;4;4;1;0;0;3;2;9;
Jimmer Fredette;;5:35;1;1;0;0;2;2;0;0;0;1;0;0;1;0;4;
Charles Hayes;;16:55;2;2;0;0;1;2;0;1;1;2;1;1;1;2;5;
James Johnson;;16:05;1;3;0;0;1;2;1;1;2;1;1;0;0;4;3;
Isaiah Thomas;;7:07;0;1;0;0;0;0;0;0;0;1;0;0;2;0;0;
