01-07;ORL-POR;119-125;
24-25;33-23;28-37;23-23;11-17;
ORL
DeQuan Jones;F;18:59;3;6;0;1;0;0;0;1;1;0;0;1;1;0;6;
Andrew Nicholson;F;16:44;3;5;0;0;2;2;2;4;6;0;1;0;1;4;8;
Nikola Vucevic;C;47:17;8;16;0;0;1;1;2;11;13;5;0;1;2;6;17;
Arron Afflalo;G;46:38;9;18;1;4;5;6;1;4;5;3;0;0;2;1;24;
Jameer Nelson;G;47:37;7;21;2;11;5;6;1;2;3;12;1;0;1;5;21;
JJ Redick;;32:51;11;17;6;10;1;1;0;1;1;5;0;1;1;2;29;
Josh McRoberts;;39:08;4;6;2;3;2;2;0;6;6;8;0;1;2;5;12;
Ish Smith;;5:23;0;1;0;0;0;0;0;0;0;1;2;0;0;1;0;
Hedo Turkoglu;;5:18;0;1;0;1;0;0;0;0;0;1;0;0;0;0;0;
Maurice Harkless;;5:05;1;2;0;0;0;0;0;1;1;0;0;0;0;0;2;
POR
Nicolas Batum;F;45:00;5;14;2;5;4;4;0;4;4;10;1;1;2;1;16;
LaMarcus Aldridge;F;42:22;12;22;0;0;3;3;2;8;10;5;0;0;2;1;27;
JJ Hickson;C;43:43;9;14;0;0;2;3;5;10;15;2;0;1;1;2;20;
Wesley Matthews;G;42:15;7;11;4;7;6;8;0;3;3;4;1;2;0;5;24;
Damian Lillard;G;42:57;7;17;0;6;4;4;0;3;3;10;2;0;3;2;18;
Joel Freeland;;6:46;1;1;0;0;0;0;3;2;5;0;0;0;0;2;2;
Victor Claver;;13:31;2;3;0;1;0;0;1;0;1;0;0;0;0;1;4;
Luke Babbitt;;14:34;2;5;2;4;0;0;0;1;1;0;1;0;1;0;6;
Ronnie Price;;13:52;3;7;0;1;2;2;0;2;2;3;1;0;0;0;8;
