12-31;BKN-SAS;73-104;
22-31;25-24;5-30;21-19;
BKN
Keith Bogans;F;19:57;0;2;0;2;0;0;0;1;1;2;0;0;0;2;0;
Reggie Evans;F;21:16;2;4;0;0;0;0;3;6;9;0;0;0;0;2;4;
Brook Lopez;C;21:55;4;11;0;0;3;4;4;1;5;2;1;1;3;2;11;
Joe Johnson;G;28:03;5;12;1;4;1;1;0;0;0;2;1;0;2;1;12;
Deron Williams;G;28:20;3;11;1;3;1;1;1;1;2;1;4;0;2;1;8;
Kris Humphries;;22:24;2;2;0;0;3;4;0;3;3;0;0;1;1;0;7;
MarShon Brooks;;19:21;7;12;1;2;1;1;1;1;2;0;0;1;3;5;16;
Jerry Stackhouse;;19:14;1;5;1;3;0;0;0;0;0;0;0;0;1;0;3;
CJ Watson;;11:59;1;2;0;1;1;2;0;0;0;2;1;0;0;0;3;
Andray Blatche;;20:35;1;6;0;1;3;4;1;7;8;2;1;1;2;1;5;
Mirza Teletovic;;9:50;0;1;0;1;0;0;0;1;1;1;0;0;0;0;0;
Tornike Shengelia;;8:49;0;1;0;0;0;0;0;3;3;1;0;0;2;2;0;
Tyshawn Taylor;;8:17;2;5;0;0;0;0;0;1;1;1;1;0;0;2;4;
SAS
Kawhi Leonard;F;22:53;4;5;2;3;0;0;0;3;3;2;1;0;0;0;10;
Tim Duncan;F;24:30;7;12;0;0;1;1;0;4;4;3;0;2;2;2;15;
Tiago Splitter;C;22:13;5;7;0;0;0;0;1;2;3;1;0;2;0;2;10;
Danny Green;G;15:56;1;1;0;0;1;2;0;2;2;0;1;1;2;1;3;
Tony Parker;G;25:49;9;13;1;1;1;2;0;1;1;6;1;0;1;2;20;
Boris Diaw;;16:06;3;5;0;0;0;0;1;5;6;2;1;1;2;2;6;
Manu Ginobili;;20:04;3;4;0;1;2;3;0;3;3;5;3;0;1;1;8;
Stephen Jackson;;25:07;1;6;0;3;4;4;1;3;4;2;1;0;2;0;6;
Nando De Colo;;22:11;4;7;1;1;2;2;0;2;2;1;0;0;3;2;11;
Matt Bonner;;21:11;4;6;2;3;0;0;1;4;5;1;1;0;0;2;10;
Patty Mills;;12:00;2;5;0;2;0;0;0;2;2;2;0;0;0;1;4;
DeJuan Blair;;12:00;0;2;0;0;1;2;0;1;1;0;0;0;0;1;1;
