03-09;BKN-ATL;93-80;
23-23;28-14;25-20;17-23;
BKN
Gerald Wallace;F;28:03;4;11;0;3;1;2;1;3;4;1;2;1;2;0;9;
Reggie Evans;F;23:08;1;2;0;0;4;6;2;7;9;0;0;1;2;1;6;
Brook Lopez;C;27:51;8;16;0;0;2;3;2;7;9;2;0;2;0;1;18;
Joe Johnson;G;34:40;4;13;0;5;0;0;0;4;4;5;4;0;0;1;8;
Deron Williams;G;33:48;5;13;2;7;5;6;0;3;3;6;0;1;1;3;17;
Andray Blatche;;20:09;9;11;0;1;0;1;1;3;4;2;4;1;4;2;18;
Keith Bogans;;21:44;2;5;2;4;0;0;0;2;2;0;1;0;0;1;6;
Mirza Teletovic;;24:52;1;2;1;2;0;0;0;3;3;1;0;0;0;2;3;
CJ Watson;;16:52;2;4;1;1;2;2;2;2;4;3;0;0;0;2;7;
MarShon Brooks;;3:37;0;0;0;0;0;0;0;0;0;0;0;0;0;1;0;
Tornike Shengelia;;2:38;0;3;0;0;0;0;0;0;0;0;1;0;0;1;0;
Tyshawn Taylor;;2:38;0;3;0;0;1;2;1;0;1;0;0;0;0;0;1;
ATL
Josh Smith;F;31:00;5;12;1;3;1;2;1;5;6;2;1;0;4;2;12;
Al Horford;F;31:35;7;14;0;0;1;2;7;5;12;1;1;0;3;2;15;
Johan Petro;C;14:12;5;6;0;0;0;0;2;4;6;0;0;0;1;1;10;
Kyle Korver;G;26:22;3;7;1;4;0;0;0;0;0;4;0;0;2;2;7;
Jeff Teague;G;22:41;2;9;1;2;2;2;0;3;3;0;0;0;2;1;7;
Ivan Johnson;;19:28;4;9;0;0;1;2;2;5;7;1;1;1;1;3;9;
Devin Harris;;26:19;2;5;0;2;2;4;0;2;2;9;0;0;0;4;6;
DeShawn Stevenson;;13:13;0;0;0;0;0;0;1;0;1;0;0;0;0;1;0;
Anthony Tolliver;;13:57;0;3;0;2;0;0;0;0;0;0;0;0;1;2;0;
John Jenkins;;18:53;3;7;2;4;2;2;0;3;3;2;0;1;0;0;10;
Dahntay Jones;;9:50;0;1;0;0;2;2;0;2;2;1;0;0;1;1;2;
Mike Scott;;7:56;1;3;0;0;0;0;0;2;2;0;0;0;0;0;2;
Shelvin Mack;;4:34;0;1;0;1;0;0;0;0;0;0;0;0;2;1;0;
