12-31;PHX-OKC;96-114;
28-32;25-22;25-30;18-30;
PHX
Jared Dudley;F;41:02;2;7;1;4;2;2;3;5;8;2;1;0;3;1;7;
Luis Scola;F;30:13;10;17;0;1;4;5;2;4;6;1;0;0;1;4;24;
Marcin Gortat;C;30:04;5;11;0;0;2;2;3;7;10;0;0;1;1;2;12;
PJ Tucker;G;40:07;3;8;1;5;0;0;1;5;6;0;0;0;0;4;7;
Goran Dragic;G;31:57;5;11;2;5;4;6;0;3;3;8;0;1;5;2;16;
Jermaine O'Neal;;20:11;6;11;0;0;0;0;0;5;5;1;1;1;1;3;12;
Markieff Morris;;13:03;3;6;1;3;2;2;0;1;1;0;0;0;1;2;9;
Shannon Brown;;17:21;0;3;0;2;0;0;0;0;0;4;1;0;1;1;0;
Sebastian Telfair;;16:04;3;4;3;4;0;0;1;1;2;3;0;0;0;1;9;
OKC
Kevin Durant;F;39:05;11;24;0;3;8;8;0;3;3;2;2;1;0;2;30;
Serge Ibaka;F;29:18;6;11;1;1;3;3;0;7;7;1;0;2;0;2;16;
Kendrick Perkins;C;28:21;2;4;0;0;0;0;5;1;6;1;0;1;0;2;4;
Thabo Sefolosha;G;31:33;6;9;2;3;0;0;0;2;2;0;0;1;1;1;14;
Russell Westbrook;G;32:57;7;16;1;2;9;11;3;4;7;9;1;0;1;2;24;
Kevin Martin;;29:51;2;12;1;6;1;2;0;1;1;2;0;0;0;0;6;
Nick Collison;;19:48;5;6;0;0;0;0;4;5;9;2;1;0;1;2;10;
Reggie Jackson;;15:03;3;3;0;0;0;0;0;4;4;6;1;0;1;2;6;
Hasheem Thabeet;;8:56;0;0;0;0;0;0;2;2;4;0;1;2;1;2;0;
DeAndre Liggins;;1:43;0;0;0;0;0;0;0;0;0;0;0;0;0;0;0;
Jeremy Lamb;;1:43;0;0;0;0;0;0;0;0;0;0;0;0;0;0;0;
Perry Jones;;1:42;2;2;0;0;0;0;0;0;0;0;0;0;0;0;4;
