11-18;GSW-OKC;109-119;
25-26;21-33;27-35;36-25;
GSW
Harrison Barnes;F;29:35;5;11;0;2;2;2;0;1;1;3;2;0;2;0;12;
David Lee;F;34:50;8;16;0;0;3;3;2;8;10;5;2;0;2;4;19;
Festus Ezeli;C;16:04;1;2;0;0;3;6;3;2;5;0;0;1;0;1;5;
Klay Thompson;G;23:02;2;8;0;3;0;0;0;4;4;1;0;1;1;1;4;
Stephen Curry;G;33:21;9;17;4;8;0;0;1;1;2;6;0;0;3;2;22;
Andris Biedrins;;9:54;2;3;0;0;0;0;1;1;2;0;1;1;1;1;4;
Draymond Green;;25:00;4;6;1;2;0;0;0;5;5;0;1;0;2;5;9;
Richard Jefferson;;2:25;1;1;0;0;0;0;0;0;0;0;0;0;0;1;2;
Carl Landry;;28:53;3;4;0;0;8;8;1;2;3;1;0;1;1;2;14;
Jarrett Jack;;21:38;6;8;0;1;0;0;0;3;3;5;0;0;0;0;12;
Charles Jenkins;;9:22;2;4;0;0;0;1;0;0;0;2;0;0;1;1;4;
Kent Bazemore;;2:58;0;1;0;0;0;0;0;0;0;0;2;0;0;0;0;
Jeremy Tyler;;2:58;0;1;0;0;2;2;0;0;0;0;0;0;0;0;2;
OKC
Kevin Durant;F;38:49;8;16;3;5;6;7;0;13;13;10;2;0;2;0;25;
Serge Ibaka;F;32:16;7;14;0;0;2;2;3;5;8;0;0;2;2;3;16;
Kendrick Perkins;C;26:02;0;2;0;0;3;4;3;4;7;1;0;1;1;1;3;
Thabo Sefolosha;G;24:36;2;4;1;3;0;0;0;2;2;3;0;0;0;1;5;
Russell Westbrook;G;36:13;12;22;2;2;4;5;1;1;2;7;5;0;1;0;30;
Kevin Martin;;31:25;8;15;5;7;2;2;0;2;2;5;0;0;2;3;23;
Nick Collison;;20:11;0;1;0;0;1;2;1;1;2;3;0;0;0;2;1;
Hasheem Thabeet;;13:20;2;2;0;0;2;2;1;1;2;0;2;0;0;2;6;
Eric Maynor;;10:00;2;5;2;3;2;2;0;0;0;2;0;0;0;1;8;
Reggie Jackson;;1:47;1;1;0;0;0;0;0;0;0;0;0;0;0;2;2;
Jeremy Lamb;;1:47;0;0;0;0;0;0;0;0;0;0;0;0;2;0;0;
DeAndre Liggins;;1:47;0;0;0;0;0;0;1;0;1;0;0;0;0;0;0;
Perry Jones;;1:47;0;1;0;0;0;0;0;1;1;0;0;0;0;1;0;
