11-04;PHX-ORL;94-115;
33-26;23-20;20-40;18-29;
PHX
Michael Beasley;F;34:25;9;17;3;7;1;1;2;4;6;1;0;2;3;1;22;
Luis Scola;F;32:15;10;19;0;0;4;5;2;5;7;4;1;1;0;1;24;
Marcin Gortat;C;35:03;7;12;0;0;0;0;7;4;11;1;0;4;3;1;14;
Jared Dudley;G;24:59;1;4;1;2;0;2;2;2;4;1;0;0;1;1;3;
Goran Dragic;G;34:32;5;12;1;5;1;2;2;1;3;8;1;0;3;3;12;
Shannon Brown;;20:11;3;9;0;2;0;0;0;2;2;3;0;0;3;2;6;
Wesley Johnson;;8:43;1;5;0;2;0;0;0;3;3;0;0;0;0;0;2;
Markieff Morris;;15:45;2;6;0;1;0;2;2;1;3;1;0;1;2;4;4;
Sebastian Telfair;;12:05;1;5;0;0;0;0;0;1;1;0;0;0;1;2;2;
Jermaine O'Neal;;10:07;0;1;0;0;4;4;0;4;4;0;0;2;0;1;4;
PJ Tucker;;7:42;0;1;0;0;1;2;0;1;1;0;1;0;0;1;1;
Luke Zeller;;2:50;0;0;0;0;0;0;0;0;0;0;0;0;0;0;0;
Kendall Marshall;;1:23;0;0;0;0;0;0;0;0;0;0;0;0;0;0;0;
ORL
DeQuan Jones;F;16:04;1;3;0;0;0;0;0;0;0;0;0;1;0;0;2;
Glen Davis;F;32:07;9;22;0;0;4;4;1;7;8;5;2;0;0;3;22;
Nikola Vucevic;C;36:42;9;16;0;0;0;0;6;7;13;3;1;0;2;3;18;
Arron Afflalo;G;38:15;8;16;3;3;3;3;1;3;4;1;0;0;1;3;22;
E'Twaun Moore;G;38:00;6;11;3;3;0;0;2;1;3;6;3;0;3;2;15;
JJ Redick;;33:42;9;14;3;4;3;4;0;1;1;6;1;0;3;1;24;
Gustavo Ayon;;8:43;0;1;0;0;0;0;0;4;4;0;0;0;0;1;0;
Josh McRoberts;;18:25;1;4;0;0;3;4;3;4;7;3;0;0;0;3;5;
Ish Smith;;10:00;0;2;0;1;0;0;0;4;4;1;0;0;1;0;0;
Andrew Nicholson;;6:39;2;3;0;0;1;2;0;1;1;1;0;0;0;1;5;
Kyle O'Quinn;;1:23;0;0;0;0;2;2;0;1;1;0;0;0;0;0;2;
