01-16;WAS-SAC;94-95;
31-32;25-16;21-24;17-23;
WAS
Martell Webster;F;27:44;3;5;1;3;3;4;0;9;9;3;0;0;3;1;10;
Nene;F;29:19;7;12;0;0;1;1;4;5;9;6;2;1;3;4;15;
Emeka Okafor;C;27:21;3;7;0;0;0;0;1;7;8;0;0;1;2;3;6;
Bradley Beal;G;40:49;9;14;6;7;2;2;1;2;3;6;1;1;1;2;26;
A.J. Price;G;22:05;3;8;1;2;0;0;0;1;1;4;1;0;1;1;7;
Kevin Seraphin;;28:40;8;18;0;0;0;0;2;1;3;0;0;1;2;3;16;
John Wall;;25:55;6;15;0;2;2;4;1;2;3;10;3;1;1;1;14;
Jan Vesely;;10:21;0;1;0;0;0;0;1;1;2;0;0;0;0;1;0;
Trevor Ariza;;20:35;0;6;0;3;0;0;0;2;2;3;0;0;4;1;0;
Garrett Temple;;7:11;0;0;0;0;0;0;1;0;1;0;0;0;0;0;0;
SAC
John Salmons;F;43:02;9;15;2;3;1;1;2;2;4;2;1;0;2;1;21;
Jason Thompson;F;22:03;3;8;0;0;0;0;1;1;2;0;0;0;2;5;6;
DeMarcus Cousins;C;42:44;9;19;0;0;3;3;4;12;16;5;3;0;6;5;21;
Tyreke Evans;G;40:29;8;15;1;1;4;7;0;8;8;8;3;0;2;2;21;
Isaiah Thomas;G;19:32;1;4;0;2;0;2;0;0;0;4;1;0;1;0;2;
Aaron Brooks;;8:08;2;3;0;0;0;0;0;1;1;1;0;0;0;1;4;
Marcus Thornton;;7:31;2;5;0;1;0;0;2;1;3;0;0;0;1;1;4;
Thomas Robinson;;6:39;0;1;0;0;0;0;1;1;2;0;0;0;2;1;0;
Francisco Garcia;;5:09;1;2;0;1;0;0;0;1;1;0;0;1;0;2;2;
Charles Hayes;;21:29;1;1;0;0;0;0;0;4;4;1;1;0;2;1;2;
James Johnson;;2:24;0;1;0;0;0;0;1;1;2;0;0;0;0;0;0;
Jimmer Fredette;;20:50;5;11;2;3;0;0;0;0;0;2;1;0;0;3;12;
