11-04;ATL-OKC;104-95;
30-22;17-29;28-23;29-21;
ATL
Kyle Korver;F;19:49;1;5;1;5;1;3;0;4;4;1;1;0;0;3;4;
Anthony Tolliver;F;22:34;2;6;2;4;0;0;1;2;3;0;0;0;1;1;6;
Al Horford;C;33:14;11;19;0;0;1;2;6;6;12;3;1;1;0;4;23;
DeShawn Stevenson;G;34:10;3;9;2;7;0;0;1;4;5;0;0;0;0;1;8;
Jeff Teague;G;25:59;7;12;0;0;2;2;2;1;3;5;3;0;3;0;16;
Ivan Johnson;;12:15;5;6;0;1;0;2;0;4;4;0;1;0;2;2;10;
Devin Harris;;22:39;2;5;1;1;2;2;0;0;0;1;0;0;0;3;7;
Lou Williams;;27:33;5;14;1;6;8;9;0;0;0;4;2;0;2;0;19;
Zaza Pachulia;;27:57;3;5;0;0;0;0;2;4;6;6;1;0;2;5;6;
Anthony Morrow;;13:50;2;2;1;1;0;0;0;1;1;0;3;0;0;1;5;
OKC
Kevin Durant;F;42:05;7;17;1;4;7;8;1;11;12;8;3;2;6;3;22;
Serge Ibaka;F;36:39;6;9;0;1;2;2;2;3;5;0;0;3;1;3;14;
Kendrick Perkins;C;29:57;3;5;0;0;3;4;0;5;5;1;0;1;2;3;9;
Thabo Sefolosha;G;24:30;2;3;0;0;0;0;2;4;6;5;0;1;0;2;4;
Russell Westbrook;G;36:09;5;18;2;6;2;2;1;4;5;9;0;0;3;4;14;
Kevin Martin;;29:41;8;11;6;8;6;6;0;1;1;0;1;0;4;2;28;
Nick Collison;;18:03;2;3;0;0;0;0;0;2;2;1;0;1;3;2;4;
Eric Maynor;;11:51;0;4;0;2;0;0;0;0;0;3;0;0;1;0;0;
Hasheem Thabeet;;6:25;0;0;0;0;0;0;1;0;1;0;0;1;0;2;0;
Reggie Jackson;;4:40;0;1;0;1;0;0;0;0;0;0;0;0;0;0;0;
