12-22;CHA-DEN;88-110;
23-29;23-35;19-24;23-22;
CHA
Michael Kidd-Gilchrist;F;33:31;5;7;0;1;1;2;2;2;4;1;0;3;5;3;11;
Byron Mullens;F;32:04;6;14;2;6;2;4;4;10;14;4;1;2;2;1;16;
Bismack Biyombo;C;21:09;0;3;0;0;3;4;0;2;2;1;1;2;0;2;3;
Jeff Taylor;G;24:06;2;10;0;2;0;0;3;5;8;2;3;0;0;1;4;
Kemba Walker;G;36:13;4;15;0;4;0;0;0;3;3;4;0;0;1;1;8;
Brendan Haywood;;3:03;0;1;0;0;0;0;0;0;0;0;0;0;0;2;0;
Ramon Sessions;;29:01;8;13;0;1;7;9;0;1;1;1;2;0;1;4;23;
Reggie Williams;;21:09;4;12;1;5;1;3;0;2;2;3;0;0;0;0;10;
DeSagana Diop;;19:57;1;5;0;1;0;0;2;5;7;3;0;5;2;0;2;
Hakim Warrick;;16:52;2;6;0;0;3;6;0;2;2;2;1;1;0;1;7;
Jeff Adrien;;2:55;1;1;0;0;2;2;1;0;1;0;0;1;0;1;4;
DEN
Danilo Gallinari;F;21:31;4;11;3;6;1;2;2;1;3;1;2;1;0;2;12;
Kenneth Faried;F;23:20;6;10;0;0;3;4;3;6;9;4;2;3;0;1;15;
Kosta Koufos;C;24:38;8;10;0;0;0;0;1;3;4;0;0;5;0;1;16;
Andre Iguodala;G;28:40;6;9;1;3;2;2;0;8;8;8;2;0;1;3;15;
Ty Lawson;G;16:38;0;4;0;2;0;0;0;1;1;5;0;0;0;1;0;
Corey Brewer;;19:50;5;11;0;3;0;0;1;3;4;6;0;0;0;3;10;
JaVale McGee;;17:38;7;8;0;0;0;0;1;2;3;0;0;1;1;1;14;
Andre Miller;;25:42;0;1;0;0;0;0;0;1;1;8;1;0;4;2;0;
Jordan Hamilton;;17:10;5;12;1;4;0;1;0;5;5;2;0;1;1;0;11;
Evan Fournier;;15:37;3;6;1;1;1;2;0;1;1;2;1;0;2;2;8;
Anthony Randolph;;14:33;2;5;0;0;2;2;1;2;3;0;0;1;3;3;6;
Timofey Mozgov;;8:27;1;2;0;0;1;2;3;1;4;0;0;0;0;1;3;
Quincy Miller;;6:16;0;3;0;1;0;0;0;0;0;0;0;0;0;1;0;
