02-06;MIL-UTA;86-100;
25-19;18-32;19-26;24-23;
MIL
Marquis Daniels;F;16:38;0;4;0;1;0;0;1;1;2;0;1;1;1;0;0;
Ersan Ilyasova;F;29:46;6;10;2;4;3;4;1;3;4;0;0;0;1;3;17;
Samuel Dalembert;C;26:24;4;8;0;0;2;2;3;8;11;0;4;4;3;3;10;
Monta Ellis;G;33:22;5;9;0;2;3;4;0;3;3;5;1;1;1;2;13;
Brandon Jennings;G;35:21;5;16;2;4;5;9;1;4;5;4;4;0;3;1;17;
Mike Dunleavy;;30:50;3;13;2;6;2;2;0;1;1;3;1;1;3;1;10;
Ekpe Udoh;;6:33;0;0;0;0;0;0;0;1;1;1;0;1;0;1;0;
Beno Udrih;;26:03;3;8;0;2;2;2;1;1;2;2;1;0;2;0;8;
John Henson;;18:14;2;7;0;0;3;4;1;5;6;0;0;0;0;4;7;
Joel Przybilla;;2:58;0;0;0;0;0;0;0;0;0;0;0;0;1;3;0;
Drew Gooden;;12:05;1;5;0;0;0;0;0;1;1;0;0;1;1;3;2;
Tobias Harris;;1:46;0;2;0;0;2;2;1;0;1;0;0;0;0;0;2;
UTA
Marvin Williams;F;21:24;1;3;1;2;0;0;0;1;1;0;0;0;4;2;3;
Paul Millsap;F;36:57;8;15;0;0;3;4;0;6;6;5;2;4;2;2;19;
Al Jefferson;C;30:45;8;12;0;0;3;4;6;5;11;3;1;0;0;2;19;
Randy Foye;G;28:22;4;12;2;5;2;2;0;1;1;1;0;0;3;5;12;
Jamaal Tinsley;G;18:40;1;3;0;0;0;0;1;3;4;5;2;0;1;2;2;
Derrick Favors;;21:46;3;8;0;0;3;7;3;8;11;2;3;3;4;3;9;
DeMarre Carroll;;33:03;4;12;0;1;3;6;2;2;4;2;0;1;0;2;11;
Alec Burks;;29:20;3;6;2;2;0;0;0;3;3;3;1;0;4;4;8;
Enes Kanter;;17:15;7;9;0;0;3;3;5;4;9;2;0;4;1;1;17;
Kevin Murphy;;1:14;0;1;0;0;0;0;0;0;0;0;0;0;0;0;0;
Jeremy Evans;;1:14;0;0;0;0;0;0;0;0;0;0;0;0;0;0;0;
