03-19;DEN-OKC;114-104;
26-34;39-32;24-16;25-22;
DEN
Danilo Gallinari;F;33:03;4;17;2;8;3;4;2;6;8;3;3;1;3;2;13;
Kenneth Faried;F;33:36;5;7;0;0;3;4;5;10;15;0;0;3;2;1;13;
Kosta Koufos;C;16:17;3;9;0;0;0;0;4;3;7;1;0;0;0;2;6;
Andre Iguodala;G;35:46;5;14;0;4;0;0;0;2;2;4;1;0;1;3;10;
Ty Lawson;G;36:23;8;13;2;5;7;7;0;4;4;4;0;0;0;5;25;
Wilson Chandler;;22:58;4;8;0;0;1;1;2;3;5;1;1;0;1;5;9;
JaVale McGee;;16:06;3;6;0;0;1;2;2;1;3;0;0;0;2;3;7;
Corey Brewer;;22:50;5;11;0;3;1;2;0;1;1;1;4;0;0;1;11;
Andre Miller;;23:02;6;11;0;1;8;9;2;5;7;9;1;0;3;1;20;
OKC
Kevin Durant;F;43:03;10;23;0;6;14;16;1;6;7;5;1;2;6;4;34;
Serge Ibaka;F;23:49;3;5;0;0;0;0;2;0;2;0;1;3;1;1;6;
Kendrick Perkins;C;22:47;2;4;0;0;0;0;2;9;11;1;0;1;1;1;4;
Thabo Sefolosha;G;27:55;3;8;2;4;0;0;2;4;6;2;2;0;0;3;8;
Russell Westbrook;G;36:37;10;21;0;4;5;7;0;4;4;6;1;0;1;5;25;
Nick Collison;;26:09;2;4;0;0;1;2;1;3;4;3;0;0;1;4;5;
Kevin Martin;;23:14;4;7;2;4;4;4;3;2;5;3;1;0;0;3;14;
Derek Fisher;;11:12;0;4;0;3;0;0;0;0;0;0;2;0;2;0;0;
Ronnie Brewer;;4:57;0;0;0;0;0;0;0;0;0;0;0;0;0;1;0;
Reggie Jackson;;18:32;3;9;0;4;2;2;1;5;6;1;0;2;2;1;8;
DeAndre Liggins;;0:36;0;0;0;0;0;0;0;0;0;0;0;0;0;0;0;
Perry Jones;;0:36;0;0;0;0;0;0;0;0;0;0;0;0;0;1;0;
Jeremy Lamb;;0:36;0;0;0;0;0;0;0;0;0;0;0;0;0;0;0;
