01-09;MIN-OKC;84-106;
16-16;26-31;22-29;20-30;
MIN
Andrei Kirilenko;F;29:40;3;9;1;4;3;4;2;3;5;4;0;2;3;2;10;
Dante Cunningham;F;32:35;2;6;0;0;0;1;2;3;5;1;1;1;2;1;4;
Nikola Pekovic;C;27:07;6;10;0;0;5;6;5;5;10;0;0;0;0;1;17;
Alexey Shved;G;38:37;6;13;2;5;4;5;0;1;1;3;2;0;7;1;18;
Luke Ridnour;G;31:08;4;9;0;1;3;4;0;2;2;6;4;0;3;3;11;
Derrick Williams;;27:43;7;15;0;1;0;0;2;9;11;0;1;0;1;1;14;
Ricky Rubio;;21:57;0;3;0;0;0;0;0;2;2;7;0;0;2;1;0;
Greg Stiemsma;;12:54;1;2;0;0;0;0;0;2;2;0;0;1;1;6;2;
Lazar Hayward;;10:20;2;4;0;1;4;4;0;0;0;0;0;0;0;2;8;
Lou Amundson;;7:59;0;1;0;0;0;0;0;0;0;0;0;0;0;0;0;
OKC
Kevin Durant;F;34:05;10;17;2;4;4;4;0;8;8;3;3;4;3;2;26;
Serge Ibaka;F;32:08;3;6;0;0;0;2;1;2;3;1;0;2;0;2;6;
Kendrick Perkins;C;12:58;1;2;0;0;0;0;0;1;1;0;1;1;3;4;2;
Thabo Sefolosha;G;33:24;4;6;2;2;0;0;0;3;3;3;3;0;2;4;10;
Russell Westbrook;G;30:08;7;14;3;4;6;7;1;7;8;7;1;0;1;1;23;
Nick Collison;;17:17;1;2;0;0;4;4;3;1;4;1;1;0;0;4;6;
Kevin Martin;;30:31;4;12;4;7;7;8;2;2;4;0;1;0;1;1;19;
Hasheem Thabeet;;13:49;2;4;0;0;0;0;1;3;4;1;2;0;1;1;4;
Reggie Jackson;;17:52;3;7;0;1;0;0;1;2;3;0;0;0;1;3;6;
DeAndre Liggins;;12:04;1;3;0;1;2;2;1;0;1;1;1;0;0;3;4;
Eric Maynor;;5:44;0;3;0;1;0;0;0;0;0;2;0;0;0;0;0;
