11-05;NYK-PHI;110-88;
25-21;31-27;33-20;21-20;
NYK
Ronnie Brewer;F;32:41;5;8;3;4;0;0;0;10;10;0;1;0;0;0;13;
Carmelo Anthony;F;30:26;7;16;1;6;6;6;2;5;7;2;0;1;2;2;21;
Tyson Chandler;C;28:18;5;9;0;0;4;4;4;2;6;0;0;1;0;3;14;
Raymond Felton;G;23:14;6;13;2;5;2;2;2;1;3;8;1;0;2;1;16;
Jason Kidd;G;17:59;1;1;1;1;0;0;0;4;4;2;1;0;0;0;3;
J.R. Smith;;33:53;7;15;2;4;1;1;0;7;7;5;2;1;0;2;17;
Kurt Thomas;;6:03;0;2;0;0;0;0;0;2;2;0;0;0;0;0;0;
Pablo Prigioni;;24:46;3;5;1;3;4;4;1;0;1;6;2;0;2;4;11;
Steve Novak;;22:17;0;3;0;2;0;0;0;1;1;1;0;0;0;1;0;
Rasheed Wallace;;13:33;4;9;2;6;0;0;0;3;3;0;0;2;1;3;10;
James White;;3:25;0;1;0;0;0;0;0;0;0;0;0;0;0;1;0;
Chris Copeland;;3:25;1;2;1;1;2;2;0;0;0;0;0;0;0;0;5;
PHI
Dorell Wright;F;34:08;4;14;2;7;4;5;1;8;9;1;0;1;0;1;14;
Thaddeus Young;F;29:22;7;12;0;0;0;0;4;6;10;1;1;0;3;1;14;
Kwame Brown;C;10:50;2;3;0;0;0;0;1;2;3;0;0;0;0;1;4;
Evan Turner;G;27:07;3;9;0;0;5;5;3;6;9;6;0;0;1;4;11;
Jrue Holiday;G;35:24;4;12;3;6;6;6;1;2;3;8;2;0;4;3;17;
Spencer Hawes;;21:27;1;4;0;0;0;2;3;4;7;2;0;0;1;2;2;
Nick Young;;28:46;4;15;2;7;2;2;0;1;1;1;0;0;2;0;12;
Royal Ivey;;18:37;1;4;1;2;2;2;3;3;6;0;0;0;0;1;5;
Damien Wilkins;;11:52;1;4;0;0;1;2;0;2;2;0;0;0;0;3;3;
Lavoy Allen;;15:37;1;7;0;0;2;2;2;1;3;0;0;1;1;2;4;
Arnett Moultrie;;3:25;1;1;0;0;0;0;1;0;1;0;0;0;0;0;2;
Maalik Wayns;;3:25;0;1;0;0;0;0;0;0;0;0;0;0;1;1;0;
