03-09;MIN-DEN;88-111;
24-27;25-23;21-33;18-28;
MIN
Mickael Gelabale;F;31:24;8;10;2;2;1;1;1;3;4;3;0;1;0;4;19;
Derrick Williams;F;28:44;4;14;0;1;5;9;1;5;6;1;0;0;1;2;13;
Greg Stiemsma;C;29:14;4;7;0;0;0;0;2;2;4;2;1;2;3;2;8;
Luke Ridnour;G;29:49;2;7;0;4;3;3;0;3;3;3;1;2;2;0;7;
Ricky Rubio;G;29:00;4;9;0;1;3;4;0;4;4;6;0;0;3;3;11;
Alexey Shved;;22:48;2;11;0;4;1;2;2;3;5;3;0;0;3;2;5;
Jose Juan Barea;;27:06;6;14;3;6;0;0;0;2;2;4;3;0;3;5;15;
Dante Cunningham;;23:51;4;8;0;0;0;0;3;1;4;0;0;0;3;2;8;
Chris Johnson;;18:04;1;4;0;0;0;0;1;7;8;1;0;2;4;1;2;
DEN
Danilo Gallinari;F;28:12;2;7;2;5;5;5;0;5;5;6;1;0;1;0;11;
Kenneth Faried;F;25:07;2;5;0;0;0;0;3;8;11;1;0;0;1;2;4;
Kosta Koufos;C;22:05;4;5;0;0;0;0;1;7;8;0;1;1;1;1;8;
Andre Iguodala;G;32:08;4;10;1;1;2;3;2;3;5;3;4;3;1;2;11;
Ty Lawson;G;33:39;12;17;4;4;4;4;0;1;1;3;1;0;4;3;32;
Corey Brewer;;24:47;7;13;0;2;1;2;0;1;1;2;2;0;2;1;15;
Wilson Chandler;;20:35;2;5;1;2;2;4;0;5;5;2;1;0;3;5;7;
JaVale McGee;;12:22;4;4;0;0;0;0;0;3;3;0;1;2;3;4;8;
Timofey Mozgov;;5:57;0;0;0;0;0;0;0;0;0;0;0;1;1;1;0;
Andre Miller;;22:27;3;6;0;1;2;2;0;2;2;6;2;0;2;1;8;
Evan Fournier;;4:24;0;1;0;1;2;2;0;2;2;0;0;0;0;1;2;
Anthony Randolph;;4:24;0;1;0;0;0;0;0;0;0;0;0;1;0;0;0;
Jordan Hamilton;;3:53;2;4;1;1;0;0;0;0;0;0;0;0;0;0;5;
