11-09;IND-MIN;94-96;
19-21;24-21;21-27;30-27;
IND
David West;F;37:18;8;16;0;0;3;4;6;7;13;1;2;2;2;3;19;
Sam Young;F;10:59;0;0;0;0;0;0;0;2;2;0;1;0;1;2;0;
Roy Hibbert;C;27:47;5;11;0;0;0;0;2;2;4;0;0;1;2;4;10;
Paul George;G;34:57;4;12;2;6;1;2;0;3;3;4;0;0;2;1;11;
George Hill;G;34:56;11;17;2;4;5;5;2;3;5;7;1;1;2;0;29;
Gerald Green;;29:37;2;9;0;0;4;4;1;5;6;1;0;0;0;3;8;
Tyler Hansbrough;;20:41;2;5;0;0;0;0;0;3;3;0;2;0;0;2;4;
D.J. Augustin;;13:09;0;6;0;5;0;0;0;0;0;2;1;0;1;0;0;
Ian Mahinmi;;10:09;1;3;0;1;2;2;0;1;1;0;0;0;2;4;4;
Lance Stephenson;;20:27;4;5;1;2;0;0;0;0;0;3;0;0;1;2;9;
MIN
Andrei Kirilenko;F;33:14;2;5;0;0;2;3;1;5;6;4;3;1;2;0;6;
Derrick Williams;F;26:29;6;9;1;2;2;2;0;1;1;1;0;0;3;1;15;
Nikola Pekovic;C;36:28;4;10;0;0;5;6;1;7;8;2;2;1;2;3;13;
Brandon Roy;G;14:48;3;5;0;0;0;0;0;1;1;1;1;0;0;0;6;
Luke Ridnour;G;34:39;4;12;0;1;0;0;0;3;3;4;0;1;1;2;8;
Chase Budinger;;27:20;4;6;1;3;9;10;2;2;4;2;1;1;1;1;18;
Alexey Shved;;21:11;4;8;0;3;3;3;0;3;3;7;0;1;1;1;11;
Greg Stiemsma;;11:23;2;6;0;0;2;2;0;2;2;2;0;0;2;5;6;
Malcolm Lee;;13:21;1;3;0;0;0;0;0;2;2;0;0;0;0;2;2;
Dante Cunningham;;21:07;5;6;0;0;1;2;1;3;4;0;0;0;0;1;11;
