11-09;GSW-LAL;77-101;
22-23;16-24;17-25;22-29;
GSW
Harrison Barnes;F;29:03;3;8;1;3;0;0;0;4;4;0;1;0;3;4;7;
David Lee;F;30:52;3;10;0;0;4;6;1;11;12;1;0;0;4;2;10;
Festus Ezeli;C;20:42;2;3;0;0;0;0;2;1;3;0;0;0;0;3;4;
Klay Thompson;G;29:13;6;16;3;8;0;0;0;2;2;1;0;0;2;4;15;
Stephen Curry;G;30:16;6;16;2;6;4;4;0;3;3;5;1;0;0;0;18;
Andris Biedrins;;9:21;0;0;0;0;0;2;1;3;4;0;1;0;3;3;0;
Carl Landry;;25:58;3;12;0;1;0;2;6;5;11;2;0;0;1;3;6;
Richard Jefferson;;17:54;1;6;0;3;1;2;0;1;1;0;0;1;0;2;3;
Jarrett Jack;;15:10;1;4;1;3;0;0;0;1;1;2;0;0;0;1;3;
Draymond Green;;13:05;0;2;0;1;1;2;1;1;2;0;1;0;1;3;1;
Charles Jenkins;;7:11;1;1;0;0;2;2;0;1;1;0;0;0;3;0;4;
Jeremy Tyler;;5:38;3;4;0;0;0;0;1;0;1;0;1;0;1;0;6;
Kent Bazemore;;5:38;0;4;0;0;0;0;1;1;2;1;0;2;0;0;0;
LAL
Metta World Peace;F;34:05;3;14;1;7;3;3;1;6;7;2;2;0;2;0;10;
Pau Gasol;F;40:04;6;18;0;1;2;2;4;12;16;2;1;2;3;0;14;
Dwight Howard;C;24:06;2;6;0;0;2;4;3;5;8;2;0;2;2;4;6;
Kobe Bryant;G;32:43;10;18;2;4;5;6;1;8;9;7;2;0;4;2;27;
Steve Blake;G;22:07;2;6;1;3;2;2;0;2;2;2;0;0;1;4;7;
Darius Morris;;25:53;3;7;2;3;2;3;3;2;5;5;1;0;1;1;10;
Jordan Hill;;19:28;5;5;0;0;4;6;2;2;4;0;1;1;2;0;14;
Jodie Meeks;;15:17;3;8;1;5;0;0;0;0;0;1;2;0;1;1;7;
Antawn Jamison;;21:14;2;7;1;5;1;2;2;5;7;0;0;1;0;2;6;
Robert Sacre;;4:22;0;1;0;0;0;0;0;0;0;1;0;0;0;0;0;
Darius Johnson-Odom;;0:41;0;0;0;0;0;0;0;0;0;0;0;0;0;0;0;
