12-16;HOU-TOR;96-103;
28-26;21-23;22-28;25-26;
HOU
Chandler Parsons;F;40:13;4;11;1;4;3;5;0;6;6;4;0;0;1;2;12;
Marcus Morris;F;36:31;6;11;2;4;5;6;1;5;6;1;0;0;3;5;19;
Omer Asik;C;27:34;3;7;0;0;1;4;2;11;13;0;1;0;2;1;7;
James Harden;G;41:20;7;18;0;3;14;15;1;3;4;4;1;1;2;2;28;
Jeremy Lin;G;32:45;3;9;1;2;0;0;1;0;1;2;3;0;3;4;7;
Greg Smith;;20:09;4;7;0;0;0;0;1;6;7;0;0;0;0;1;8;
Toney Douglas;;15:32;1;3;1;2;2;2;0;2;2;2;0;0;0;3;5;
Carlos Delfino;;21:38;4;11;2;7;0;0;1;3;4;1;1;0;0;1;10;
Terrence Jones;;4:18;0;1;0;1;0;0;1;0;1;0;0;0;1;0;0;
TOR
Mickael Pietrus;F;21:03;1;3;0;2;0;0;0;2;2;1;0;0;0;1;2;
Ed Davis;F;25:39;6;9;0;0;1;1;2;4;6;2;0;3;2;3;13;
Jonas Valanciunas;C;13:54;1;2;0;0;0;0;0;2;2;1;0;2;1;0;2;
DeMar DeRozan;G;35:06;8;19;1;3;2;2;0;7;7;3;3;1;2;4;19;
Jose Calderon;G;36:33;6;12;1;5;5;6;0;10;10;14;1;1;0;1;18;
Amir Johnson;;28:34;4;6;0;0;0;0;2;6;8;1;0;5;0;5;8;
Linas Kleiza;;19:16;1;6;0;4;0;0;0;3;3;3;0;0;0;2;2;
Alan Anderson;;25:15;6;12;3;7;9;9;0;2;2;2;0;0;0;5;24;
Terrence Ross;;23:00;4;10;1;5;0;2;1;1;2;1;1;1;2;2;9;
John Lucas III;;11:40;2;6;2;4;0;0;0;1;1;1;1;0;0;1;6;
