01-14;CHA-BOS;89-100;
18-28;27-28;25-20;19-24;
CHA
Michael Kidd-Gilchrist;F;22:25;5;10;0;0;0;1;3;5;8;0;0;0;2;1;10;
Hakim Warrick;F;34:26;6;11;0;0;4;6;2;2;4;3;2;0;0;1;16;
Bismack Biyombo;C;28:14;1;3;0;0;2;2;1;4;5;0;0;2;1;2;4;
Gerald Henderson;G;27:14;4;8;0;0;2;2;1;1;2;2;2;0;1;4;10;
Kemba Walker;G;27:53;4;16;2;5;2;2;0;2;2;4;1;0;3;3;12;
Ben Gordon;;30:04;5;14;1;5;1;1;0;2;2;1;0;0;3;2;12;
Brendan Haywood;;19:46;0;2;0;1;0;0;0;1;1;1;0;1;1;1;0;
Ramon Sessions;;24:17;5;11;1;2;5;6;1;3;4;3;0;1;1;2;16;
Jeff Adrien;;10:41;0;0;0;0;1;4;2;4;6;0;1;0;0;1;1;
Jeff Taylor;;15:01;3;4;2;2;0;0;0;0;0;1;2;0;1;3;8;
BOS
Paul Pierce;F;31:58;6;16;2;8;5;8;2;2;4;6;1;1;2;2;19;
Brandon Bass;F;16:56;3;6;0;0;0;0;2;1;3;0;1;2;2;3;6;
Kevin Garnett;C;31:52;2;11;0;0;3;4;4;6;10;2;1;1;2;2;7;
Avery Bradley;G;27:35;6;10;4;7;0;0;0;1;1;1;0;2;2;0;16;
Rajon Rondo;G;37:21;8;11;0;0;1;1;1;9;10;12;0;0;2;1;17;
Jared Sullinger;;22:15;4;4;0;0;0;2;1;4;5;0;0;1;1;5;8;
Jason Terry;;15:02;0;3;0;1;0;0;0;0;0;2;1;0;1;1;0;
Jason Collins;;8:23;1;2;0;0;1;1;2;2;4;2;0;0;0;3;3;
Jeff Green;;26:55;4;8;1;1;2;2;1;3;4;2;1;0;1;3;11;
Courtney Lee;;17:02;4;7;1;4;0;0;0;0;0;0;1;1;1;1;9;
Leandro Barbosa;;4:42;1;2;0;0;2;2;1;0;1;0;0;0;0;0;4;
