11-19;ORL-ATL;72-81;
23-21;14-20;12-24;23-16;
ORL
Arron Afflalo;F;25:54;3;10;0;1;0;0;1;3;4;2;0;0;3;0;6;
Glen Davis;F;23:42;5;13;0;0;1;3;2;5;7;1;2;0;2;3;11;
Nikola Vucevic;C;25:41;2;4;0;0;1;2;3;10;13;2;1;1;1;1;5;
JJ Redick;G;17:37;1;7;0;1;0;0;0;1;1;1;0;0;3;3;2;
Jameer Nelson;G;28:01;3;8;2;6;0;0;0;3;3;1;1;0;1;2;8;
E'Twaun Moore;;29:00;4;12;0;2;0;0;1;2;3;4;0;2;7;3;8;
Gustavo Ayon;;12:18;1;3;0;0;2;2;0;2;2;0;0;0;1;3;4;
Josh McRoberts;;10:55;3;4;0;0;2;2;1;2;3;1;0;0;0;0;8;
Ish Smith;;15:39;1;2;0;0;0;0;0;1;1;0;2;0;0;1;2;
Maurice Harkless;;19:16;4;5;0;0;0;3;2;6;8;2;0;0;0;0;8;
Andrew Nicholson;;13:27;2;5;0;0;0;0;0;4;4;1;0;1;1;2;4;
DeQuan Jones;;12:16;2;8;0;0;0;0;0;2;2;0;0;0;0;0;4;
Kyle O'Quinn;;6:15;0;1;0;0;2;2;1;3;4;2;0;1;0;1;2;
ATL
Kyle Korver;F;25:28;2;11;1;6;0;0;2;1;3;1;0;1;0;0;5;
Josh Smith;F;22:20;3;10;0;0;0;3;1;1;2;1;1;1;2;3;6;
Al Horford;C;25:20;6;11;0;0;3;5;1;8;9;3;1;0;2;0;15;
Devin Harris;G;25:20;3;7;2;5;0;0;0;4;4;1;3;0;1;2;8;
Jeff Teague;G;27:27;4;9;1;2;0;0;1;1;2;7;2;1;3;1;9;
DeShawn Stevenson;;11:51;0;3;0;3;0;0;0;0;0;0;1;0;0;1;0;
Lou Williams;;27:43;6;12;0;3;2;2;0;3;3;3;1;1;0;2;14;
Zaza Pachulia;;22:12;3;5;0;0;2;2;3;8;11;1;0;0;2;3;8;
Ivan Johnson;;17:31;4;8;0;0;1;1;1;7;8;0;1;0;1;3;9;
Anthony Morrow;;21:06;3;7;1;3;0;0;0;0;0;1;2;0;0;2;7;
Mike Scott;;5:05;0;2;0;0;0;0;0;2;2;0;0;0;1;1;0;
John Jenkins;;5:05;0;2;0;1;0;0;0;1;1;0;0;0;0;0;0;
Anthony Tolliver;;3:33;0;2;0;2;0;0;2;1;3;0;0;0;1;0;0;
