12-07;BOS-PHI;94-95;
28-28;22-18;20-26;19-17;5-6;
BOS
Paul Pierce;F;44:47;9;24;1;8;8;12;0;4;4;5;0;1;4;3;27;
Brandon Bass;F;22:58;0;1;0;0;2;2;1;6;7;0;0;1;2;3;2;
Kevin Garnett;C;34:15;7;11;0;0;3;4;2;8;10;2;1;0;3;3;17;
Jason Terry;G;43:56;1;12;1;7;1;1;0;3;3;1;0;0;0;2;4;
Rajon Rondo;G;42:16;8;14;0;0;0;2;3;10;13;14;3;3;5;4;16;
Chris Wilcox;;14:43;2;3;0;0;0;0;0;2;2;1;0;0;0;1;4;
Courtney Lee;;19:57;2;4;1;2;0;0;0;1;1;1;1;1;0;3;5;
Jared Sullinger;;13:34;0;0;0;0;0;0;0;5;5;0;0;0;2;2;0;
Jeff Green;;28:34;6;12;3;5;4;4;1;7;8;0;1;1;2;2;19;
PHI
Evan Turner;F;44:60;10;26;2;3;4;6;2;8;10;5;0;1;4;4;26;
Thaddeus Young;F;44:39;7;18;0;0;3;4;8;4;12;2;2;0;0;4;17;
Lavoy Allen;C;32:23;2;5;0;0;4;4;2;9;11;1;0;0;2;5;8;
Jason Richardson;G;41:36;5;13;0;5;3;4;0;3;3;3;5;0;0;0;13;
Jrue Holiday;G;43:02;7;18;0;0;1;2;1;5;6;4;3;0;1;6;15;
Arnett Moultrie;;7:00;0;3;0;0;0;0;1;1;2;0;0;1;0;1;0;
Dorell Wright;;16:11;0;5;0;3;2;2;0;4;4;0;0;0;0;1;2;
Spencer Hawes;;21:32;5;10;0;0;0;0;3;3;6;1;1;1;2;2;10;
Damien Wilkins;;13:39;1;1;0;0;2;4;0;0;0;3;1;1;0;3;4;
