03-16;PHX-WAS;105-127;
29-27;30-39;24-36;22-25;
PHX
Marcus Morris;F;10:36;0;2;0;0;0;0;0;0;0;0;0;0;0;1;0;
Markieff Morris;F;27:52;5;9;1;3;2;2;3;6;9;1;0;1;2;1;13;
Jermaine O'Neal;C;25:42;6;11;0;0;0;0;2;6;8;1;0;2;2;2;12;
Wesley Johnson;G;23:00;4;10;0;2;0;0;2;3;5;0;1;1;2;0;8;
Goran Dragic;G;37:37;5;14;1;5;1;1;1;3;4;11;0;0;0;0;12;
Hamed Haddadi;;7:31;1;1;0;0;0;0;1;2;3;0;0;0;1;3;2;
PJ Tucker;;31:59;4;8;1;1;2;3;3;6;9;0;1;0;1;2;11;
Jared Dudley;;24:40;6;12;1;4;3;4;3;1;4;2;1;0;0;3;16;
Luis Scola;;13:19;3;5;0;0;1;2;2;2;4;0;0;0;1;1;7;
Kendall Marshall;;11:51;0;2;0;1;0;0;0;0;0;3;1;0;1;0;0;
Michael Beasley;;23:03;7;12;1;3;6;8;0;2;2;1;1;0;4;2;21;
Diante Garrett;;2:50;1;2;1;2;0;0;0;0;0;0;0;0;0;0;3;
WAS
Martell Webster;F;38:20;10;18;7;10;7;7;1;1;2;5;0;0;1;2;34;
Nene;F;22:58;5;10;0;0;4;4;3;2;5;2;0;0;0;1;14;
Emeka Okafor;C;26:26;7;12;0;0;3;5;4;6;10;1;0;1;0;2;17;
Garrett Temple;G;35:40;4;10;3;4;0;0;1;2;3;4;2;0;4;3;11;
John Wall;G;31:60;8;11;0;0;1;2;0;5;5;11;3;1;3;3;17;
Trevor Booker;;22:12;4;9;0;0;0;0;5;4;9;1;0;0;0;0;8;
Bradley Beal;;20:51;5;10;3;4;0;0;1;5;6;1;1;1;2;3;13;
Cartier Martin;;17:09;2;5;1;3;0;0;0;1;1;2;0;0;0;0;5;
Kevin Seraphin;;21:34;3;7;0;0;2;2;0;1;1;3;0;0;0;4;8;
Jan Vesely;;2:50;0;1;0;0;0;0;0;0;0;0;0;0;0;0;0;
