01-02;SAS-MIL;117-110;
33-22;36-30;24-29;24-29;
SAS
Kawhi Leonard;F;23:32;2;6;0;2;0;0;0;5;5;0;1;0;0;2;4;
Tim Duncan;F;34:21;11;20;0;0;6;7;3;10;13;6;1;3;1;3;28;
Tiago Splitter;C;18:55;2;2;0;0;2;2;1;4;5;1;0;0;0;5;6;
Danny Green;G;29:43;3;5;3;4;0;0;0;2;2;1;1;0;0;2;9;
Tony Parker;G;35:35;10;23;1;2;2;2;1;2;3;11;2;0;3;2;23;
Boris Diaw;;22:57;4;4;1;1;0;0;1;3;4;1;0;0;0;0;9;
Manu Ginobili;;27:11;5;12;2;3;4;6;1;1;2;6;2;0;1;3;16;
Stephen Jackson;;20:52;4;8;0;2;0;2;1;2;3;4;1;0;2;2;8;
Gary Neal;;12:37;3;5;1;2;0;0;0;2;2;2;0;0;0;1;7;
Matt Bonner;;7:16;2;3;1;1;0;0;0;1;1;0;0;0;0;0;5;
DeJuan Blair;;4:05;0;1;0;0;0;0;0;0;0;0;0;0;0;1;0;
Nando De Colo;;1:28;0;0;0;0;0;2;0;0;0;0;0;0;1;0;0;
Patty Mills;;1:28;0;0;0;0;2;2;0;0;0;0;0;0;0;2;2;
MIL
Marquis Daniels;F;20:40;1;4;0;1;3;4;1;3;4;4;0;0;0;1;5;
Luc Mbah a Moute;F;19:00;1;4;0;0;2;4;3;6;9;0;0;1;0;1;4;
Larry Sanders;C;22:56;2;4;0;0;2;2;3;6;9;1;0;4;4;3;6;
Monta Ellis;G;39:13;7;18;0;1;4;6;0;1;1;8;1;0;3;2;18;
Brandon Jennings;G;43:47;13;26;1;5;4;4;0;0;0;5;1;2;5;2;31;
Mike Dunleavy;;37:24;7;12;3;7;2;2;0;3;3;1;1;0;2;2;19;
Ersan Ilyasova;;24:04;1;5;1;2;0;0;3;7;10;1;0;1;2;3;3;
Ekpe Udoh;;6:54;0;2;0;0;2;2;0;1;1;0;0;0;0;0;2;
John Henson;;23:06;10;11;0;0;0;0;3;6;9;3;1;1;0;1;20;
Doron Lamb;;1:28;1;2;0;1;0;0;0;0;0;0;0;0;0;0;2;
Tobias Harris;;1:28;0;0;0;0;0;0;0;1;1;1;0;0;0;1;0;
