02-13;POR-NOH;63-99;
14-19;12-19;18-29;19-32;
POR
Nicolas Batum;F;31:06;1;10;1;6;0;0;1;3;4;6;0;2;0;1;3;
LaMarcus Aldridge;F;29:43;2;11;0;0;2;2;1;2;3;0;2;4;3;2;6;
JJ Hickson;C;21:59;4;5;0;0;2;2;1;4;5;2;0;2;1;1;10;
Wesley Matthews;G;1:30;0;0;0;0;0;0;0;1;1;1;0;0;0;0;0;
Damian Lillard;G;35:21;4;15;0;2;4;4;0;2;2;4;1;0;3;3;12;
Victor Claver;;35:50;5;10;1;5;0;0;2;4;6;2;1;1;2;1;11;
Meyers Leonard;;18:03;1;3;0;0;4;4;0;3;3;0;0;0;0;3;6;
Will Barton;;25:55;4;12;0;2;1;1;0;4;4;1;0;0;3;1;9;
Ronnie Price;;12:39;0;2;0;1;0;0;0;1;1;3;0;0;2;0;0;
Luke Babbitt;;10:40;0;1;0;1;0;0;0;4;4;0;0;0;0;0;0;
Joel Freeland;;17:14;3;5;0;0;0;0;1;1;2;0;0;0;2;0;6;
NOH
Al-Farouq Aminu;F;28:29;5;9;0;0;0;0;2;7;9;1;0;0;1;0;10;
Anthony Davis;F;27:36;10;17;0;0;1;2;4;7;11;3;1;2;2;4;21;
Robin Lopez;C;20:38;2;6;0;0;1;2;2;2;4;0;0;0;1;1;5;
Austin Rivers;G;27:25;3;6;0;0;2;2;0;2;2;1;0;0;0;2;8;
Greivis Vasquez;G;26:17;3;8;1;2;3;4;1;4;5;8;2;0;2;0;10;
Ryan Anderson;;25:27;6;14;2;5;0;0;3;4;7;2;2;1;0;0;14;
Jason Smith;;16:59;6;11;0;0;1;2;0;4;4;2;0;2;0;1;13;
Brian Roberts;;21:43;2;5;1;2;2;2;1;3;4;7;1;0;0;2;7;
Roger Mason Jr.;;20:41;3;7;0;1;0;0;1;2;3;2;0;0;0;0;6;
Darius Miller;;19:25;1;4;1;2;0;0;0;1;1;0;0;1;0;1;3;
Lance Thomas;;3:37;0;0;0;0;2;4;1;1;2;0;1;0;0;1;2;
Xavier Henry;;1:43;0;0;0;0;0;0;0;0;0;0;0;0;0;1;0;
