10-31;SAS-NOH;99-95;
28-31;15-19;28-21;28-24;
SAS
Kawhi Leonard;F;34:17;6;13;3;6;4;4;1;6;7;1;5;0;2;5;19;
Tim Duncan;F;34:22;10;15;0;0;4;5;2;9;11;3;0;3;5;3;24;
Boris Diaw;C;29:49;2;3;0;1;0;0;2;2;4;6;2;1;2;1;4;
Danny Green;G;32:37;4;11;1;5;0;0;0;3;3;0;1;2;1;1;9;
Tony Parker;G;35:25;9;19;1;1;4;6;0;3;3;6;0;0;0;2;23;
Stephen Jackson;;24:45;2;6;0;3;3;6;1;4;5;1;1;0;0;5;7;
Matt Bonner;;9:32;1;3;1;2;0;0;0;0;0;0;0;1;1;2;3;
Tiago Splitter;;15:50;3;5;0;0;1;2;3;3;6;1;0;0;1;1;7;
Gary Neal;;17:20;1;5;0;2;0;1;1;2;3;3;0;0;1;1;2;
Patty Mills;;6:03;0;0;0;0;1;2;0;1;1;1;0;1;2;0;1;
NOH
Al-Farouq Aminu;F;37:06;8;16;0;1;1;2;0;7;7;3;2;3;3;2;17;
Anthony Davis;F;29:04;6;12;0;0;9;9;3;4;7;0;1;1;0;0;21;
Robin Lopez;C;25:32;4;10;0;0;0;0;3;6;9;3;0;1;2;2;8;
Austin Rivers;G;24:06;1;9;0;2;5;6;0;1;1;2;0;0;3;3;7;
Greivis Vasquez;G;37:28;4;8;0;3;0;0;0;6;6;13;1;0;2;3;8;
Roger Mason Jr.;;27:03;3;7;2;4;0;0;0;1;1;2;0;0;0;5;8;
Ryan Anderson;;28:51;3;10;1;5;4;4;0;5;5;0;0;0;0;2;11;
Jason Smith;;16:34;5;6;0;0;2;2;3;3;6;1;1;1;1;1;12;
Darius Miller;;14:08;1;2;1;2;0;0;0;1;1;2;2;0;2;2;3;
Brian Roberts;;0:09;0;0;0;0;0;0;0;0;0;0;0;0;0;0;0;
