12-12;BKN-TOR;94-88;
20-27;17-18;31-19;26-24;
BKN
Gerald Wallace;F;25:18;2;5;0;0;5;11;0;1;1;3;1;0;2;0;9;
Reggie Evans;F;33:35;3;3;0;0;3;4;5;6;11;0;1;0;3;2;9;
Andray Blatche;C;33:06;7;14;0;0;0;0;3;6;9;3;1;0;2;5;14;
Joe Johnson;G;42:44;7;14;4;6;5;6;0;2;2;4;0;0;3;0;23;
Deron Williams;G;38:11;5;16;2;6;0;0;0;2;2;4;0;0;3;2;12;
Kris Humphries;;17:46;1;1;0;0;9;10;0;2;2;0;0;0;1;2;11;
MarShon Brooks;;5:39;0;0;0;0;0;0;0;2;2;2;0;0;2;1;0;
Mirza Teletovic;;5:32;0;3;0;2;0;0;0;1;1;0;0;1;0;0;0;
CJ Watson;;23:45;4;7;4;4;4;4;0;6;6;3;2;0;0;2;16;
Keith Bogans;;14:24;0;1;0;1;0;0;0;2;2;1;0;0;1;2;0;
TOR
Mickael Pietrus;F;27:47;2;8;0;5;1;2;1;1;2;1;0;0;0;5;5;
Ed Davis;F;44:41;11;13;0;0;2;3;3;9;12;1;3;0;1;4;24;
Jonas Valanciunas;C;26:08;6;6;0;0;3;5;2;2;4;0;0;2;3;3;15;
DeMar DeRozan;G;43:49;5;13;1;3;0;0;0;5;5;2;4;1;3;3;11;
Jose Calderon;G;39:57;4;13;2;5;0;0;0;3;3;15;1;0;3;3;10;
Terrence Ross;;21:24;3;8;1;3;0;0;0;2;2;0;2;0;1;1;7;
Aaron Gray;;16:59;2;4;0;0;3;4;1;1;2;1;0;0;1;4;7;
John Lucas III;;19:16;4;10;0;2;1;3;0;1;1;1;1;0;2;2;9;
