01-20;DAL-ORL;111-105;
26-24;31-24;28-27;26-30;
DAL
Shawn Marion;F;33:01;10;16;0;0;0;0;3;7;10;4;3;0;1;0;20;
Dirk Nowitzki;F;31:44;4;11;1;2;3;4;1;6;7;4;0;3;1;2;12;
Chris Kaman;C;22:41;5;11;0;0;3;4;1;7;8;0;1;1;1;2;13;
O.J. Mayo;G;34:35;6;10;1;2;2;2;0;3;3;4;0;0;2;2;15;
Darren Collison;G;35:07;4;6;2;3;1;1;0;1;1;9;0;0;1;1;11;
Vince Carter;;29:16;4;11;3;5;4;4;0;2;2;6;1;3;0;2;15;
Elton Brand;;23:06;7;13;0;0;0;0;2;4;6;0;2;0;2;2;14;
Jae Crowder;;17:38;3;6;1;3;0;0;2;2;4;1;2;0;0;1;7;
Mike James;;12:53;2;6;0;0;0;0;1;1;2;1;0;0;0;1;4;
ORL
DeQuan Jones;F;13:07;1;1;1;1;0;0;1;2;3;1;0;0;1;0;3;
Glen Davis;F;34:54;10;16;0;0;4;6;0;6;6;6;2;1;2;1;24;
Nikola Vucevic;C;40:39;6;11;0;0;2;2;2;9;11;3;1;1;3;3;14;
Arron Afflalo;G;38:47;5;13;1;2;5;6;0;6;6;3;0;0;1;2;16;
Jameer Nelson;G;37:52;7;17;4;9;2;2;2;4;6;5;0;0;3;4;20;
JJ Redick;;31:36;7;13;2;6;2;2;0;4;4;4;0;0;1;1;18;
E'Twaun Moore;;12:13;1;4;1;2;0;0;0;1;1;1;0;0;0;2;3;
Maurice Harkless;;14:31;3;4;0;1;0;0;0;4;4;0;1;0;1;1;6;
Josh McRoberts;;16:21;0;0;0;0;1;2;0;1;1;3;1;1;1;0;1;
