12-15;BOS-SAS;88-103;
21-26;28-26;20-25;19-26;
BOS
Paul Pierce;F;29:57;7;13;2;5;2;2;0;5;5;4;3;1;4;1;18;
Brandon Bass;F;18:13;1;5;0;0;0;0;1;2;3;0;0;0;1;3;2;
Kevin Garnett;C;30:24;6;13;0;0;1;2;1;5;6;3;2;1;0;2;13;
Courtney Lee;G;30:14;5;10;0;1;1;1;1;4;5;1;0;0;0;1;11;
Rajon Rondo;G;34:00;3;7;0;1;0;0;1;4;5;9;0;0;7;4;6;
Chris Wilcox;;13:29;3;4;0;0;0;0;1;0;1;0;0;0;2;3;6;
Jason Terry;;31:21;6;13;4;9;2;3;0;2;2;4;0;0;2;0;18;
Jared Sullinger;;11:13;1;2;0;0;0;0;4;3;7;0;1;0;0;1;2;
Jeff Green;;31:47;5;10;0;0;0;0;1;2;3;1;0;1;1;4;10;
Leandro Barbosa;;9:22;1;4;0;0;0;0;1;0;1;0;0;0;0;1;2;
SAS
Danny Green;F;34:14;4;10;3;7;1;2;0;1;1;4;0;0;2;4;12;
Tim Duncan;F;31:12;2;13;0;0;1;2;3;9;12;2;1;2;2;0;5;
Tiago Splitter;C;28:21;6;10;0;0;4;6;2;6;8;4;0;1;2;1;16;
Gary Neal;G;31:53;7;13;3;6;3;3;0;3;3;3;1;0;1;0;20;
Tony Parker;G;36:19;8;14;1;2;5;6;0;3;3;8;4;0;1;1;22;
Manu Ginobili;;4:14;1;2;1;2;0;0;1;0;1;0;0;0;0;0;3;
Boris Diaw;;21:37;2;2;0;0;0;0;2;2;4;3;0;0;2;2;4;
Nando De Colo;;20:07;3;6;1;1;1;1;2;2;4;1;2;1;0;1;8;
Patty Mills;;11:41;1;3;1;3;0;0;1;0;1;0;0;0;1;1;3;
Matt Bonner;;14:50;3;6;1;2;0;0;0;0;0;3;1;0;0;2;7;
James Anderson;;5:32;1;2;1;2;0;0;0;1;1;0;0;0;1;0;3;
