02-06;IND-PHI;88-69;
18-15;19-19;22-14;29-21;
IND
Paul George;F;40:05;4;13;1;4;6;8;1;4;5;6;2;0;2;0;15;
David West;F;30:39;7;16;0;1;1;2;0;5;5;1;3;0;0;0;15;
Roy Hibbert;C;33:55;8;19;0;1;2;3;7;8;15;1;2;4;1;0;18;
Lance Stephenson;G;30:11;2;7;0;3;2;2;1;5;6;5;0;0;2;1;6;
George Hill;G;34:06;7;11;1;3;0;0;2;1;3;5;1;0;1;2;15;
Orlando Johnson;;17:49;2;3;2;3;2;2;0;3;3;0;1;0;0;1;8;
Tyler Hansbrough;;17:21;1;8;0;0;3;4;3;4;7;1;1;0;0;1;5;
D.J. Augustin;;13:54;1;4;1;2;3;4;1;3;4;1;0;0;0;1;6;
Ian Mahinmi;;14:05;0;0;0;0;0;0;0;4;4;0;0;0;1;1;0;
Sam Young;;7:55;0;0;0;0;0;0;1;1;2;0;0;0;2;1;0;
PHI
Evan Turner;F;27:50;1;10;0;1;0;0;1;9;10;4;0;0;4;1;2;
Spencer Hawes;F;34:26;3;13;0;0;0;0;6;4;10;3;0;2;0;3;6;
Kwame Brown;C;6:14;0;1;0;0;0;0;0;4;4;1;0;0;1;0;0;
Nick Young;G;39:45;4;12;0;2;1;1;2;3;5;3;1;0;0;3;9;
Jrue Holiday;G;40:10;7;22;1;2;4;5;0;6;6;4;3;1;5;1;19;
Lavoy Allen;;34:38;6;13;0;0;0;1;2;3;5;1;1;1;3;5;12;
Dorell Wright;;30:22;4;8;1;2;0;0;2;5;7;3;1;3;2;2;9;
Royal Ivey;;5:53;0;1;0;1;0;0;0;1;1;1;0;0;0;0;0;
Arnett Moultrie;;20:42;6;9;0;0;0;0;3;0;3;0;2;1;0;2;12;
