02-22;NYK-TOR;98-100;
32-32;19-16;19-31;28-21;
NYK
Iman Shumpert;F;14:49;0;2;0;1;0;0;1;1;2;0;0;0;1;2;0;
Carmelo Anthony;F;42:13;11;24;1;8;9;11;3;3;6;4;1;1;3;3;32;
Tyson Chandler;C;34:44;2;7;0;0;4;5;3;4;7;2;1;5;3;6;8;
Raymond Felton;G;32:46;4;10;1;3;1;1;0;6;6;3;0;0;2;4;10;
Jason Kidd;G;31:51;2;4;2;4;0;0;1;6;7;4;2;1;2;3;6;
J.R. Smith;;33:21;7;12;3;6;2;2;0;4;4;4;1;0;2;3;19;
Amar'e Stoudemire;;26:42;6;10;0;0;2;4;1;5;6;0;0;1;3;4;14;
Steve Novak;;12:04;2;4;2;4;0;0;0;1;1;1;0;0;0;1;6;
Pablo Prigioni;;11:30;1;2;1;2;0;0;1;2;3;1;0;0;0;2;3;
TOR
Rudy Gay;F;41:21;11;23;1;4;9;11;1;6;7;2;2;0;2;3;32;
Landry Fields;F;23:22;2;4;0;0;2;2;0;2;2;0;1;0;0;5;6;
Jonas Valanciunas;C;21:00;1;4;0;0;1;2;3;7;10;0;0;2;1;2;3;
DeMar DeRozan;G;39:28;6;13;0;1;6;6;0;1;1;6;1;1;3;1;18;
Kyle Lowry;G;33:37;5;11;4;6;1;2;0;2;2;7;1;0;0;4;15;
Alan Anderson;;22:20;1;8;0;1;2;2;1;0;1;2;0;0;1;2;4;
Amir Johnson;;31:37;5;6;0;0;2;2;1;5;6;1;1;0;1;3;12;
Andrea Bargnani;;12:52;0;2;0;0;0;0;0;0;0;0;0;0;0;1;0;
John Lucas III;;14:23;4;9;2;6;0;1;0;2;2;0;1;0;1;1;10;
