12-09;ORL-PHX;98-90;
20-23;33-25;18-22;27-20;
ORL
Maurice Harkless;F;7:24;2;2;0;0;0;0;0;0;0;0;0;0;0;2;4;
Glen Davis;F;33:03;7;11;0;0;1;4;0;7;7;3;0;0;3;0;15;
Nikola Vucevic;C;28:30;6;9;0;0;0;0;3;6;9;3;1;0;2;3;12;
Arron Afflalo;G;37:30;5;11;0;1;4;4;1;3;4;3;0;0;4;0;14;
Jameer Nelson;G;25:15;1;7;0;3;2;2;0;4;4;3;0;0;3;2;4;
JJ Redick;;38:28;6;14;4;8;4;4;0;3;3;9;2;0;2;0;20;
Gustavo Ayon;;8:49;0;3;0;0;0;0;2;1;3;3;0;0;1;2;0;
Andrew Nicholson;;25:00;9;11;0;0;1;2;1;8;9;3;4;0;2;3;19;
E'Twaun Moore;;24:53;4;8;1;2;1;2;1;2;3;3;0;0;1;1;10;
DeQuan Jones;;0:59;0;0;0;0;0;0;0;0;0;0;0;0;0;0;0;
Josh McRoberts;;10:09;0;1;0;1;0;0;1;1;2;1;0;0;0;2;0;
PHX
Jared Dudley;F;37:56;6;13;1;4;2;4;1;2;3;4;1;0;1;2;15;
Markieff Morris;F;31:59;5;12;0;2;0;0;0;5;5;1;0;1;1;1;10;
Marcin Gortat;C;31:50;6;8;0;0;0;1;0;6;6;2;0;2;1;1;12;
Shannon Brown;G;38:39;6;16;2;8;3;3;1;1;2;3;1;0;2;3;17;
Sebastian Telfair;G;37:14;1;7;1;4;3;4;1;3;4;8;1;0;3;3;6;
Luis Scola;;16:01;5;9;0;1;1;1;0;2;2;0;0;0;1;4;11;
Michael Beasley;;15:15;0;2;0;0;3;4;0;1;1;1;0;0;1;0;3;
Wesley Johnson;;4:10;2;2;1;1;0;0;0;0;0;0;0;0;0;3;5;
Diante Garrett;;10:46;1;1;0;0;0;0;0;1;1;2;0;0;2;1;2;
Jermaine O'Neal;;16:10;4;8;0;0;1;1;2;3;5;1;1;0;0;1;9;
