03-19;POR-MIL;95-102;
23-27;8-31;26-19;38-25;
POR
Nicolas Batum;F;41:21;6;12;3;7;0;0;0;3;3;4;2;0;0;2;15;
LaMarcus Aldridge;F;42:57;10;21;0;0;1;2;4;11;15;3;1;0;4;2;21;
JJ Hickson;C;29:30;3;8;0;0;2;2;5;6;11;2;0;0;1;1;8;
Wesley Matthews;G;42:44;10;20;7;11;1;3;2;0;2;3;2;0;4;1;28;
Damian Lillard;G;44:35;2;10;0;4;4;4;0;3;3;11;1;0;6;3;8;
Meyers Leonard;;6:27;1;2;0;0;0;0;1;0;1;0;0;1;0;2;2;
Eric Maynor;;9:26;0;3;0;0;0;0;0;1;1;0;0;0;0;0;0;
Joel Freeland;;4:39;1;1;0;0;0;0;0;1;1;0;0;0;0;0;2;
Will Barton;;5:28;0;2;0;0;2;2;0;1;1;0;0;0;1;1;2;
Luke Babbitt;;12:53;3;4;3;4;0;0;1;1;2;1;0;0;1;2;9;
MIL
Marquis Daniels;F;17:08;2;3;0;1;0;0;0;1;1;2;1;0;0;0;4;
Samuel Dalembert;F;19:47;8;14;0;0;0;0;5;2;7;1;0;0;1;1;16;
Larry Sanders;C;40:09;4;9;0;0;0;0;5;8;13;3;2;2;0;2;8;
Monta Ellis;G;43:47;8;18;2;4;3;6;3;6;9;8;3;3;2;2;21;
Brandon Jennings;G;39:29;9;20;4;7;2;2;0;4;4;7;0;1;6;2;24;
Mike Dunleavy;;26:37;4;9;1;4;0;0;0;4;4;3;1;1;0;0;9;
Ekpe Udoh;;19:39;2;5;0;0;0;0;2;1;3;0;0;1;1;2;4;
JJ Redick;;26:09;4;8;2;3;4;5;0;0;0;3;0;0;1;1;14;
Gustavo Ayon;;6:23;1;1;0;0;0;0;0;2;2;2;1;0;0;2;2;
Ish Smith;;0:26;0;0;0;0;0;0;0;0;0;0;0;0;0;0;0;
John Henson;;0:26;0;0;0;0;0;0;0;0;0;0;0;0;0;0;0;
