11-02;MIA-NYK;84-104;
17-33;27-22;19-26;21-23;
MIA
Shane Battier;F;24:27;1;3;0;2;0;0;1;1;2;0;2;1;2;3;2;
LeBron James;F;36:41;8;16;2;3;5;6;0;7;7;5;0;3;5;2;23;
Chris Bosh;C;26:46;5;13;0;1;2;2;4;7;11;1;1;1;3;1;12;
Mario Chalmers;G;19:34;1;5;0;3;1;2;0;1;1;1;0;0;2;6;3;
Dwyane Wade;G;34:47;7;10;0;0;1;1;0;5;5;4;0;0;4;2;15;
Ray Allen;;26:45;2;5;1;3;0;0;0;2;2;3;0;0;2;0;5;
Norris Cole;;22:59;3;6;0;1;0;0;0;0;0;1;0;0;2;2;6;
Udonis Haslem;;19:29;1;3;0;0;0;0;0;5;5;1;0;0;0;1;2;
Rashard Lewis;;20:22;5;9;4;6;2;2;2;4;6;1;0;0;0;1;16;
Mike Miller;;3:06;0;0;0;0;0;0;0;2;2;1;0;0;1;0;0;
James Jones;;3:06;0;1;0;1;0;0;0;0;0;0;0;0;0;0;0;
Josh Harrellson;;1:58;0;0;0;0;0;0;0;0;0;0;1;0;0;0;0;
NYK
Carmelo Anthony;F;38:55;10;28;4;8;6;7;4;6;10;2;2;0;1;3;30;
Ronnie Brewer;F;20:21;3;7;1;2;0;0;1;4;5;3;1;0;0;1;7;
Tyson Chandler;C;24:43;5;5;0;0;0;0;6;2;8;0;0;0;2;5;10;
Raymond Felton;G;32:58;5;13;3;7;1;2;0;4;4;9;3;0;3;3;14;
Jason Kidd;G;23:15;3;5;3;5;3;3;1;3;4;3;2;0;1;1;12;
J.R. Smith;;34:11;3;11;2;4;3;3;0;3;3;6;1;0;1;4;11;
Pablo Prigioni;;16:23;0;0;0;0;0;0;0;1;1;3;0;0;3;1;0;
Kurt Thomas;;16:21;0;2;0;0;0;0;1;2;3;0;1;0;1;2;0;
Steve Novak;;25:51;6;10;5;8;0;0;0;2;2;1;0;0;0;1;17;
Rasheed Wallace;;3:06;1;2;1;1;0;0;0;1;1;0;0;0;0;0;3;
James White;;1:58;0;0;0;0;0;0;0;0;0;0;0;0;0;1;0;
Chris Copeland;;1:58;0;1;0;1;0;0;0;0;0;0;0;0;0;0;0;
