02-09;CHA-PHI;76-87;
17-23;20-15;17-25;22-24;
CHA
Michael Kidd-Gilchrist;F;14:24;1;6;0;0;0;0;0;2;2;2;0;0;1;1;2;
Byron Mullens;F;37:43;7;19;0;4;2;3;0;3;3;0;1;1;2;0;16;
Bismack Biyombo;C;20:15;0;2;0;0;0;0;1;6;7;1;1;1;0;3;0;
Gerald Henderson;G;34:00;4;12;0;2;5;6;0;1;1;3;1;0;0;1;13;
Kemba Walker;G;24:19;2;9;0;2;2;2;2;2;4;4;0;0;1;1;6;
Brendan Haywood;;27:45;3;7;0;0;3;4;4;3;7;1;1;0;0;2;9;
Ramon Sessions;;33:36;6;16;1;2;7;7;0;3;3;4;1;1;1;3;20;
Jeff Adrien;;10:17;1;4;0;0;0;0;2;4;6;1;0;0;0;1;2;
Ben Gordon;;27:55;3;10;1;4;1;1;2;2;4;2;0;0;1;4;8;
Jeff Taylor;;9:46;0;3;0;2;0;0;1;2;3;2;0;0;1;1;0;
PHI
Evan Turner;F;39:33;7;17;0;1;2;2;1;9;10;4;0;0;4;4;16;
Lavoy Allen;F;41:13;7;16;0;0;0;0;11;11;22;3;0;1;1;2;14;
Spencer Hawes;C;40:14;8;15;1;3;0;0;2;7;9;3;1;0;2;2;17;
Nick Young;G;18:47;2;8;0;5;1;2;0;2;2;1;0;0;0;4;5;
Jrue Holiday;G;39:11;10;23;0;3;0;0;0;3;3;7;0;0;3;1;20;
Jeremy Pargo;;29:13;4;9;1;2;3;3;1;3;4;6;0;0;1;5;12;
Arnett Moultrie;;13:58;1;3;0;0;1;3;1;6;7;0;1;0;0;1;3;
Dorell Wright;;17:51;0;2;0;2;0;0;0;3;3;0;0;1;0;0;0;
