03-17;MIA-TOR;108-91;
27-19;28-24;21-30;32-18;
MIA
LeBron James;F;33:50;6;12;2;6;8;11;1;11;12;8;2;0;3;1;22;
Udonis Haslem;F;18:21;1;1;0;0;0;0;1;0;1;2;0;0;0;1;2;
Chris Bosh;C;28:37;7;10;2;3;2;4;0;2;2;0;2;0;1;0;18;
Dwyane Wade;G;34:38;10;15;0;0;4;6;0;3;3;8;1;0;2;3;24;
Mario Chalmers;G;25:20;0;5;0;3;1;1;0;2;2;7;0;0;2;2;1;
Ray Allen;;24:37;7;10;4;6;2;2;0;2;2;1;1;0;2;1;20;
Chris Andersen;;15:31;3;3;0;0;1;1;0;1;1;0;0;1;0;1;7;
Shane Battier;;24:08;2;4;2;3;0;0;0;1;1;2;1;1;1;1;6;
Norris Cole;;19:00;2;3;0;0;2;4;0;1;1;2;1;0;0;0;6;
Mike Miller;;4:02;0;0;0;0;0;0;0;0;0;1;0;0;1;2;0;
James Jones;;4:02;1;2;0;1;0;0;0;0;0;0;0;0;0;1;2;
Rashard Lewis;;4:02;0;2;0;0;0;0;0;0;0;0;0;0;0;0;0;
Joel Anthony;;3:52;0;0;0;0;0;0;0;1;1;0;0;0;0;1;0;
TOR
Rudy Gay;F;37:04;11;20;2;6;3;3;4;4;8;4;1;0;3;2;27;
Amir Johnson;F;36:54;9;18;0;0;0;0;8;10;18;3;1;0;2;3;18;
Jonas Valanciunas;C;29:27;7;8;0;0;4;4;5;2;7;0;0;0;4;2;18;
DeMar DeRozan;G;36:59;5;17;0;1;2;3;2;3;5;0;0;0;4;2;12;
Kyle Lowry;G;29:06;0;7;0;5;0;0;0;4;4;3;1;1;2;4;0;
Terrence Ross;;26:43;5;10;0;2;2;2;3;1;4;1;0;0;0;4;12;
Sebastian Telfair;;7:29;0;3;0;2;0;0;0;0;0;3;0;1;0;1;0;
Alan Anderson;;13:34;0;6;0;3;0;0;1;0;1;0;1;0;0;1;0;
Landry Fields;;11:19;2;2;0;0;0;0;1;2;3;0;0;0;1;1;4;
John Lucas III;;11:25;0;3;0;1;0;0;0;1;1;1;1;0;0;1;0;
