03-18;LAL-PHX;76-99;
25-21;19-26;22-24;10-28;
LAL
Metta World Peace;F;39:05;5;17;2;9;0;0;0;6;6;3;5;0;3;1;12;
Earl Clark;F;30:20;2;5;0;1;0;2;4;6;10;1;1;0;2;1;4;
Dwight Howard;C;37:10;6;18;0;0;4;5;5;6;11;1;1;1;4;4;16;
Jodie Meeks;G;33:28;3;9;0;1;2;2;3;3;6;2;1;0;2;2;8;
Steve Nash;G;31:34;6;17;1;2;6;6;2;3;5;4;1;0;3;1;19;
Antawn Jamison;;22:53;1;6;1;3;0;0;0;5;5;0;0;0;3;2;3;
Steve Blake;;34:18;6;11;1;5;0;0;0;1;1;4;1;0;0;1;13;
Darius Morris;;2:48;0;2;0;0;1;1;0;0;0;0;0;0;1;0;1;
Devin Ebanks;;2:48;0;1;0;1;0;0;0;0;0;0;0;0;0;0;0;
Chris Duhon;;2:48;0;0;0;0;0;0;0;0;0;0;0;0;0;1;0;
Robert Sacre;;2:48;0;1;0;0;0;0;0;1;1;0;0;0;0;0;0;
PHX
PJ Tucker;F;16:48;3;6;0;1;0;0;0;1;1;1;1;0;2;1;6;
Markieff Morris;F;24:00;4;8;1;1;0;0;2;6;8;1;2;1;2;0;9;
Jermaine O'Neal;C;13:23;3;5;0;0;0;0;1;1;2;1;0;2;0;2;6;
Wesley Johnson;G;37:05;6;17;1;5;1;3;1;8;9;0;2;1;1;0;14;
Goran Dragic;G;31:24;5;10;0;1;2;4;2;2;4;10;2;2;5;3;12;
Hamed Haddadi;;14:35;2;2;0;0;0;2;1;3;4;0;0;1;1;2;4;
Jared Dudley;;31:12;5;8;2;5;1;2;2;4;6;1;2;0;0;2;13;
Luis Scola;;20:02;5;11;1;1;3;4;3;6;9;2;0;0;0;5;14;
Kendall Marshall;;25:37;4;6;3;4;0;0;0;5;5;5;0;0;4;1;11;
Michael Beasley;;24:00;5;13;0;2;0;0;1;5;6;0;1;0;1;0;10;
Diante Garrett;;1:54;0;1;0;0;0;0;1;0;1;0;0;0;0;0;0;
