02-04;POR-MIN;100-98;
25-18;24-20;28-20;23-40;
POR
Nicolas Batum;F;35:09;2;4;0;1;0;0;0;3;3;2;0;2;7;1;4;
LaMarcus Aldridge;F;38:54;12;17;0;0;1;5;2;11;13;5;1;2;2;2;25;
JJ Hickson;C;36:04;4;6;0;0;0;0;3;6;9;0;0;1;4;4;8;
Wesley Matthews;G;38:38;7;11;4;8;4;4;0;3;3;5;0;1;5;3;22;
Damian Lillard;G;38:03;9;17;0;2;3;3;0;4;4;6;3;0;5;5;21;
Victor Claver;;16:35;1;2;0;1;0;0;1;2;3;2;0;0;0;0;2;
Meyers Leonard;;7:01;1;2;0;0;0;0;1;1;2;0;0;1;1;2;2;
Nolan Smith;;9:57;2;3;1;1;2;2;0;1;1;3;1;0;3;4;7;
Luke Babbitt;;14:01;2;4;2;4;1;2;0;0;0;0;0;1;1;3;7;
Will Barton;;5:38;1;4;0;1;0;0;1;0;1;0;0;0;0;0;2;
MIN
Andrei Kirilenko;F;14:28;1;4;0;0;0;0;0;0;0;0;1;0;1;1;2;
Derrick Williams;F;19:04;0;5;0;1;1;2;2;2;4;0;3;0;1;3;1;
Nikola Pekovic;C;35:15;5;11;0;0;3;3;4;7;11;1;1;0;2;3;13;
Luke Ridnour;G;24:18;5;9;0;2;0;0;1;0;1;2;1;0;0;1;10;
Ricky Rubio;G;33:27;4;9;0;0;7;8;0;2;2;14;1;0;4;3;15;
Alexey Shved;;26:33;3;10;1;4;1;2;0;2;2;3;1;0;3;2;8;
Jose Juan Barea;;26:33;7;13;1;4;2;2;1;2;3;3;1;0;1;3;17;
Dante Cunningham;;28:56;11;17;0;0;1;2;0;2;2;0;3;0;0;0;23;
Mickael Gelabale;;18:41;2;5;1;2;0;0;0;0;0;0;0;0;0;2;5;
Greg Stiemsma;;12:45;2;2;0;0;0;0;2;2;4;0;1;2;0;2;4;
