12-14;UTA-PHX;84-99;
22-34;20-22;23-21;19-22;
UTA
Marvin Williams;F;27:28;5;8;1;1;0;0;1;4;5;0;0;1;1;1;11;
Paul Millsap;F;28:02;5;7;0;0;2;4;2;5;7;5;1;1;2;2;12;
Al Jefferson;C;34:09;6;16;0;0;2;2;1;10;11;1;0;3;0;2;14;
Randy Foye;G;32:20;3;13;1;4;3;4;1;1;2;1;2;0;1;1;10;
Mo Williams;G;28:02;2;5;0;0;0;0;0;3;3;7;0;0;3;3;4;
Earl Watson;;16:59;1;4;1;3;0;0;0;1;1;1;2;0;2;1;3;
Derrick Favors;;16:59;4;8;0;0;3;4;4;4;8;1;1;1;2;1;11;
DeMarre Carroll;;20:32;4;9;0;1;0;0;2;0;2;2;2;0;1;2;8;
Gordon Hayward;;15:40;0;5;0;2;3;4;0;0;0;1;2;0;1;2;3;
Enes Kanter;;13:51;2;5;0;0;2;2;4;1;5;0;1;0;2;2;6;
Alec Burks;;2:59;1;2;0;0;0;1;0;1;1;0;0;1;0;0;2;
Jeremy Evans;;2:59;0;0;0;0;0;0;0;2;2;0;0;1;0;0;0;
PHX
Jared Dudley;F;43:04;9;12;2;4;2;2;3;1;4;5;3;0;2;1;22;
Luis Scola;F;13:19;2;8;0;0;0;0;4;1;5;1;1;0;1;2;4;
Marcin Gortat;C;33:11;5;12;0;0;2;2;2;12;14;3;0;2;0;1;12;
Shannon Brown;G;32:39;2;5;0;1;2;2;0;1;1;3;1;0;1;1;6;
Goran Dragic;G;34:40;6;14;0;2;5;6;0;2;2;5;2;0;1;0;17;
Michael Beasley;;18:38;3;9;2;2;3;4;0;3;3;3;0;3;2;2;11;
Sebastian Telfair;;11:36;1;1;1;1;2;2;0;0;0;0;1;0;2;1;5;
PJ Tucker;;15:21;5;8;0;1;0;2;1;3;4;1;1;0;1;2;10;
Jermaine O'Neal;;14:49;3;5;0;0;1;2;0;3;3;0;0;1;2;4;7;
Markieff Morris;;17:31;2;5;1;1;0;0;1;5;6;2;0;3;0;1;5;
Wesley Johnson;;1:44;0;2;0;1;0;0;0;0;0;0;0;0;0;0;0;
Diante Garrett;;1:44;0;1;0;0;0;0;0;0;0;0;0;0;0;0;0;
Luke Zeller;;1:44;0;1;0;0;0;0;1;0;1;0;0;0;0;1;0;
