11-23;GSW-DEN;91-102;
21-23;32-24;17-31;21-24;
GSW
Harrison Barnes;F;15:08;1;5;0;2;2;2;0;2;2;1;1;0;2;5;4;
David Lee;F;35:20;9;19;0;0;3;4;1;9;10;3;3;0;2;5;21;
Festus Ezeli;C;17:33;0;3;0;0;0;2;1;9;10;0;0;3;0;2;0;
Klay Thompson;G;35:50;6;12;4;7;0;0;0;1;1;3;0;0;0;2;16;
Stephen Curry;G;25:46;2;5;2;2;0;0;0;1;1;3;0;0;4;4;6;
Draymond Green;;21:13;0;3;0;1;0;0;0;6;6;1;0;0;1;5;0;
Andris Biedrins;;11:36;0;0;0;0;0;0;2;5;7;1;1;1;0;1;0;
Jarrett Jack;;34:32;7;16;1;5;2;2;0;0;0;4;2;0;2;2;17;
Carl Landry;;30:15;6;11;0;0;7;8;4;4;8;4;1;1;2;3;19;
Charles Jenkins;;11:31;4;5;0;0;0;0;0;0;0;2;0;0;1;1;8;
Jeremy Tyler;;0:40;0;0;0;0;0;0;0;0;0;0;0;0;0;0;0;
Kent Bazemore;;0:40;0;1;0;0;0;0;0;0;0;0;0;0;0;0;0;
DEN
Danilo Gallinari;F;35:27;8;20;0;5;4;6;2;5;7;2;1;1;1;3;20;
Kenneth Faried;F;36:04;4;8;0;0;1;5;3;8;11;1;2;1;1;3;9;
Kosta Koufos;C;18:45;1;3;0;0;0;0;1;4;5;1;0;0;0;3;2;
Andre Iguodala;G;38:57;11;19;3;6;4;6;2;4;6;2;0;2;0;3;29;
Ty Lawson;G;37:17;7;13;1;4;3;5;0;2;2;9;2;0;4;0;18;
JaVale McGee;;24:42;2;7;0;0;2;4;2;4;6;0;0;3;1;1;6;
Corey Brewer;;22:07;4;10;0;3;1;2;1;0;1;2;4;0;2;2;9;
Andre Miller;;21:58;2;3;0;0;2;2;0;1;1;4;0;0;2;2;6;
Jordan Hamilton;;4:43;1;1;1;1;0;0;0;0;0;0;0;0;0;1;3;
