02-22;SAC-ATL;108-122;
33-25;30-36;25-32;20-29;
SAC
John Salmons;F;26:49;3;8;2;4;0;0;0;1;1;2;0;0;0;1;8;
Jason Thompson;F;30:02;3;9;0;0;3;4;2;8;10;0;0;2;2;5;9;
DeMarcus Cousins;C;37:05;11;22;1;1;3;6;5;8;13;2;3;0;4;4;26;
Tyreke Evans;G;39:04;5;14;1;3;4;4;2;6;8;6;0;0;2;2;15;
Isaiah Thomas;G;37:16;9;18;4;6;8;9;2;4;6;9;0;0;3;2;30;
Marcus Thornton;;20:54;3;6;2;5;0;0;0;2;2;0;0;0;1;1;8;
Charles Hayes;;17:45;0;1;0;0;0;0;3;2;5;1;0;0;0;2;0;
James Johnson;;6:51;0;2;0;0;0;0;0;0;0;2;0;0;0;1;0;
Jimmer Fredette;;7:34;1;1;1;1;0;0;0;0;0;2;0;0;2;0;3;
Travis Outlaw;;16:40;3;7;1;2;2;2;0;1;1;0;0;0;1;0;9;
ATL
Josh Smith;F;35:46;8;12;0;1;2;2;1;5;6;4;0;1;1;3;18;
Al Horford;F;33:58;11;14;0;0;2;4;0;8;8;6;0;2;0;4;24;
Zaza Pachulia;C;14:28;2;6;0;0;0;0;3;4;7;0;1;0;1;5;4;
DeShawn Stevenson;G;33:51;5;6;5;6;2;2;0;2;2;1;1;0;1;1;17;
Jeff Teague;G;32:35;8;18;1;5;3;3;0;4;4;12;3;3;2;3;20;
Kyle Korver;;31:39;4;11;2;7;0;0;0;5;5;3;1;0;0;1;10;
Devin Harris;;12:58;3;5;2;2;2;2;0;2;2;2;0;0;0;2;10;
Ivan Johnson;;7:59;1;3;0;1;0;4;0;2;2;3;1;0;1;1;2;
John Jenkins;;9:31;2;3;1;2;1;2;0;0;0;1;0;0;0;1;6;
Anthony Tolliver;;18:06;3;6;1;3;0;0;1;1;2;1;0;3;0;2;7;
Johan Petro;;4:15;0;5;0;0;0;0;3;1;4;0;0;0;0;2;0;
Dahntay Jones;;2:27;0;0;0;0;0;0;0;0;0;0;0;0;0;0;0;
Mike Scott;;2:27;2;3;0;0;0;0;2;1;3;0;0;0;0;0;4;
