03-06;NYK-DET;87-77;
24-19;20-19;21-27;22-12;
NYK
James White;F;7:49;0;0;0;0;0;0;0;0;0;3;0;0;0;0;0;
Kurt Thomas;F;3:38;0;1;0;0;0;0;0;2;2;0;0;0;2;1;0;
Tyson Chandler;C;30:20;1;3;0;0;0;2;2;9;11;0;0;2;1;3;2;
Iman Shumpert;G;19:18;3;6;3;4;0;0;1;5;6;2;1;0;2;3;9;
Raymond Felton;G;37:04;10;15;4;5;2;2;1;5;6;4;1;1;7;1;26;
Amar'e Stoudemire;;30:39;8;12;0;0;6;7;6;3;9;0;0;1;3;2;22;
J.R. Smith;;40:11;7;22;4;11;2;2;1;3;4;5;4;0;3;2;20;
Jason Kidd;;32:03;2;7;2;7;0;0;0;5;5;6;3;1;0;1;6;
Pablo Prigioni;;17:10;0;3;0;3;0;0;1;1;2;3;1;0;1;1;0;
Steve Novak;;16:18;0;5;0;5;0;0;1;1;2;0;1;0;1;0;0;
Marcus Camby;;5:30;0;1;0;0;2;2;1;0;1;0;0;0;0;1;2;
DET
Kyle Singler;F;41:46;6;12;1;3;0;0;2;6;8;0;2;1;2;3;13;
Jonas Jerebko;F;26:40;5;8;1;1;1;3;1;3;4;2;1;0;1;2;12;
Jason Maxiell;C;37:21;7;12;0;0;0;0;3;6;9;1;0;2;2;3;14;
Brandon Knight;G;39:07;6;17;4;8;1;2;1;4;5;1;0;1;5;1;17;
Jose Calderon;G;39:58;4;10;1;4;1;1;0;3;3;16;2;0;3;0;10;
Viacheslav Kravtsov;;12:27;2;2;0;0;0;0;0;2;2;0;0;1;3;2;4;
Rodney Stuckey;;25:46;0;5;0;3;3;4;0;3;3;3;2;1;2;1;3;
Will Bynum;;16:55;2;8;0;1;0;0;1;1;2;0;1;0;2;2;4;
