11-10;DEN-GSW;107-101;
24-13;16-26;22-20;24-27;8-8;13-7;
DEN
Danilo Gallinari;F;43:19;7;21;2;10;0;0;0;6;6;2;2;0;2;2;16;
Kenneth Faried;F;43:51;8;13;0;0;2;6;8;7;15;0;2;2;1;4;18;
Kosta Koufos;C;24:57;3;6;0;0;1;2;3;4;7;0;0;5;0;4;7;
Andre Iguodala;G;42:56;6;21;1;5;1;1;1;8;9;8;1;0;2;1;14;
Ty Lawson;G;43:34;3;12;0;3;3;6;0;1;1;9;1;0;4;2;9;
JaVale McGee;;20:13;3;8;0;0;1;2;6;5;11;0;0;2;1;3;7;
Corey Brewer;;17:44;5;10;0;3;1;2;0;4;4;1;1;0;2;1;11;
Andre Miller;;28:26;5;14;0;0;2;2;2;2;4;8;1;0;1;2;12;
GSW
Harrison Barnes;F;18:48;2;5;1;1;2;4;3;2;5;1;0;1;1;3;7;
David Lee;F;44:14;7;19;0;0;4;6;5;4;9;5;3;1;1;2;18;
Festus Ezeli;C;9:57;0;2;0;0;0;0;0;3;3;0;0;0;1;1;0;
Klay Thompson;G;49:48;8;23;4;12;0;2;0;5;5;1;0;2;3;4;20;
Stephen Curry;G;32:12;7;15;3;5;2;2;0;3;3;2;3;0;4;5;19;
Andris Biedrins;;19:17;0;2;0;0;2;2;1;7;8;1;1;0;0;2;2;
Jarrett Jack;;32:47;4;11;0;1;0;0;0;8;8;5;2;0;1;0;8;
Richard Jefferson;;22:18;1;6;0;2;0;0;0;2;2;4;1;0;0;1;2;
Carl Landry;;30:58;7;11;0;0;4;5;3;5;8;2;0;1;2;4;18;
Draymond Green;;3:41;0;0;0;0;0;0;0;0;0;0;0;0;0;0;0;
Kent Bazemore;;0:03;0;0;0;0;0;0;0;0;0;0;0;0;0;0;0;
Charles Jenkins;;0:57;0;0;0;0;0;0;0;0;0;0;0;0;0;0;0;
