11-25;DET-NYK;100-121;
22-32;22-32;28-22;28-35;
DET
Jason Maxiell;F;23:32;2;2;0;0;0;0;2;2;4;0;0;1;2;3;4;
Tayshaun Prince;F;32:49;3;11;0;1;0;0;0;5;5;3;1;0;3;0;6;
Greg Monroe;C;29:58;4;8;0;0;4;5;2;3;5;7;3;0;4;2;12;
Brandon Knight;G;33:37;8;13;3;5;2;2;1;1;2;5;0;0;2;2;21;
Kyle Singler;G;28:30;5;7;2;4;4;5;0;3;3;1;0;0;2;5;16;
Rodney Stuckey;;13:14;1;2;0;1;0;0;0;1;1;0;0;0;3;1;2;
Will Bynum;;14:23;3;6;0;1;3;3;0;0;0;2;0;0;1;1;9;
Andre Drummond;;19:02;1;6;0;0;0;0;4;7;11;0;1;3;1;4;2;
Corey Maggette;;17:22;2;5;1;1;4;5;0;2;2;0;1;0;1;4;9;
Charlie Villanueva;;19:29;7;15;3;7;0;2;1;3;4;1;0;0;0;0;17;
Austin Daye;;4:02;1;1;0;0;0;0;0;1;1;1;0;0;0;0;2;
Kim English;;4:02;0;2;0;0;0;0;0;0;0;0;0;0;0;0;0;
NYK
Carmelo Anthony;F;31:35;10;18;4;5;5;5;2;0;2;3;1;0;6;2;29;
Ronnie Brewer;F;13:59;1;2;0;1;0;0;1;1;2;0;3;1;0;1;2;
Tyson Chandler;C;32:25;3;4;0;0;7;8;3;4;7;0;0;0;1;2;13;
Raymond Felton;G;32:00;6;14;1;3;1;2;1;3;4;10;2;0;0;1;14;
Jason Kidd;G;25:12;2;5;2;5;0;0;1;4;5;3;3;0;1;1;6;
J.R. Smith;;30:46;3;8;1;4;8;8;2;8;10;5;1;0;1;3;15;
Pablo Prigioni;;9:55;1;2;0;1;1;1;0;0;0;2;1;0;2;1;3;
Rasheed Wallace;;21:48;5;10;3;5;2;2;0;1;1;0;1;1;0;6;15;
Steve Novak;;27:02;5;11;5;7;3;3;0;2;2;0;1;2;0;2;18;
Marcus Camby;;4:59;0;1;0;0;0;0;0;3;3;0;0;0;0;0;0;
Chris Copeland;;5:25;1;3;0;1;1;2;0;0;0;0;0;0;0;0;3;
James White;;4:54;1;1;1;1;0;0;0;1;1;1;0;0;0;0;3;
