12-18;UTA-BKN;92-90;
20-24;24-33;26-17;22-16;
UTA
Marvin Williams;F;29:36;5;11;0;3;1;2;5;5;10;2;1;0;0;2;11;
Paul Millsap;F;25:49;6;11;0;0;0;1;4;4;8;2;3;1;1;2;12;
Al Jefferson;C;32:37;8;15;0;0;0;0;3;8;11;1;0;0;1;4;16;
Randy Foye;G;26:58;3;7;2;5;0;0;0;1;1;3;0;0;1;4;8;
Mo Williams;G;35:56;6;17;3;7;4;4;1;1;2;6;0;0;5;2;19;
Derrick Favors;;24:52;4;10;0;0;5;6;1;1;2;2;0;3;1;4;13;
Gordon Hayward;;21:25;2;3;0;1;3;3;0;4;4;5;0;2;4;2;7;
DeMarre Carroll;;18:16;1;2;0;1;0;0;2;1;3;0;0;0;0;1;2;
Enes Kanter;;12:28;1;2;0;0;0;0;2;2;4;0;0;1;2;2;2;
Jamaal Tinsley;;12:04;1;5;0;3;0;0;0;3;3;2;1;1;0;1;2;
BKN
Gerald Wallace;F;33:07;5;10;1;2;0;1;0;3;3;3;1;0;2;1;11;
Kris Humphries;F;28:11;3;5;0;0;2;2;6;5;11;1;0;0;2;2;8;
Brook Lopez;C;30:28;5;12;0;0;6;7;0;5;5;0;2;3;0;1;16;
Joe Johnson;G;40:18;7;15;3;6;4;4;1;3;4;2;2;0;1;1;21;
Deron Williams;G;34:51;5;12;0;3;4;6;0;2;2;5;1;0;3;3;14;
Keith Bogans;;7:28;0;2;0;2;0;0;0;0;0;0;0;0;0;2;0;
Andray Blatche;;15:59;4;7;0;0;0;0;1;3;4;2;0;0;3;4;8;
Reggie Evans;;19:40;0;4;0;0;1;2;4;3;7;1;1;0;0;2;1;
CJ Watson;;13:40;3;6;3;4;0;0;0;1;1;1;1;0;0;2;9;
MarShon Brooks;;16:18;1;4;0;0;0;0;0;1;1;1;0;0;2;1;2;
