12-18;IND-MIL;93-98;
25-21;23-24;18-27;27-26;
IND
Paul George;F;37:49;6;15;0;4;4;4;0;10;10;5;1;1;5;3;16;
David West;F;33:31;5;14;0;0;2;4;3;3;6;1;0;1;2;2;12;
Roy Hibbert;C;27:55;4;10;0;0;0;0;7;3;10;2;0;0;2;4;8;
Lance Stephenson;G;27:44;1;5;1;1;0;0;0;1;1;1;2;0;0;0;3;
George Hill;G;35:58;6;16;1;2;5;6;0;5;5;2;1;0;4;3;18;
Tyler Hansbrough;;14:42;2;2;0;0;5;6;3;2;5;0;0;0;1;3;9;
Gerald Green;;18:59;2;5;0;0;2;2;1;2;3;0;0;0;3;2;6;
Ian Mahinmi;;19:51;5;9;0;0;4;6;2;3;5;0;1;0;1;5;14;
Ben Hansbrough;;12:02;1;1;0;0;5;6;0;2;2;3;2;0;2;0;7;
Sam Young;;11:29;0;3;0;1;0;0;2;2;4;1;0;1;0;0;0;
MIL
Marquis Daniels;F;22:11;3;4;1;1;0;0;0;0;0;0;1;1;3;2;7;
Luc Mbah a Moute;F;34:17;3;7;0;1;4;4;2;8;10;2;2;1;1;4;10;
Larry Sanders;C;29:20;2;4;0;0;1;2;4;5;9;0;1;5;0;5;5;
Monta Ellis;G;39:43;8;23;0;2;3;4;0;2;2;6;3;1;4;3;19;
Brandon Jennings;G;44:01;13;22;2;4;6;9;2;3;5;6;0;0;3;4;34;
Ekpe Udoh;;14:25;1;2;0;0;0;0;0;1;1;0;2;1;2;5;2;
Ersan Ilyasova;;13:43;1;7;0;1;0;0;2;2;4;3;1;0;1;1;2;
Mike Dunleavy;;26:39;6;14;3;5;2;3;2;4;6;1;0;2;0;2;17;
Doron Lamb;;11:40;0;2;0;0;0;0;0;0;0;0;0;0;0;2;0;
Drew Gooden;;4:01;0;1;0;0;2;4;0;0;0;0;0;1;1;1;2;
