11-30;UTA-OKC;94-106;
20-22;22-32;25-29;27-23;
UTA
DeMarre Carroll;F;21:00;2;5;0;1;0;0;3;1;4;0;2;3;0;3;4;
Paul Millsap;F;31:15;5;11;0;0;3;4;3;3;6;2;2;1;3;2;13;
Al Jefferson;C;39:03;7;18;0;0;2;2;4;7;11;1;1;2;5;2;16;
Randy Foye;G;30:02;4;9;4;8;0;0;0;3;3;3;0;0;2;3;12;
Mo Williams;G;31:49;4;10;1;4;4;4;0;0;0;6;1;0;3;2;13;
Derrick Favors;;9:19;0;1;0;0;0;0;0;2;2;0;0;1;2;1;0;
Gordon Hayward;;28:17;6;18;1;6;0;0;3;1;4;3;1;0;0;1;13;
Alec Burks;;14:27;1;5;1;3;0;0;1;1;2;0;1;1;1;3;3;
Jamaal Tinsley;;6:42;0;1;0;0;0;0;0;1;1;1;0;0;1;1;0;
Enes Kanter;;15:06;8;11;0;0;2;2;7;0;7;0;0;0;0;2;18;
Earl Watson;;13:00;1;3;0;1;0;0;0;0;0;8;1;0;1;1;2;
OKC
Kevin Durant;F;40:42;8;13;0;1;9;11;0;4;4;3;0;4;2;2;25;
Serge Ibaka;F;25:08;6;8;0;0;0;0;1;6;7;0;0;7;2;6;12;
Kendrick Perkins;C;31:43;6;9;0;0;0;2;5;1;6;5;1;3;1;2;12;
Thabo Sefolosha;G;26:55;3;6;0;1;0;0;0;3;3;2;1;0;0;0;6;
Russell Westbrook;G;39:06;6;18;3;5;8;10;3;10;13;8;7;0;8;3;23;
Kevin Martin;;30:27;7;12;1;2;4;5;1;2;3;2;1;0;2;2;19;
Nick Collison;;21:44;2;4;0;0;2;3;2;1;3;1;1;0;2;2;6;
Hasheem Thabeet;;14:48;1;4;0;0;1;2;4;2;6;0;0;0;3;2;3;
Eric Maynor;;8:54;0;1;0;0;0;0;0;2;2;0;0;0;1;0;0;
Perry Jones;;0:33;0;0;0;0;0;0;0;0;0;0;0;0;0;0;0;
