03-15;NOH-WAS;87-96;
30-26;20-24;14-24;23-22;
NOH
Al-Farouq Aminu;F;27:52;2;4;0;0;2;3;3;5;8;0;1;0;0;1;6;
Anthony Davis;F;16:24;4;8;0;0;8;8;2;5;7;0;0;0;1;5;16;
Robin Lopez;C;26:17;3;4;0;0;0;0;2;0;2;2;0;0;2;2;6;
Eric Gordon;G;30:38;8;17;2;4;2;3;0;2;2;0;1;0;3;1;20;
Greivis Vasquez;G;39:12;9;18;0;3;0;0;1;7;8;9;2;0;3;3;18;
Ryan Anderson;;35:31;6;18;1;10;0;0;2;3;5;1;1;0;1;3;13;
Lance Thomas;;16:00;1;1;0;0;1;3;0;2;2;0;0;0;0;2;3;
Roger Mason Jr.;;14:49;0;2;0;0;0;0;0;2;2;0;1;0;1;2;0;
Lou Amundson;;17:48;0;1;0;0;1;2;1;3;4;3;0;0;0;2;1;
Brian Roberts;;15:29;2;7;0;2;0;0;0;0;0;0;0;0;0;0;4;
WAS
Martell Webster;F;32:31;6;14;4;11;2;2;1;3;4;1;0;0;2;2;18;
Nene;F;23:23;2;9;0;0;5;6;1;1;2;1;1;2;1;3;9;
Emeka Okafor;C;27:37;1;4;0;0;2;4;0;2;2;2;1;1;2;1;4;
Garrett Temple;G;44:57;4;5;0;0;2;3;0;2;2;5;1;0;0;0;10;
John Wall;G;33:36;12;15;3;3;2;2;1;3;4;9;2;0;3;1;29;
Trevor Ariza;;22:15;2;10;0;4;0;0;0;8;8;4;0;0;0;0;4;
Trevor Booker;;27:27;1;3;0;0;0;0;5;8;13;0;0;1;1;5;2;
Kevin Seraphin;;17:33;4;6;0;0;2;2;0;1;1;0;0;3;2;2;10;
Cartier Martin;;10:41;4;6;2;2;0;0;1;2;3;1;0;0;1;4;10;
