03-11;DEN-PHX;108-93;
25-26;28-24;27-24;28-19;
DEN
Danilo Gallinari;F;29:33;1;8;0;2;3;3;0;5;5;2;1;0;1;0;5;
Kenneth Faried;F;20:15;4;9;0;0;2;2;3;6;9;1;0;1;2;1;10;
Kosta Koufos;C;26:16;10;11;0;0;2;3;4;6;10;1;1;1;1;3;22;
Andre Iguodala;G;29:36;2;6;0;2;2;3;0;3;3;7;3;0;1;1;6;
Ty Lawson;G;36:09;8;13;1;3;2;4;1;1;2;6;0;0;1;1;19;
Corey Brewer;;26:13;7;16;2;4;4;6;2;1;3;1;3;0;3;2;20;
Wilson Chandler;;26:35;5;7;0;1;1;2;1;5;6;1;3;0;3;0;11;
Andre Miller;;27:25;3;7;0;0;1;1;1;1;2;5;0;0;2;4;7;
JaVale McGee;;17:59;4;9;0;0;0;1;2;3;5;1;1;0;0;4;8;
PHX
Marcus Morris;F;23:58;6;13;1;2;3;6;0;4;4;3;2;1;1;4;16;
Markieff Morris;F;27:02;2;7;0;1;0;0;0;2;2;2;2;0;2;3;4;
Luis Scola;C;28:36;2;7;0;0;5;6;2;11;13;6;0;0;2;4;9;
Wesley Johnson;G;32:43;9;17;0;4;0;0;1;1;2;1;0;1;2;2;18;
Goran Dragic;G;35:49;3;9;1;3;1;1;1;0;1;7;4;0;2;1;8;
Hamed Haddadi;;18:33;4;7;0;0;5;5;3;5;8;1;1;2;3;4;13;
Jared Dudley;;20:31;4;9;3;5;1;2;2;0;2;2;1;0;2;0;12;
Kendall Marshall;;13:24;1;3;1;3;0;0;0;2;2;1;1;1;2;1;3;
PJ Tucker;;15:10;0;2;0;0;0;0;2;2;4;1;0;0;0;1;0;
Michael Beasley;;16:28;3;7;0;1;2;2;0;4;4;1;0;0;2;1;8;
Shannon Brown;;7:46;1;3;0;1;0;0;1;0;1;0;0;0;0;0;2;
