11-19;HOU-UTA;91-102;
26-29;18-32;26-24;21-17;
HOU
Chandler Parsons;F;34:17;3;11;2;6;3;4;1;9;10;5;0;0;2;0;11;
Patrick Patterson;F;20:53;8;14;1;1;2;2;1;0;1;0;0;2;2;3;19;
Omer Asik;C;28:34;0;5;0;0;2;6;3;4;7;0;0;2;3;3;2;
James Harden;G;17:29;1;6;1;2;3;3;0;2;2;3;0;1;2;2;6;
Jeremy Lin;G;32:32;5;15;0;2;3;3;3;3;6;3;0;0;3;2;13;
Terrence Jones;;29:47;4;12;0;1;4;4;4;4;8;0;0;0;0;0;12;
Marcus Morris;;30:10;3;8;1;3;5;5;0;4;4;2;2;1;0;5;12;
Toney Douglas;;15:28;2;7;1;3;0;0;0;2;2;4;1;0;2;1;5;
Cole Aldrich;;1:31;0;0;0;0;0;0;0;1;1;0;0;0;0;0;0;
Greg Smith;;15:15;2;3;0;0;2;4;3;5;8;0;0;3;0;3;6;
Daequan Cook;;14:04;2;5;1;3;0;0;0;0;0;1;1;0;0;3;5;
UTA
Paul Millsap;F;26:00;4;9;0;0;2;2;3;5;8;1;0;2;0;3;10;
Derrick Favors;F;23:12;2;7;0;0;4;4;3;5;8;0;1;2;1;5;8;
Al Jefferson;C;26:39;4;12;0;0;6;7;4;12;16;2;1;1;1;1;14;
Randy Foye;G;24:15;4;11;4;7;2;2;0;1;1;1;0;1;1;0;14;
Mo Williams;G;26:56;4;11;0;1;0;0;0;1;1;7;0;0;1;3;8;
Marvin Williams;;24:39;4;9;3;3;1;2;0;4;4;1;0;0;0;0;12;
Gordon Hayward;;18:38;5;12;1;5;4;5;0;2;2;1;0;1;2;3;15;
Enes Kanter;;21:21;3;5;0;0;0;0;2;6;8;3;0;3;4;2;6;
Jamaal Tinsley;;21:04;1;4;1;3;0;0;1;4;5;11;1;0;3;2;3;
DeMarre Carroll;;13:01;4;6;0;1;0;0;1;1;2;3;1;0;1;1;8;
Alec Burks;;5:07;0;2;0;0;0;0;0;0;0;0;0;0;0;1;0;
Jeremy Evans;;5:07;1;1;0;0;0;1;0;0;0;0;0;1;0;2;2;
Kevin Murphy;;4:01;1;3;0;1;0;0;0;0;0;0;0;0;0;0;2;
