02-24;CLE-MIA;105-109;
20-33;26-31;36-17;23-28;
CLE
Alonzo Gee;F;40:29;3;7;0;2;3;4;3;3;6;3;0;0;0;2;9;
Tristan Thompson;F;29:58;5;12;0;0;1;1;2;10;12;0;2;1;0;0;11;
Tyler Zeller;C;15:08;2;4;0;0;3;3;1;1;2;0;0;1;1;4;7;
Dion Waiters;G;31:18;11;17;1;2;3;5;1;1;2;3;0;0;2;0;26;
Kyrie Irving;G;36:15;6;16;2;6;3;3;1;1;2;5;1;1;0;3;17;
Marreese Speights;;18:12;5;7;0;0;1;2;1;2;3;0;0;0;2;2;11;
Shaun Livingston;;14:54;0;0;0;0;0;0;0;5;5;4;0;0;2;0;0;
Luke Walton;;17:52;0;0;0;0;0;0;0;1;1;1;1;1;3;4;0;
CJ Miles;;21:18;6;11;5;9;2;2;0;2;2;1;1;0;0;3;19;
Wayne Ellington;;14:36;1;4;0;1;3;4;0;0;0;1;2;0;1;1;5;
MIA
LeBron James;F;38:51;10;19;0;1;8;11;2;1;3;8;1;0;2;0;28;
Udonis Haslem;F;18:08;2;2;0;0;3;4;0;10;10;0;1;1;0;4;7;
Chris Bosh;C;32:11;3;7;1;1;0;0;2;3;5;3;0;4;1;1;7;
Dwyane Wade;G;38:25;11;22;0;0;2;3;0;5;5;6;1;2;1;3;24;
Mario Chalmers;G;34:57;4;6;4;5;4;4;0;3;3;4;2;0;3;3;16;
Ray Allen;;20:48;4;6;3;3;0;0;0;1;1;0;1;0;3;0;11;
Shane Battier;;23:46;4;7;4;7;2;2;0;1;1;0;2;1;0;3;14;
Chris Andersen;;14:56;0;1;0;0;0;0;2;2;4;0;0;0;1;1;0;
Norris Cole;;13:03;1;4;0;2;0;0;0;1;1;2;0;1;0;1;2;
Rashard Lewis;;4:55;0;1;0;0;0;0;0;1;1;0;0;0;0;1;0;
