01-28;SAC-WAS;96-94;
27-32;26-25;19-19;24-18;
SAC
John Salmons;F;12:00;0;4;0;2;0;0;0;0;0;0;0;0;0;1;0;
Jason Thompson;F;14:20;1;4;0;0;0;0;1;4;5;1;1;0;0;3;2;
DeMarcus Cousins;C;26:14;5;8;0;0;2;4;1;3;4;1;2;1;3;3;12;
Tyreke Evans;G;36:21;4;10;0;2;5;8;0;5;5;6;4;0;3;3;13;
Isaiah Thomas;G;32:02;9;16;1;4;3;7;0;4;4;7;0;0;1;0;22;
Thomas Robinson;;28:28;4;10;0;0;1;1;2;1;3;2;1;2;1;3;9;
Charles Hayes;;21:33;1;4;0;0;0;0;2;3;5;0;1;0;0;1;2;
Marcus Thornton;;23:51;4;12;3;7;0;0;0;4;4;2;1;0;1;1;11;
Francisco Garcia;;26:12;6;10;4;6;1;1;0;3;3;1;3;0;1;3;17;
Jimmer Fredette;;13:60;2;4;1;2;2;2;1;0;1;4;1;0;0;1;7;
James Johnson;;4:59;0;0;0;0;1;2;0;1;1;0;0;0;0;0;1;
WAS
Martell Webster;F;32:06;6;9;2;5;4;4;1;2;3;2;0;0;2;1;18;
Nene;F;30:21;2;8;0;0;0;0;2;5;7;2;1;1;6;3;4;
Emeka Okafor;C;33:09;9;13;0;0;5;6;4;11;15;3;1;0;1;4;23;
Bradley Beal;G;24:26;2;6;1;2;1;1;0;1;1;3;0;0;1;4;6;
John Wall;G;29:56;9;16;0;0;1;2;0;1;1;6;0;0;2;3;19;
A.J. Price;;18:09;1;5;0;1;0;0;0;4;4;1;0;0;3;1;2;
Kevin Seraphin;;24:22;5;9;0;0;2;4;2;5;7;0;1;0;1;2;12;
Jordan Crawford;;16:41;1;5;0;1;2;2;0;1;1;2;0;0;2;0;4;
Trevor Booker;;7:50;1;2;0;0;0;0;1;2;3;0;0;0;1;1;2;
Trevor Ariza;;22:47;1;4;0;2;2;2;0;3;3;1;1;1;1;0;4;
Garrett Temple;;0:13;0;0;0;0;0;0;0;0;0;0;0;0;0;0;0;
