11-18;CLE-PHI;79-86;
21-19;21-24;15-19;22-24;
CLE
Alonzo Gee;F;37:19;6;11;0;3;5;5;1;3;4;2;2;1;2;2;17;
Tristan Thompson;F;30:47;6;14;0;0;2;3;8;5;13;2;0;1;0;2;14;
Anderson Varejao;C;37:19;5;12;0;0;4;4;5;10;15;3;1;0;0;1;14;
Dion Waiters;G;30:55;2;13;1;6;0;0;0;0;0;0;1;0;3;0;5;
Kyrie Irving;G;37:18;4;14;0;2;1;1;0;4;4;4;1;0;5;3;9;
Tyler Zeller;;27:54;3;5;0;0;0;0;3;4;7;1;1;1;1;4;6;
CJ Miles;;14:02;1;8;1;4;0;0;1;1;2;1;0;0;1;1;3;
Omri Casspi;;12:53;1;3;1;2;2;2;0;2;2;0;0;1;1;1;5;
Jeremy Pargo;;11:33;2;4;2;3;0;0;0;1;1;1;0;0;2;2;6;
PHI
Evan Turner;F;39:37;8;12;1;2;2;2;0;6;6;9;1;1;2;1;19;
Thaddeus Young;F;36:50;3;9;0;0;1;2;0;6;6;0;1;0;1;3;7;
Kwame Brown;C;9:21;0;0;0;0;0;0;0;0;0;0;0;1;0;3;0;
Jason Richardson;G;33:37;5;14;2;6;0;0;2;7;9;3;2;1;2;1;12;
Jrue Holiday;G;37:01;6;14;2;4;0;0;1;3;4;9;1;0;2;1;14;
Spencer Hawes;;28:13;5;13;1;2;3;4;3;6;9;1;1;4;1;3;14;
Dorell Wright;;11:46;1;4;1;3;0;0;2;2;4;1;1;0;0;2;3;
Nick Young;;15:45;5;6;2;2;1;2;0;0;0;0;0;0;1;1;13;
Lavoy Allen;;21:36;0;5;0;0;2;2;1;2;3;3;0;2;2;0;2;
Royal Ivey;;6:14;1;3;0;1;0;0;0;0;0;1;1;0;0;0;2;
