01-13;MIN-SAS;88-106;
21-24;29-31;21-23;17-28;
MIN
Andrei Kirilenko;F;32:42;4;8;1;2;0;0;4;7;11;2;3;1;0;1;9;
Dante Cunningham;F;28:46;5;11;0;0;1;2;3;2;5;1;1;0;0;2;11;
Nikola Pekovic;C;28:47;6;12;0;0;2;2;1;3;4;0;0;2;2;0;14;
Alexey Shved;G;25:25;0;7;0;2;2;4;0;1;1;5;2;1;0;0;2;
Luke Ridnour;G;25:56;6;11;1;2;0;1;0;1;1;6;1;0;1;2;13;
Ricky Rubio;;22:04;0;6;0;1;4;4;0;0;0;2;3;0;2;0;4;
Derrick Williams;;24:20;3;9;1;3;1;2;2;2;4;0;0;0;0;1;8;
Jose Juan Barea;;19:44;4;11;1;5;6;6;0;2;2;6;0;0;5;0;15;
Greg Stiemsma;;19:13;4;6;0;0;2;2;1;2;3;0;0;1;2;2;10;
Lazar Hayward;;8:31;0;4;0;1;0;0;0;2;2;1;2;0;0;0;0;
Lou Amundson;;4:32;1;4;0;0;0;0;3;2;5;0;0;0;1;2;2;
SAS
Kawhi Leonard;F;29:31;4;5;1;2;0;0;0;4;4;0;1;0;1;0;9;
Tim Duncan;F;29:27;4;8;0;0;4;5;1;8;9;5;3;7;3;2;12;
Tiago Splitter;C;19:53;4;7;0;0;2;2;1;3;4;1;0;1;0;4;10;
Danny Green;G;20:43;0;4;0;4;0;0;1;3;4;2;1;2;2;2;0;
Tony Parker;G;28:46;10;15;0;1;0;0;0;1;1;6;0;0;3;0;20;
Manu Ginobili;;12:29;6;11;0;1;0;0;0;1;1;5;2;1;0;1;12;
Boris Diaw;;18:12;1;1;1;1;0;0;2;1;3;4;0;0;1;1;3;
Stephen Jackson;;28:29;3;6;2;4;1;2;0;7;7;2;1;1;3;1;9;
DeJuan Blair;;9:24;4;5;0;0;1;2;1;3;4;0;0;0;0;3;9;
Patty Mills;;19:14;2;8;1;5;0;0;1;3;4;4;1;1;2;3;5;
Gary Neal;;21:01;6;9;3;3;0;0;0;2;2;2;0;0;2;2;15;
Nando De Colo;;2:51;1;1;0;0;0;0;0;0;0;0;0;0;0;0;2;
