03-01;ATL-PHX;87-92;
19-21;20-23;22-28;26-20;
ATL
DeShawn Stevenson;F;12:08;2;3;1;1;0;0;0;1;1;0;0;0;2;1;5;
Josh Smith;F;39:23;2;11;0;5;1;4;1;9;10;5;0;1;5;3;5;
Al Horford;C;38:26;8;16;2;2;2;3;3;4;7;4;3;2;2;5;20;
Kyle Korver;G;35:43;6;10;3;6;2;2;1;7;8;2;1;2;0;1;17;
Jeff Teague;G;21:27;3;10;0;2;0;0;0;0;0;1;2;1;4;2;6;
Dahntay Jones;;7:04;0;1;0;0;0;0;0;0;0;0;0;0;0;1;0;
Devin Harris;;27:09;4;9;0;2;4;4;0;1;1;6;1;0;5;2;12;
John Jenkins;;9:46;0;2;0;1;1;2;0;2;2;0;0;0;0;0;1;
Anthony Tolliver;;20:51;3;5;2;4;3;3;0;4;4;1;0;0;0;1;11;
Zaza Pachulia;;24:42;2;2;0;0;4;4;2;6;8;2;2;0;2;2;8;
Ivan Johnson;;3:21;1;4;0;0;0;0;1;1;2;0;0;0;0;1;2;
PHX
PJ Tucker;F;10:58;1;2;0;0;0;0;1;1;2;0;0;0;0;0;2;
Luis Scola;F;19:13;3;9;0;0;0;0;2;6;8;3;0;0;1;2;6;
Marcin Gortat;C;20:30;1;6;0;0;0;0;0;2;2;0;0;0;1;2;2;
Jared Dudley;G;20:07;2;8;1;3;0;0;1;0;1;2;0;0;0;0;5;
Goran Dragic;G;29:08;8;15;2;6;1;2;1;1;2;6;3;1;4;2;19;
Wesley Johnson;;30:19;6;9;3;5;0;0;0;6;6;0;2;1;2;4;15;
Jermaine O'Neal;;27:30;4;8;0;0;4;4;1;4;5;2;1;0;3;1;12;
Markieff Morris;;28:47;4;11;0;2;3;4;1;5;6;1;0;0;1;3;11;
Michael Beasley;;7:45;0;1;0;0;0;0;0;0;0;0;0;0;1;1;0;
Kendall Marshall;;18:52;2;4;0;1;0;0;0;1;1;2;1;1;3;1;4;
Marcus Morris;;26:51;5;8;4;5;2;2;0;5;5;0;2;0;1;1;16;
