01-25;OKC-SAC;105-95;
27-30;31-21;28-16;19-28;
OKC
Kevin Durant;F;33:54;7;12;1;4;9;9;0;11;11;5;3;1;2;2;24;
Serge Ibaka;F;25:56;4;9;0;1;6;8;3;5;8;0;2;2;3;3;14;
Kendrick Perkins;C;24:19;1;3;0;0;0;0;0;4;4;3;0;0;1;3;2;
Thabo Sefolosha;G;18:30;5;8;0;3;0;1;2;2;4;0;2;0;0;0;10;
Russell Westbrook;G;31:39;7;18;1;4;3;4;0;4;4;14;1;0;4;3;18;
Kevin Martin;;33:47;9;16;4;10;2;2;0;3;3;1;2;0;5;2;24;
Nick Collison;;18:40;2;3;0;0;2;2;0;0;0;1;0;0;1;3;6;
DeAndre Liggins;;14:27;0;1;0;1;2;2;2;5;7;1;0;1;3;1;2;
Hasheem Thabeet;;15:53;0;0;0;0;1;2;0;2;2;0;0;2;1;2;1;
Reggie Jackson;;10:25;2;2;0;0;0;0;0;3;3;0;0;0;0;1;4;
Perry Jones;;6:34;0;2;0;0;0;0;1;0;1;0;0;0;0;0;0;
Eric Maynor;;5:56;0;2;0;0;0;0;0;0;0;2;0;0;0;0;0;
SAC
John Salmons;F;27:34;2;5;1;2;0;0;1;7;8;2;1;0;0;3;5;
Jason Thompson;F;33:06;5;11;0;0;4;8;1;4;5;0;0;0;3;3;14;
DeMarcus Cousins;C;32:00;6;16;0;0;2;3;3;5;8;2;3;0;7;3;14;
Tyreke Evans;G;31:50;6;11;1;1;3;4;0;4;4;3;1;0;1;2;16;
Isaiah Thomas;G;21:40;2;5;0;2;3;3;0;0;0;1;1;0;1;5;7;
Thomas Robinson;;17:20;2;5;0;0;0;0;0;4;4;1;0;1;1;2;4;
Jimmer Fredette;;17:54;2;8;2;3;0;0;2;1;3;1;0;0;1;1;6;
Marcus Thornton;;24:36;4;8;3;5;2;2;0;2;2;0;4;0;2;4;13;
James Johnson;;18:50;3;7;0;0;0;0;0;3;3;4;0;2;1;2;6;
Travis Outlaw;;15:10;4;10;1;2;1;1;1;1;2;1;1;0;1;2;10;
