02-25;ATL-DET;114-103;
27-24;34-27;27-19;26-33;
ATL
Kyle Korver;F;32:23;5;11;5;7;0;0;0;1;1;1;2;0;0;1;15;
Josh Smith;F;36:16;9;17;1;4;4;6;1;6;7;4;1;1;3;4;23;
Al Horford;C;39:36;10;13;1;1;2;3;7;15;22;3;2;2;5;3;23;
DeShawn Stevenson;G;27:13;2;4;1;3;2;2;0;1;1;2;1;0;0;1;7;
Jeff Teague;G;32:57;6;13;2;4;6;6;0;2;2;12;2;0;1;2;20;
John Jenkins;;17:21;1;5;0;4;4;4;0;2;2;2;0;0;2;0;6;
Ivan Johnson;;5:54;1;1;0;0;0;0;0;0;0;1;0;0;0;1;2;
Dahntay Jones;;19:03;1;4;0;2;0;0;0;0;0;2;1;1;1;1;2;
Devin Harris;;13:19;3;6;3;5;2;3;0;1;1;3;1;0;1;2;11;
Anthony Tolliver;;12:30;2;5;1;3;0;0;0;0;0;1;0;0;0;0;5;
Mike Scott;;1:44;0;0;0;0;0;0;0;1;1;0;0;0;0;0;0;
Johan Petro;;1:44;0;0;0;0;0;0;0;0;0;0;0;0;0;1;0;
DET
Kyle Singler;F;29:21;5;11;1;3;2;2;0;4;4;1;1;0;2;4;13;
Jason Maxiell;F;17:09;3;7;0;0;1;2;1;5;6;0;1;0;0;2;7;
Greg Monroe;C;31:26;5;9;0;0;5;8;3;5;8;5;2;1;2;0;15;
Rodney Stuckey;G;35:54;10;17;0;0;2;2;1;4;5;2;1;0;2;4;22;
Jose Calderon;G;32:56;3;11;1;5;0;0;0;5;5;9;0;0;4;2;7;
Jonas Jerebko;;23:48;9;12;1;3;2;2;3;3;6;3;1;0;1;2;21;
Khris Middleton;;23:01;2;6;0;1;0;0;0;2;2;2;0;0;2;1;4;
Kim English;;22:48;2;5;0;0;6;6;0;1;1;2;1;0;2;0;10;
Viacheslav Kravtsov;;16:34;1;2;0;0;0;0;0;2;2;1;1;0;1;1;2;
Charlie Villanueva;;7:03;1;4;0;2;0;0;2;0;2;0;0;0;1;2;2;
