12-06;NYK-MIA;112-92;
23-26;30-27;37-27;22-12;
NYK
Ronnie Brewer;F;27:11;0;3;0;1;0;0;0;1;1;2;1;2;0;1;0;
Kurt Thomas;F;11:10;2;2;0;0;0;0;3;4;7;1;0;0;0;1;4;
Tyson Chandler;C;31:27;4;7;0;0;5;8;1;8;9;0;1;1;2;2;13;
Raymond Felton;G;35:18;10;20;6;10;1;1;1;3;4;7;2;0;3;0;27;
Jason Kidd;G;31:36;4;12;3;8;0;0;1;1;2;4;2;0;1;4;11;
J.R. Smith;;22:37;4;15;3;8;2;4;0;6;6;4;1;0;1;4;13;
Steve Novak;;34:14;7;13;4;9;0;0;1;2;3;1;0;0;0;0;18;
Rasheed Wallace;;14:15;4;13;0;6;4;6;3;4;7;0;0;1;0;1;12;
James White;;16:39;3;3;1;1;0;0;0;1;1;0;0;0;0;4;7;
Pablo Prigioni;;13:15;3;3;1;1;0;0;1;5;6;1;2;0;0;2;7;
Chris Copeland;;2:18;0;0;0;0;0;0;0;0;0;0;0;0;0;0;0;
MIA
LeBron James;F;38:35;11;20;3;5;6;9;2;8;10;9;3;0;2;0;31;
Udonis Haslem;F;21:42;5;6;0;0;0;0;2;5;7;0;0;0;2;0;10;
Chris Bosh;C;29:34;3;12;0;0;6;6;1;5;6;1;1;2;1;3;12;
Dwyane Wade;G;31:43;3;13;1;2;6;6;0;3;3;1;0;0;4;1;13;
Mario Chalmers;G;16:57;2;5;0;2;3;4;0;2;2;1;0;0;1;4;7;
Ray Allen;;33:13;4;8;0;3;1;1;1;5;6;2;1;0;0;3;9;
Shane Battier;;8:52;0;0;0;0;0;0;0;1;1;1;0;0;0;4;0;
Mike Miller;;25:41;2;5;2;3;0;0;0;3;3;1;1;0;0;1;6;
Joel Anthony;;13:47;2;4;0;0;0;0;1;2;3;0;0;1;1;3;4;
Norris Cole;;15:21;0;3;0;1;0;2;0;1;1;1;1;1;2;2;0;
James Jones;;2:18;0;0;0;0;0;0;0;0;0;0;0;0;0;0;0;
Terrel Harris;;2:18;0;0;0;0;0;0;0;1;1;0;0;0;1;0;0;
