12-18;CHA-LAL;100-101;
25-27;33-26;26-24;16-24;
CHA
Michael Kidd-Gilchrist;F;23:54;3;4;0;0;1;2;1;2;3;1;0;1;2;2;7;
Byron Mullens;F;43:58;5;19;3;8;0;0;5;12;17;5;1;4;3;4;13;
Bismack Biyombo;C;32:48;3;7;0;0;2;6;7;4;11;1;0;2;0;5;8;
Gerald Henderson;G;37:54;6;16;3;4;4;4;3;6;9;4;0;0;1;5;19;
Kemba Walker;G;42:17;12;25;2;6;2;4;0;5;5;7;3;0;1;2;28;
Jeff Taylor;;11:04;0;3;0;1;0;0;2;0;2;0;0;0;0;1;0;
Ramon Sessions;;28:53;7;13;2;3;4;4;1;3;4;6;0;0;1;1;20;
Reggie Williams;;3:24;0;0;0;0;0;0;0;0;0;0;0;1;0;0;0;
Brendan Haywood;;8:14;0;1;0;0;1;2;1;1;2;0;1;0;0;3;1;
Ben Gordon;;7:35;2;7;0;2;0;0;1;0;1;0;0;0;2;0;4;
LAL
Devin Ebanks;F;4:49;1;4;0;0;0;0;1;0;1;0;0;0;1;1;2;
Pau Gasol;F;29:25;3;10;0;0;4;6;2;7;9;5;0;4;2;2;10;
Dwight Howard;C;35:05;5;10;0;0;6;8;9;9;18;1;1;4;5;5;16;
Kobe Bryant;G;43:17;11;24;2;5;6;7;0;6;6;7;1;1;2;1;30;
Chris Duhon;G;23:06;1;3;0;2;0;0;0;0;0;3;0;0;0;2;2;
Jodie Meeks;;39:03;5;13;5;12;2;2;0;3;3;2;0;0;0;2;17;
Metta World Peace;;36:21;6;18;2;10;3;4;2;5;7;0;4;1;0;4;17;
Darius Morris;;28:54;3;6;1;2;0;0;2;2;4;3;0;0;1;1;7;
