02-02;PHX-GSW;93-113;
29-26;23-22;22-33;19-32;
PHX
PJ Tucker;F;28:46;5;7;0;1;2;2;5;2;7;3;1;0;1;3;12;
Luis Scola;F;30:11;3;11;0;0;3;4;5;9;14;4;3;1;0;3;9;
Marcin Gortat;C;27:32;2;7;0;0;0;0;0;9;9;0;0;0;1;1;4;
Jared Dudley;G;27:03;5;9;2;3;4;4;1;2;3;1;0;0;1;3;16;
Goran Dragic;G;32:00;3;10;2;3;5;7;1;0;1;7;2;0;2;3;13;
Michael Beasley;;33:19;10;23;1;6;3;3;0;5;5;2;0;0;3;2;24;
Kendall Marshall;;19:12;1;1;0;0;0;0;0;0;0;3;1;0;2;0;2;
Shannon Brown;;18:26;2;6;0;0;1;4;1;3;4;2;0;0;1;1;5;
Markieff Morris;;14:48;3;7;0;1;0;0;1;2;3;0;0;0;1;4;6;
Wesley Johnson;;4:23;0;3;0;1;0;0;0;0;0;0;0;0;0;1;0;
Luke Zeller;;2:10;0;1;0;0;0;0;0;0;0;0;0;0;0;0;0;
Diante Garrett;;2:10;1;1;0;0;0;0;1;1;2;0;0;0;0;0;2;
GSW
Harrison Barnes;F;32:13;9;11;0;0;3;4;1;7;8;1;0;0;2;2;21;
David Lee;F;37:02;6;16;0;0;4;5;4;8;12;7;1;0;5;2;16;
Andrew Bogut;C;24:40;5;9;0;0;1;4;5;2;7;2;0;3;0;3;11;
Klay Thompson;G;34:50;6;14;2;5;3;3;0;7;7;7;1;0;0;3;17;
Stephen Curry;G;42:25;11;20;6;10;1;1;0;2;2;8;2;0;2;3;29;
Andris Biedrins;;3:34;0;0;0;0;0;0;1;0;1;0;0;0;1;3;0;
Draymond Green;;11:33;0;3;0;1;0;0;1;1;2;1;1;0;1;2;0;
Jarrett Jack;;20:43;3;9;0;2;0;0;0;1;1;7;0;0;1;0;6;
Carl Landry;;17:43;3;3;0;0;2;3;1;3;4;0;0;0;0;3;8;
Richard Jefferson;;6:33;1;1;0;0;0;0;1;2;3;0;0;0;0;1;2;
Festus Ezeli;;4:09;0;1;0;0;0;0;0;0;0;1;0;0;1;1;0;
Kent Bazemore;;2:26;1;2;1;1;0;0;0;0;0;0;0;0;0;1;3;
Charles Jenkins;;2:10;0;0;0;0;0;0;0;0;0;0;0;0;0;0;0;
