12-05;DEN-ATL;104-108;
26-27;25-28;27-30;26-23;
DEN
Danilo Gallinari;F;33:46;3;10;0;2;10;10;1;4;5;4;0;0;1;0;16;
Kenneth Faried;F;26:00;2;8;0;0;1;2;3;5;8;0;2;1;2;4;5;
Timofey Mozgov;C;27:46;3;5;0;0;0;0;7;6;13;1;0;1;0;5;6;
Andre Iguodala;G;38:27;2;10;1;4;0;1;0;4;4;4;1;0;7;1;5;
Ty Lawson;G;37:11;12;16;5;5;3;4;0;1;1;7;5;0;4;4;32;
Corey Brewer;;24:50;8;15;1;5;2;3;0;3;3;1;1;0;0;3;19;
JaVale McGee;;23:35;5;8;0;0;1;1;0;3;3;0;0;2;1;2;11;
Andre Miller;;17:54;2;5;0;0;4;4;0;1;1;7;0;0;3;3;8;
Jordan Hamilton;;4:16;0;1;0;1;0;0;0;1;1;0;0;0;0;0;0;
Anthony Randolph;;6:15;1;1;0;0;0;0;0;1;1;0;1;0;2;3;2;
ATL
DeShawn Stevenson;F;33:07;3;6;3;5;0;0;0;3;3;0;1;1;1;2;9;
Josh Smith;F;30:02;6;15;0;1;4;6;5;8;13;2;1;1;2;2;16;
Al Horford;C;41:49;12;20;0;1;1;1;6;6;12;4;4;1;3;5;25;
Devin Harris;G;31:26;5;6;2;3;0;0;0;3;3;5;3;0;3;2;12;
Jeff Teague;G;28:58;4;16;1;4;0;0;0;1;1;4;1;0;2;3;9;
Lou Williams;;29:41;4;13;2;6;6;6;0;1;1;6;2;1;2;2;16;
Zaza Pachulia;;22:52;3;7;0;0;5;6;4;3;7;2;0;1;1;2;11;
Anthony Morrow;;6:30;2;6;0;2;0;0;2;1;3;0;0;0;0;0;4;
Ivan Johnson;;15:35;3;6;0;0;0;0;2;2;4;1;1;0;0;1;6;
