02-01;NOH-DEN;98-113;
26-26;22-25;30-34;20-28;
NOH
Al-Farouq Aminu;F;13:18;1;1;0;0;1;1;0;5;5;1;0;0;2;0;3;
Anthony Davis;F;32:46;6;12;0;0;1;3;2;8;10;2;0;3;2;3;13;
Robin Lopez;C;14:31;5;6;0;0;3;3;0;2;2;1;0;2;0;2;13;
Eric Gordon;G;24:51;3;8;0;0;3;4;0;2;2;2;0;0;5;0;9;
Greivis Vasquez;G;33:19;5;10;1;4;2;2;0;3;3;9;0;0;3;3;13;
Jason Smith;;12:31;3;5;0;0;2;2;1;1;2;0;0;1;1;1;8;
Ryan Anderson;;36:14;7;15;3;7;4;4;1;1;2;0;1;1;3;0;21;
Xavier Henry;;24:18;3;4;0;0;0;0;0;3;3;0;0;0;1;5;6;
Darius Miller;;25:53;1;4;0;1;1;1;0;3;3;2;3;1;0;2;3;
Austin Rivers;;18:13;4;6;0;0;0;0;1;2;3;2;0;0;4;4;8;
Roger Mason Jr.;;4:06;0;1;0;1;1;1;0;1;1;0;0;0;0;0;1;
DEN
Danilo Gallinari;F;36:38;8;18;2;7;0;0;1;6;7;5;2;0;1;2;18;
Kenneth Faried;F;28:53;6;10;0;0;1;2;2;7;9;0;1;2;0;3;13;
Kosta Koufos;C;21:47;2;4;0;0;0;0;2;3;5;0;0;2;0;4;4;
Andre Iguodala;G;37:35;10;14;2;5;2;3;2;4;6;4;3;1;2;2;24;
Ty Lawson;G;36:16;6;14;1;3;8;8;0;0;0;13;2;0;0;2;21;
Wilson Chandler;;20:42;1;5;0;2;7;8;0;1;1;0;1;0;0;3;9;
Corey Brewer;;23:37;8;12;1;4;0;1;0;1;1;1;3;0;2;2;17;
Timofey Mozgov;;11:05;0;0;0;0;0;0;0;1;1;0;0;0;2;2;0;
Andre Miller;;23:27;3;7;1;1;0;0;0;2;2;6;2;1;1;0;7;
