02-26;CHA-LAC;84-106;
30-24;15-30;18-28;21-24;
CHA
Michael Kidd-Gilchrist;F;21:53;0;2;0;0;0;0;0;1;1;2;0;1;1;0;0;
Byron Mullens;F;26:35;6;13;1;4;0;0;2;6;8;1;0;0;5;4;13;
Bismack Biyombo;C;29:09;1;4;0;0;0;0;0;6;6;0;0;0;1;5;2;
Gerald Henderson;G;35:15;12;19;0;2;0;0;0;2;2;3;3;0;2;3;24;
Kemba Walker;G;34:26;5;15;3;5;2;2;1;4;5;5;4;0;3;0;15;
Ramon Sessions;;26:07;3;7;0;0;5;6;0;0;0;3;0;0;2;1;11;
Brendan Haywood;;17:41;0;3;0;0;0;0;0;4;4;0;0;2;0;4;0;
Jeff Adrien;;15:51;1;7;0;0;0;0;2;2;4;0;1;0;1;1;2;
Jeff Taylor;;22:19;2;7;0;3;3;4;1;2;3;0;1;1;1;0;7;
Josh McRoberts;;6:44;3;3;2;2;2;2;1;2;3;0;0;0;0;2;10;
Reggie Williams;;4:00;0;1;0;0;0;0;0;1;1;3;0;0;0;1;0;
LAC
Caron Butler;F;26:39;6;11;4;6;0;0;0;7;7;1;1;0;2;2;16;
Blake Griffin;F;31:11;11;14;0;0;2;4;2;5;7;6;0;1;2;2;24;
DeAndre Jordan;C;23:17;6;6;0;0;1;6;1;3;4;0;0;4;0;0;13;
Chauncey Billups;G;24:37;1;6;1;2;0;0;0;2;2;5;2;0;1;1;3;
Chris Paul;G;31:32;3;7;1;2;0;0;1;3;4;13;2;1;5;1;7;
Matt Barnes;;33:32;6;10;3;6;2;2;0;1;1;7;4;1;1;4;17;
Lamar Odom;;20:43;2;5;2;3;0;0;2;5;7;2;0;3;2;2;6;
Grant Hill;;21:21;3;8;0;1;1;2;0;2;2;0;1;0;1;4;7;
Ronny Turiaf;;16:49;1;5;0;0;1;6;2;5;7;0;1;0;0;1;3;
Willie Green;;6:19;2;4;1;2;1;2;0;1;1;0;0;0;0;0;6;
Ryan Hollins;;4:00;0;0;0;0;4;4;1;0;1;0;0;0;1;0;4;
