01-16;BKN-ATL;95-109;
20-27;20-29;29-32;26-21;
BKN
Keith Bogans;F;17:05;0;6;0;6;0;0;0;0;0;0;0;0;1;1;0;
Reggie Evans;F;21:39;2;3;0;0;4;4;2;3;5;0;1;0;3;3;8;
Brook Lopez;C;29:15;10;14;0;0;2;2;6;3;9;0;0;1;1;1;22;
Joe Johnson;G;41:19;4;15;0;4;7;7;0;2;2;2;1;0;0;2;15;
Deron Williams;G;35:03;5;18;2;9;0;0;2;3;5;9;0;0;1;5;12;
Kris Humphries;;17:59;4;8;0;0;2;2;5;2;7;0;1;0;1;3;10;
Gerald Wallace;;15:12;1;2;0;0;2;2;0;2;2;0;1;0;2;0;4;
MarShon Brooks;;9:45;2;3;0;0;0;0;1;0;1;0;0;0;1;1;4;
Andray Blatche;;20:34;6;7;0;0;0;0;1;3;4;2;2;1;1;2;12;
CJ Watson;;21:22;1;5;1;3;0;0;0;1;1;2;3;0;2;1;3;
Jerry Stackhouse;;3:43;0;1;0;1;0;0;1;0;1;2;0;0;0;0;0;
Mirza Teletovic;;6:33;1;4;1;3;0;0;0;0;0;0;0;0;0;0;3;
Tyshawn Taylor;;0:31;1;1;0;0;0;0;0;0;0;0;0;0;0;0;2;
ATL
Kyle Korver;F;26:38;5;10;1;4;0;0;0;4;4;2;1;1;1;3;11;
Al Horford;F;36:25;7;12;0;0;3;4;6;7;13;2;2;1;3;3;17;
Zaza Pachulia;C;39:02;5;8;0;0;3;6;6;5;11;8;1;0;2;3;13;
Devin Harris;G;35:12;6;11;2;6;4;5;0;4;4;5;4;0;3;1;18;
Jeff Teague;G;36:56;12;18;3;5;1;2;0;4;4;11;0;0;2;2;28;
Lou Williams;;24:04;5;8;1;3;0;0;1;0;1;4;0;0;3;1;11;
Ivan Johnson;;20:25;4;8;0;0;0;0;2;1;3;1;0;0;2;2;8;
DeShawn Stevenson;;21:18;1;3;1;3;0;0;1;0;1;0;0;0;0;3;3;
