01-30;NOH-UTA;99-104;
29-19;18-32;28-27;24-26;
NOH
Al-Farouq Aminu;F;29:14;1;4;0;1;1;2;2;11;13;0;1;0;0;2;3;
Anthony Davis;F;21:42;7;9;0;0;0;0;1;6;7;1;0;2;1;5;14;
Robin Lopez;C;38:11;6;12;0;0;3;6;4;5;9;1;1;4;1;5;15;
Roger Mason Jr.;G;30:53;3;8;3;6;0;0;0;0;0;3;1;1;1;5;9;
Greivis Vasquez;G;38:42;8;21;0;4;1;2;0;3;3;13;1;0;4;0;17;
Ryan Anderson;;26:18;5;11;3;6;3;5;1;5;6;1;0;0;2;6;16;
Austin Rivers;;5:13;0;0;0;0;0;0;0;0;0;0;0;0;1;2;0;
Brian Roberts;;15:07;1;3;1;2;4;4;0;0;0;2;0;0;0;1;7;
Lance Thomas;;3:35;0;1;0;0;2;2;0;0;0;0;0;0;1;2;2;
Jason Smith;;11:27;4;6;0;1;2;3;2;2;4;0;1;0;0;2;10;
Xavier Henry;;13:25;1;2;0;1;1;4;0;1;1;0;0;0;1;1;3;
Darius Miller;;6:13;1;1;1;1;0;0;0;0;0;1;0;0;0;1;3;
UTA
Marvin Williams;F;36:22;2;10;1;4;6;6;0;7;7;1;2;1;3;2;11;
Paul Millsap;F;34:02;7;12;0;0;11;16;2;8;10;1;0;2;2;2;25;
Al Jefferson;C;34:28;10;18;0;0;2;4;3;2;5;2;0;1;0;1;22;
Randy Foye;G;35:18;4;10;2;6;4;7;0;0;0;8;1;0;4;1;14;
Jamaal Tinsley;G;17:05;1;1;0;0;0;0;0;1;1;2;1;0;0;3;2;
Earl Watson;;27:22;0;2;0;0;1;2;1;5;6;5;0;0;0;4;1;
Derrick Favors;;22:43;6;9;0;0;3;5;1;5;6;1;0;1;1;4;15;
DeMarre Carroll;;11:38;2;3;0;0;0;0;0;3;3;1;1;0;2;5;4;
Enes Kanter;;4:47;1;1;0;0;0;0;0;2;2;1;0;0;1;1;2;
Alec Burks;;16:15;1;2;1;2;5;6;0;0;0;2;1;0;0;1;8;
