01-27;MIA-BOS;98-100;
26-22;19-23;23-19;19-23;6-6;5-7;
MIA
LeBron James;F;46:56;13;27;3;6;2;4;4;10;14;6;2;1;3;3;31;
Udonis Haslem;F;14:56;1;2;0;0;0;0;3;3;6;1;1;0;0;1;2;
Chris Bosh;C;41:16;6;11;0;1;2;2;5;10;15;0;0;1;5;4;14;
Dwyane Wade;G;41:33;6;18;0;4;5;6;1;0;1;6;2;1;5;2;17;
Mario Chalmers;G;22:09;0;3;0;1;0;0;0;1;1;2;0;0;3;4;0;
Ray Allen;;33:08;7;15;2;6;5;7;0;5;5;0;0;1;1;1;21;
Shane Battier;;30:59;1;2;0;1;0;0;2;0;2;2;0;2;1;4;2;
Joel Anthony;;11:44;0;0;0;0;0;0;0;1;1;0;0;0;0;2;0;
Norris Cole;;13:05;3;6;0;0;0;0;1;1;2;0;0;0;1;0;6;
Rashard Lewis;;9:14;0;2;0;1;0;0;0;0;0;0;0;0;0;1;0;
BOS
Paul Pierce;F;43:49;5;15;1;3;3;4;0;9;9;10;1;1;5;2;14;
Jared Sullinger;F;22:14;3;5;0;1;1;2;0;4;4;2;3;0;1;1;7;
Kevin Garnett;C;39:42;10;17;0;1;4;5;3;7;10;4;2;3;1;2;24;
Avery Bradley;G;27:22;3;8;1;2;2;2;2;2;4;0;2;0;1;2;9;
Courtney Lee;G;25:29;1;7;0;2;2;2;0;0;0;2;1;1;0;1;4;
Brandon Bass;;13:54;1;5;0;0;4;4;2;2;4;1;0;1;0;1;6;
Jason Terry;;27:37;3;10;1;6;2;2;0;2;2;1;1;0;1;3;9;
Jeff Green;;36:50;4;8;1;3;2;2;0;3;3;0;0;1;3;3;11;
Chris Wilcox;;2:31;0;0;0;0;0;0;0;1;1;0;0;0;0;0;0;
Leandro Barbosa;;25:32;4;7;1;1;0;0;1;2;3;4;1;0;1;3;9;
