03-10;DAL-MIN;100-77;
21-20;35-24;22-17;22-16;
DAL
Jae Crowder;F;24:48;2;5;1;3;2;2;0;1;1;3;1;1;1;2;7;
Dirk Nowitzki;F;28:16;7;13;2;4;0;0;0;9;9;0;1;0;4;1;16;
Chris Kaman;C;16:08;4;10;0;0;0;0;5;2;7;0;1;2;0;2;8;
O.J. Mayo;G;34:21;4;9;0;3;0;0;0;8;8;7;0;0;2;2;8;
Mike James;G;22:31;1;6;1;4;0;0;0;0;0;3;0;0;0;4;3;
Darren Collison;;30:58;3;9;0;0;3;4;0;4;4;8;1;0;3;1;9;
Vince Carter;;25:06;8;15;4;5;2;2;2;7;9;3;2;0;0;0;22;
Brandan Wright;;27:25;6;7;0;0;1;2;2;5;7;0;0;1;0;0;13;
Elton Brand;;21:38;5;10;0;0;0;0;4;8;12;3;1;1;2;2;10;
Rodrigue Beaubois;;3:54;1;2;0;1;0;0;1;0;1;0;0;0;0;1;2;
Bernard James;;2:28;0;2;0;0;0;0;1;0;1;0;0;0;0;0;0;
Anthony Morrow;;2:28;1;4;0;1;0;0;0;0;0;0;0;0;0;0;2;
MIN
Mickael Gelabale;F;27:54;6;10;0;2;1;1;0;3;3;2;1;1;0;5;13;
Derrick Williams;F;37:03;7;17;0;2;4;5;1;8;9;3;0;0;2;2;18;
Greg Stiemsma;C;30:50;5;10;0;0;0;0;1;6;7;0;2;0;1;2;10;
Luke Ridnour;G;30:45;3;9;1;3;0;0;1;4;5;5;1;0;0;2;7;
Ricky Rubio;G;31:23;3;12;1;4;0;0;3;2;5;5;2;0;2;2;7;
Jose Juan Barea;;32:06;6;15;0;3;4;4;0;4;4;4;0;0;0;2;16;
Alexey Shved;;19:12;0;7;0;4;0;0;0;2;2;1;0;0;3;2;0;
Dante Cunningham;;20:05;1;5;0;0;0;0;1;3;4;1;0;0;1;1;2;
Chris Johnson;;10:43;1;3;0;0;2;4;1;0;1;0;0;3;0;0;4;
