12-01;BKN-MIA;89-102;
24-16;35-34;19-32;11-20;
BKN
Gerald Wallace;F;37:40;5;11;1;6;2;4;1;8;9;2;1;0;4;4;13;
Kris Humphries;F;23:17;4;8;0;0;3;4;2;5;7;1;1;2;0;2;11;
Andray Blatche;C;33:39;8;12;0;0;4;7;4;4;8;0;1;0;1;1;20;
Joe Johnson;G;34:28;5;14;2;9;0;2;0;1;1;3;0;0;4;3;12;
Deron Williams;G;39:11;3;11;1;4;3;5;0;1;1;12;2;0;4;2;10;
Keith Bogans;;14:12;0;1;0;1;0;0;0;1;1;2;0;0;2;2;0;
Jerry Stackhouse;;23:59;5;11;0;4;1;1;1;2;3;0;1;1;2;1;11;
Reggie Evans;;14:11;1;1;0;0;0;0;1;4;5;0;0;1;1;3;2;
CJ Watson;;15:21;2;5;2;4;4;4;0;3;3;0;0;0;0;3;10;
Josh Childress;;1:37;0;1;0;0;0;0;0;0;0;0;0;0;0;0;0;
Tyshawn Taylor;;1:25;0;0;0;0;0;0;0;0;0;0;0;0;0;0;0;
Mirza Teletovic;;1:00;0;0;0;0;0;0;0;0;0;0;0;0;0;0;0;
MIA
LeBron James;F;36:57;8;15;1;2;4;6;1;8;9;6;1;0;2;3;21;
Rashard Lewis;F;14:07;1;4;0;3;0;0;0;1;1;0;0;0;0;1;2;
Chris Bosh;C;30:09;2;7;0;0;4;4;0;2;2;1;0;3;3;2;8;
Dwyane Wade;G;34:13;14;20;1;3;5;6;1;0;1;7;1;0;0;1;34;
Mario Chalmers;G;17:55;3;8;1;4;0;0;1;5;6;1;3;0;3;2;7;
Ray Allen;;26:54;5;7;2;3;1;1;0;4;4;2;1;0;1;4;13;
Udonis Haslem;;21:46;0;2;0;0;0;0;3;4;7;1;1;0;1;6;0;
Mike Miller;;20:02;1;3;1;3;0;0;1;2;3;1;2;0;0;0;3;
Norris Cole;;29:53;5;10;1;1;1;2;1;1;2;1;3;0;0;4;12;
Joel Anthony;;5:04;1;1;0;0;0;0;0;0;0;0;0;0;0;2;2;
Dexter Pittman;;1:00;0;0;0;0;0;0;0;0;0;0;0;0;0;0;0;
James Jones;;1:00;0;1;0;1;0;0;0;0;0;0;0;0;0;0;0;
Terrel Harris;;1:00;0;0;0;0;0;0;0;0;0;0;0;0;0;0;0;
