01-11;CHI-NYK;108-101;
29-18;28-18;25-24;26-41;
CHI
Carlos Boozer;F;35:24;6;14;0;0;5;6;0;6;6;2;0;0;3;1;17;
Luol Deng;F;42:17;13;18;3;5;4;4;0;5;5;4;1;1;5;3;null;
Joakim Noah;C;29:07;2;2;0;0;5;6;2;6;8;4;2;4;3;6;9;
Richard Hamilton;G;19:38;6;9;0;0;2;2;0;3;3;1;0;0;1;2;14;
Kirk Hinrich;G;37:40;1;5;0;3;4;4;0;4;4;7;3;1;2;3;6;
Taj Gibson;;21:30;6;7;0;0;0;4;1;2;3;2;1;0;2;4;12;
Marco Belinelli;;28:22;3;6;1;2;5;8;0;3;3;5;1;0;2;3;12;
Nate Robinson;;10:20;2;4;1;1;0;0;1;2;3;0;0;0;0;0;5;
Nazr Mohammed;;3:36;0;0;0;0;0;0;0;1;1;0;0;0;0;1;0;
Jimmy Butler;;12:06;0;3;0;0;0;0;2;1;3;1;0;0;0;0;0;
NYK
Carmelo Anthony;F;45:25;14;32;4;9;7;9;2;6;8;5;1;1;3;3;39;
Kurt Thomas;F;9:02;3;4;0;0;0;0;1;1;2;0;2;0;0;0;6;
Tyson Chandler;C;38:24;3;8;0;0;3;6;8;10;18;2;1;1;2;3;9;
Jason Kidd;G;19:51;0;6;0;1;0;0;3;1;4;0;0;0;1;1;0;
James White;G;16:54;4;7;2;2;1;2;1;1;2;1;3;0;0;2;11;
J.R. Smith;;38:51;4;17;1;3;4;4;3;0;3;1;0;1;1;6;null;
Amar'e Stoudemire;;18:35;2;4;0;0;1;2;0;1;1;0;0;0;0;5;5;
Pablo Prigioni;;30:29;5;7;2;3;0;0;0;1;1;8;3;0;5;6;12;
Steve Novak;;16:55;2;3;2;3;0;0;0;2;2;0;1;0;0;2;6;
Chris Copeland;;5:34;0;2;0;1;0;0;0;0;0;0;0;0;0;0;0;
