03-15;MIA-MIL;107-94;
26-27;25-15;33-26;23-26;
MIA
LeBron James;F;38:14;12;24;0;2;4;5;1;9;10;7;0;1;2;1;28;
Udonis Haslem;F;21:42;0;1;0;0;0;0;1;5;6;1;0;0;0;2;0;
Chris Bosh;C;35:43;12;16;2;3;2;3;2;5;7;0;1;2;2;0;28;
Dwyane Wade;G;33:17;8;17;0;0;4;5;3;4;7;9;2;1;2;0;20;
Mario Chalmers;G;26:31;2;6;1;4;2;2;0;3;3;3;2;0;2;3;7;
Ray Allen;;27:07;2;7;1;3;2;2;0;1;1;2;0;0;0;0;7;
Chris Andersen;;16:15;1;1;0;0;3;3;0;5;5;1;0;1;2;5;5;
Shane Battier;;22:20;3;4;2;2;1;2;1;0;1;0;1;0;0;2;9;
Norris Cole;;13:18;1;3;1;1;0;0;0;0;0;0;1;0;1;0;3;
Mike Miller;;5:33;0;0;0;0;0;0;0;1;1;1;0;0;0;0;0;
MIL
Marquis Daniels;F;26:35;6;11;1;3;1;2;1;2;3;3;2;0;1;4;14;
Ersan Ilyasova;F;41:16;10;20;1;3;5;5;7;10;17;0;0;0;2;2;26;
Larry Sanders;C;28:13;2;9;0;0;2;2;4;6;10;1;1;1;0;3;6;
Monta Ellis;G;34:00;3;11;1;3;0;0;0;3;3;7;2;0;2;0;7;
Brandon Jennings;G;40:34;6;15;3;7;6;7;2;3;5;6;0;1;4;0;21;
Ekpe Udoh;;18:29;1;6;0;0;2;2;2;1;3;0;0;1;0;3;4;
JJ Redick;;25:39;4;11;3;7;3;3;0;0;0;1;0;0;0;2;14;
Mike Dunleavy;;15:54;0;2;0;2;0;0;0;3;3;0;0;1;0;0;0;
John Henson;;8:02;1;3;0;0;0;0;3;1;4;0;1;0;1;2;2;
Ish Smith;;1:18;0;1;0;0;0;0;0;0;0;0;0;0;0;0;0;
