11-30;IND-SAC;97-92;
20-17;23-23;29-27;25-25;
IND
Paul George;F;32:29;2;11;0;6;0;1;0;4;4;9;2;0;1;2;4;
David West;F;37:52;13;20;0;0;5;7;3;8;11;2;0;2;3;2;31;
Roy Hibbert;C;28:40;3;9;0;0;2;2;3;3;6;1;0;2;1;5;8;
George Hill;G;34:35;9;14;4;6;3;4;0;6;6;8;1;0;0;3;25;
Lance Stephenson;G;25:22;0;3;0;3;0;0;0;2;2;0;0;0;2;0;0;
Gerald Green;;12:47;1;5;1;3;2;2;1;1;2;0;0;0;2;1;5;
Tyler Hansbrough;;10:10;2;3;0;0;0;1;0;0;0;0;0;0;0;3;4;
Ian Mahinmi;;19:19;0;2;0;0;0;0;2;3;5;0;0;2;0;1;0;
Sam Young;;25:21;5;11;2;3;0;0;1;4;5;4;1;0;0;1;12;
D.J. Augustin;;13:27;2;7;2;5;2;2;0;0;0;3;3;0;0;1;8;
SAC
John Salmons;F;27:48;2;4;0;2;5;6;0;5;5;3;0;0;0;0;9;
Jason Thompson;F;22:23;1;3;0;0;1;1;0;3;3;1;0;1;0;4;3;
DeMarcus Cousins;C;32:27;5;17;0;0;9;10;5;11;16;1;2;0;2;1;19;
Marcus Thornton;G;32:39;5;11;2;6;3;3;0;3;3;0;0;0;2;2;15;
Aaron Brooks;G;30:24;4;8;1;2;0;0;0;2;2;1;1;0;3;6;9;
Thomas Robinson;;25:07;2;8;0;0;3;4;2;5;7;2;0;3;3;2;7;
Jimmer Fredette;;17:42;5;10;1;3;1;1;0;0;0;3;0;0;1;1;12;
Charles Hayes;;16:00;1;3;0;0;0;0;1;1;2;3;1;0;0;0;2;
Francisco Garcia;;15:21;5;7;2;4;0;0;0;0;0;0;0;0;1;3;12;
James Johnson;;20:09;2;4;0;0;0;0;0;4;4;1;2;0;0;0;4;
Isaiah Thomas;;0:02;0;0;0;0;0;0;0;0;0;0;0;0;0;0;0;
