11-23;SAC-UTA;102-104;
32-28;21-24;27-21;22-31;
SAC
John Salmons;F;30:28;2;5;0;2;0;0;1;4;5;2;0;0;1;2;4;
Jason Thompson;F;32:55;5;9;0;0;1;1;1;2;3;0;0;0;1;3;11;
DeMarcus Cousins;C;33:26;5;11;0;0;4;6;1;6;7;4;0;2;4;4;14;
Tyreke Evans;G;30:37;7;17;1;3;4;4;1;3;4;5;2;0;1;4;19;
Aaron Brooks;G;31:47;7;9;3;4;0;0;1;1;2;3;0;0;1;0;17;
Marcus Thornton;;20:16;7;13;3;4;1;1;1;1;2;2;0;0;0;2;18;
James Johnson;;14:43;1;3;0;0;0;0;0;2;2;0;0;0;1;1;2;
Charles Hayes;;15:30;1;1;0;0;1;2;0;3;3;4;2;0;1;4;3;
Jimmer Fredette;;16:55;3;7;3;4;1;2;0;0;0;1;0;1;2;0;10;
Thomas Robinson;;13:23;2;5;0;0;0;0;0;3;3;0;1;0;1;3;4;
UTA
Marvin Williams;F;33:30;6;12;1;5;7;7;1;3;4;2;0;0;0;1;20;
Paul Millsap;F;19:42;4;9;0;0;2;3;1;0;1;1;0;0;2;3;10;
Al Jefferson;C;33:36;8;14;0;0;3;4;3;5;8;2;1;1;0;4;19;
Randy Foye;G;19:12;3;6;2;5;0;0;0;1;1;3;1;1;2;4;8;
Mo Williams;G;7:35;0;1;0;0;1;1;0;0;0;3;0;0;0;0;1;
Jamaal Tinsley;;30:52;0;3;0;2;2;2;2;4;6;12;2;0;1;2;2;
Gordon Hayward;;29:34;7;16;0;2;9;9;0;3;3;2;1;1;4;2;23;
Derrick Favors;;28:18;7;15;0;0;2;3;9;5;14;0;2;2;0;2;16;
Enes Kanter;;13:38;0;3;0;0;1;2;0;2;2;0;0;0;2;2;1;
DeMarre Carroll;;14:30;1;2;0;0;2;2;1;1;2;0;0;1;0;0;4;
Earl Watson;;9:33;0;2;0;1;0;0;0;2;2;2;0;0;0;2;0;
