02-24;GSW-MIN;100-99;
18-32;34-23;24-26;24-18;
GSW
Harrison Barnes;F;22:07;3;5;0;1;1;2;1;1;2;0;0;0;0;2;7;
David Lee;F;40:34;8;15;0;0;6;6;5;8;13;3;1;1;5;3;22;
Andris Biedrins;C;12:28;0;0;0;0;0;0;0;1;1;1;0;2;0;3;0;
Klay Thompson;G;33:44;4;13;1;3;1;2;1;2;3;0;2;0;2;6;10;
Stephen Curry;G;33:34;6;15;1;5;5;5;1;4;5;5;5;0;6;5;18;
Festus Ezeli;;6:41;0;2;0;0;0;0;1;0;1;1;0;1;1;1;0;
Jarrett Jack;;35:31;8;19;5;7;2;2;1;4;5;8;1;0;2;2;23;
Draymond Green;;11:00;0;3;0;1;0;0;2;4;6;0;0;0;1;1;0;
Carl Landry;;32:50;8;9;0;0;3;4;2;7;9;0;1;0;3;2;19;
Richard Jefferson;;9:06;0;0;0;0;0;0;0;3;3;0;1;0;2;2;0;
Kent Bazemore;;2:25;0;0;0;0;1;2;0;0;0;0;0;0;0;1;1;
MIN
Andrei Kirilenko;F;40:40;5;10;0;2;4;5;1;4;5;3;3;0;1;2;14;
Derrick Williams;F;37:41;9;15;0;1;5;5;4;8;12;0;0;1;1;3;23;
Nikola Pekovic;C;33:25;10;18;0;0;1;3;5;3;8;1;2;1;3;5;21;
Luke Ridnour;G;32:22;6;14;1;3;1;1;0;2;2;5;1;0;1;5;14;
Ricky Rubio;G;38:52;3;10;0;2;10;11;1;7;8;11;6;0;6;1;16;
Alexey Shved;;15:54;2;7;0;1;0;0;0;0;0;1;0;0;2;1;4;
Greg Stiemsma;;4:20;0;0;0;0;1;2;0;0;0;0;0;0;0;3;1;
Dante Cunningham;;20:34;0;4;0;0;2;4;2;1;3;0;0;0;0;1;2;
Jose Juan Barea;;16:12;2;7;0;2;0;0;1;2;3;2;0;0;3;0;4;
