03-01;LAC-CLE;105-89;
31-23;23-22;23-23;28-21;
LAC
Caron Butler;F;21:10;5;10;1;4;2;2;0;2;2;1;1;0;1;2;13;
Blake Griffin;F;29:18;7;12;0;0;2;5;5;6;11;3;3;3;0;2;16;
DeAndre Jordan;C;19:53;5;6;0;0;0;4;0;5;5;0;0;1;1;3;10;
Chauncey Billups;G;16:30;2;5;1;4;0;0;0;1;1;1;0;0;1;0;5;
Chris Paul;G;32:47;4;11;1;4;2;2;1;2;3;15;1;0;0;1;11;
Jamal Crawford;;27:11;8;14;3;5;5;5;0;3;3;1;2;0;2;0;24;
Lamar Odom;;22:57;5;8;0;1;0;0;2;5;7;1;1;1;0;2;10;
Matt Barnes;;28:07;2;7;1;5;1;2;1;1;2;2;1;1;1;5;6;
Ronny Turiaf;;18:16;1;1;0;0;0;0;2;2;4;2;0;2;0;2;2;
Eric Bledsoe;;15:13;2;5;0;1;0;0;0;1;1;0;1;1;3;2;4;
Ryan Hollins;;4:19;2;2;0;0;0;0;0;0;0;0;0;0;1;1;4;
Willie Green;;4:19;0;2;0;1;0;0;0;0;0;0;0;0;0;0;0;
CLE
Alonzo Gee;F;19:25;1;4;0;2;0;0;0;1;1;1;0;0;1;4;2;
Tristan Thompson;F;30:36;6;13;0;0;3;4;4;8;12;2;0;0;2;3;15;
Tyler Zeller;C;30:09;4;10;0;0;1;2;4;1;5;1;0;0;0;2;9;
Dion Waiters;G;27:49;6;11;1;3;4;4;0;0;0;6;0;1;2;3;17;
Shaun Livingston;G;33:18;4;9;0;0;2;4;0;1;1;1;1;0;1;4;10;
Marreese Speights;;17:51;4;8;0;0;2;4;2;1;3;1;0;1;3;2;10;
Wayne Ellington;;30:34;3;7;1;3;2;2;0;1;1;3;1;0;2;3;9;
CJ Miles;;27:02;5;10;3;7;3;6;1;5;6;0;3;0;1;1;16;
Luke Walton;;15:13;0;1;0;1;0;0;0;3;3;2;0;0;4;1;0;
Daniel Gibson;;5:52;0;0;0;0;0;0;0;0;0;1;0;0;0;0;0;
Kevin Jones;;2:11;0;1;0;0;1;2;0;0;0;0;0;0;0;0;1;
