01-11;CHA-TOR;78-99;
16-29;23-24;19-23;20-23;
CHA
Michael Kidd-Gilchrist;F;30:36;4;11;0;0;4;4;2;3;5;1;1;0;3;3;12;
Hakim Warrick;F;10:38;1;2;0;0;0;0;0;1;1;0;0;0;1;0;2;
Bismack Biyombo;C;17:19;1;2;0;0;0;0;0;5;5;0;1;3;2;1;2;
Jeff Taylor;G;17:40;3;6;2;3;2;2;1;0;1;0;0;0;0;1;10;
Kemba Walker;G;29:22;4;10;0;1;4;6;4;4;8;2;2;0;2;1;12;
Tyrus Thomas;;7:03;1;1;0;0;0;0;0;0;0;0;0;1;1;0;2;
Brendan Haywood;;15:16;2;3;0;0;0;0;2;4;6;0;1;0;2;2;4;
Ramon Sessions;;29:10;3;11;0;1;5;6;0;1;1;3;0;0;0;2;11;
Ben Gordon;;25:41;5;14;0;3;2;2;0;2;2;2;1;0;1;1;12;
Gerald Henderson;;17:14;1;3;0;0;0;0;0;0;0;0;1;0;1;1;2;
Jeff Adrien;;17:35;2;8;0;0;0;0;5;4;9;1;0;0;0;1;4;
DeSagana Diop;;7:30;0;0;0;0;0;0;1;0;1;2;0;0;0;1;0;
Reggie Williams;;14:56;1;4;1;4;2;2;0;2;2;3;0;0;0;0;5;
TOR
Landry Fields;F;33:45;2;8;0;1;4;4;6;5;11;2;0;0;2;3;8;
Ed Davis;F;23:05;5;11;0;0;2;3;3;5;8;1;0;1;0;2;12;
Amir Johnson;C;30:49;6;10;0;0;1;2;3;5;8;2;2;2;1;3;13;
DeMar DeRozan;G;34:04;2;8;0;1;2;2;0;2;2;3;1;0;1;1;6;
Jose Calderon;G;22:46;6;9;3;5;0;0;0;0;0;6;1;0;0;2;15;
Alan Anderson;;25:50;6;17;4;9;0;0;1;2;3;2;1;0;1;2;16;
Kyle Lowry;;25:14;3;6;3;6;0;0;0;2;2;6;0;0;2;1;9;
Quincy Acy;;18:02;3;7;0;0;0;0;5;1;6;0;0;2;2;4;6;
Terrence Ross;;14:36;3;6;1;4;0;0;1;1;2;2;2;0;0;2;7;
Aaron Gray;;7:22;0;0;0;0;0;0;1;3;4;1;0;1;2;2;0;
John Lucas III;;4:27;3;4;1;1;0;0;1;1;2;0;0;0;0;0;7;
