12-23;DAL-SAS;91-129;
26-33;26-31;14-36;25-29;
DAL
Dahntay Jones;F;18:31;2;4;1;1;2;4;1;2;3;1;0;0;0;2;7;
Shawn Marion;F;23:24;2;7;0;1;0;0;0;5;5;2;0;0;3;0;4;
Chris Kaman;C;20:40;5;9;0;0;0;0;0;3;3;2;1;0;3;0;10;
O.J. Mayo;G;28:21;3;8;0;2;1;2;1;1;2;6;2;0;6;2;7;
Dominique Jones;G;20:18;1;7;0;1;3;6;1;1;2;4;2;0;2;1;5;
Dirk Nowitzki;;20:02;3;4;1;1;1;2;0;6;6;0;1;0;0;1;8;
Darren Collison;;24:31;6;9;0;0;3;4;0;2;2;2;1;0;2;3;15;
Elton Brand;;13:36;1;4;0;0;0;0;1;1;2;0;0;0;0;2;2;
Vince Carter;;19:05;5;9;2;5;1;1;1;4;5;1;0;1;1;1;13;
Jae Crowder;;16:16;3;6;1;1;2;2;1;3;4;0;1;0;1;4;9;
Chris Douglas-Roberts;;9:32;0;0;0;0;3;4;0;1;1;1;1;0;1;0;3;
Brandan Wright;;13:44;3;5;0;0;2;4;2;1;3;2;1;0;0;1;8;
Rodrigue Beaubois;;12:00;0;2;0;2;0;0;1;0;1;1;0;0;1;1;0;
SAS
Kawhi Leonard;F;26:03;6;11;3;7;2;2;1;3;4;2;5;0;0;0;17;
Tim Duncan;F;23:11;7;15;0;0;1;2;0;5;5;4;1;2;1;1;15;
Tiago Splitter;C;21:15;1;4;0;0;3;4;1;6;7;0;1;1;1;2;5;
Danny Green;G;22:31;9;10;7;8;0;0;1;3;4;0;1;1;0;1;25;
Tony Parker;G;28:28;5;9;2;2;6;7;1;0;1;6;1;1;4;1;18;
Boris Diaw;;19:17;3;5;1;1;0;0;2;1;3;3;1;0;0;1;7;
Manu Ginobili;;21:08;2;4;1;1;1;1;0;4;4;9;4;0;1;2;6;
Stephen Jackson;;21:32;5;8;2;5;2;3;0;3;3;1;0;0;4;1;14;
Gary Neal;;8:56;1;4;1;3;0;0;0;1;1;1;1;0;0;1;3;
Nando De Colo;;13:07;1;3;0;0;0;0;1;2;3;5;2;0;3;4;2;
Patty Mills;;12:00;3;4;1;1;0;0;0;0;0;1;0;0;0;3;7;
DeJuan Blair;;12:00;1;4;0;0;0;0;1;3;4;0;0;0;2;4;2;
Matt Bonner;;10:32;3;3;2;2;0;0;0;2;2;1;0;0;0;1;8;
