01-23;LAL-MEM;93-106;
23-24;27-35;23-24;20-23;
LAL
Metta World Peace;F;35:21;4;9;3;8;4;4;1;2;3;1;0;3;1;4;15;
Earl Clark;F;40:18;5;13;0;1;1;1;4;5;9;0;1;0;1;2;11;
Dwight Howard;C;14:10;0;4;0;0;2;4;0;2;2;0;1;1;0;2;2;
Kobe Bryant;G;38:34;11;23;0;1;7;8;0;3;3;3;1;0;2;1;29;
Steve Nash;G;34:32;2;6;2;3;1;2;1;2;3;8;1;0;6;0;7;
Pau Gasol;;30:36;4;10;0;0;5;8;1;7;8;1;1;2;2;0;13;
Antawn Jamison;;13:41;0;2;0;1;1;2;0;3;3;0;0;1;1;1;1;
Chris Duhon;;13:28;1;1;1;1;0;0;0;0;0;0;0;0;0;1;3;
Darius Morris;;6:55;1;1;0;0;1;1;0;1;1;2;0;0;2;0;3;
Jodie Meeks;;8:04;3;4;1;2;2;2;0;1;1;0;0;1;0;0;9;
Robert Sacre;;4:21;0;0;0;0;0;0;0;1;1;0;0;0;0;2;0;
MEM
Rudy Gay;F;36:45;3;11;2;3;4;5;2;9;11;2;0;1;6;4;12;
Zach Randolph;F;28:31;6;13;0;0;0;0;2;8;10;2;1;0;5;3;12;
Marc Gasol;C;30:13;4;7;0;0;0;0;1;6;7;4;0;2;0;5;8;
Tony Allen;G;29:40;6;11;0;0;0;0;2;3;5;1;2;1;0;5;12;
Mike Conley;G;33:13;9;14;1;2;0;0;1;2;3;6;2;0;0;2;19;
Hamed Haddadi;;14:31;0;1;0;0;0;0;1;1;2;1;0;2;1;4;0;
Darrell Arthur;;27:47;9;15;0;1;2;2;4;5;9;3;1;1;0;1;20;
Jerryd Bayless;;14:00;4;7;1;2;1;2;0;0;0;1;0;0;0;3;10;
Tony Wroten;;18:09;4;13;0;3;1;1;3;2;5;2;1;1;0;1;9;
Chris Johnson;;7:12;2;4;0;2;0;0;0;0;0;0;0;0;0;0;4;
