01-04;UTA-PHX;87-80;
25-31;17-9;29-22;16-18;
UTA
Marvin Williams;F;20:30;0;3;0;1;0;0;0;1;1;0;2;0;2;3;0;
Paul Millsap;F;32:32;9;16;0;1;1;2;4;6;10;3;5;0;1;3;19;
Al Jefferson;C;29:32;8;17;0;0;5;5;0;8;8;3;1;1;0;2;21;
Randy Foye;G;26:39;6;10;1;2;0;0;0;1;1;2;1;0;2;1;13;
Jamaal Tinsley;G;20:17;1;2;0;1;0;0;0;3;3;5;1;1;1;1;2;
Derrick Favors;;31:30;5;11;0;1;0;0;3;6;9;2;1;1;1;4;10;
Earl Watson;;19:02;0;3;0;1;0;0;0;1;1;8;0;0;2;0;0;
Gordon Hayward;;25:04;7;15;0;1;0;0;0;0;0;1;0;0;0;0;14;
DeMarre Carroll;;11:25;2;5;0;0;0;0;2;1;3;0;0;0;0;0;4;
Alec Burks;;21:03;2;7;0;1;0;2;0;2;2;3;0;0;1;2;4;
Jeremy Evans;;2:26;0;0;0;0;0;0;0;0;0;0;0;0;0;0;0;
PHX
PJ Tucker;F;24:12;0;1;0;0;0;0;0;3;3;2;0;0;0;2;0;
Luis Scola;F;35:33;7;17;0;1;1;2;2;6;8;4;1;3;3;5;15;
Marcin Gortat;C;40:22;7;9;0;0;4;6;3;8;11;0;1;3;3;1;18;
Jared Dudley;G;38:12;6;10;1;4;3;3;0;6;6;5;0;0;6;1;16;
Goran Dragic;G;35:04;8;16;1;4;0;0;1;2;3;6;2;0;3;2;17;
Shannon Brown;;21:06;0;4;0;0;0;0;1;1;2;1;1;1;0;1;0;
Michael Beasley;;7:38;0;0;0;0;0;0;0;1;1;1;0;0;1;1;0;
Markieff Morris;;12:28;1;7;0;2;0;0;0;3;3;1;0;2;2;3;2;
Jermaine O'Neal;;7:38;0;1;0;0;0;0;0;3;3;0;0;0;1;2;0;
Sebastian Telfair;;12:56;4;7;2;4;0;0;0;0;0;2;0;1;1;0;10;
Wesley Johnson;;2:26;1;3;0;0;0;0;0;0;0;0;0;0;0;0;2;
Kendall Marshall;;2:26;0;0;0;0;0;0;0;0;0;1;0;0;0;0;0;
