01-15;IND-CHA;103-76;
27-20;23-20;33-17;20-19;
IND
Paul George;F;31:21;7;16;2;7;0;2;2;8;10;3;2;0;3;3;16;
David West;F;26:38;6;13;0;0;3;4;2;6;8;4;0;0;1;0;15;
Roy Hibbert;C;26:36;5;11;0;0;8;8;4;3;7;1;0;4;2;3;18;
Lance Stephenson;G;27:38;3;6;1;3;0;1;2;6;8;6;2;0;2;3;7;
George Hill;G;27:28;6;11;2;4;2;2;2;5;7;4;1;0;0;1;16;
Tyler Hansbrough;;17:36;2;5;0;0;5;5;3;0;3;0;0;1;4;3;9;
Gerald Green;;19:31;1;7;0;4;1;2;1;0;1;3;0;1;0;3;3;
Ian Mahinmi;;14:43;0;2;0;0;4;4;1;5;6;0;0;3;2;4;4;
D.J. Augustin;;20:32;2;4;2;3;0;0;0;2;2;1;0;0;2;2;6;
Orlando Johnson;;12:00;1;4;0;0;0;0;1;4;5;2;0;0;0;0;2;
Jeff Ayres;;6:41;2;6;0;0;0;0;0;3;3;0;0;0;0;1;4;
Dominic McGuire;;5:30;0;0;0;0;0;0;0;0;0;1;0;0;0;0;0;
Ben Hansbrough;;3:46;1;2;1;1;0;0;0;0;0;0;0;0;0;1;3;
CHA
Michael Kidd-Gilchrist;F;31:35;1;5;0;0;2;3;1;4;5;1;1;1;2;2;4;
Hakim Warrick;F;14:14;2;4;0;0;0;0;0;1;1;2;0;0;1;0;4;
Bismack Biyombo;C;22:10;2;6;0;0;1;2;2;4;6;0;0;2;1;4;5;
Gerald Henderson;G;24:39;3;10;1;1;8;12;0;0;0;3;0;0;2;1;15;
Kemba Walker;G;26:41;6;9;1;1;0;0;0;1;1;1;3;0;1;2;13;
Brendan Haywood;;13:44;1;3;0;0;0;0;0;3;3;1;0;2;0;2;2;
Jeff Adrien;;23:28;1;3;0;0;2;2;1;5;6;0;0;0;1;5;4;
Jeff Taylor;;20:07;1;6;1;4;2;2;0;2;2;1;1;0;0;2;5;
Ben Gordon;;13:37;3;9;0;0;1;1;0;1;1;2;0;1;1;1;7;
Ramon Sessions;;27:53;3;10;0;1;7;8;0;2;2;1;1;0;1;1;13;
DeSagana Diop;;12:06;0;1;0;0;0;0;0;2;2;1;1;0;0;1;0;
Tyrus Thomas;;3:32;0;2;0;0;0;0;0;1;1;0;0;0;0;2;0;
Reggie Williams;;6:14;2;4;0;2;0;0;0;1;1;0;1;0;1;0;4;
