11-30;WAS-NYK;87-108;
17-26;29-31;19-29;22-22;
WAS
Trevor Ariza;F;24:06;3;9;0;3;3;3;0;4;4;1;1;1;1;3;9;
Kevin Seraphin;F;26:23;6;15;0;0;1;2;7;3;10;2;0;0;3;3;13;
Emeka Okafor;C;15:34;2;3;0;0;2;2;2;2;4;0;2;1;0;2;6;
Bradley Beal;G;31:20;5;11;2;5;2;4;0;3;3;0;0;0;2;0;14;
A.J. Price;G;24:50;3;7;2;4;0;0;1;3;4;2;0;0;0;1;8;
Chris Singleton;;14:25;0;0;0;0;0;2;0;0;0;0;0;2;2;2;0;
Jordan Crawford;;28:44;7;17;0;4;3;5;1;0;1;4;0;0;1;0;17;
Martell Webster;;23:17;3;4;1;1;0;0;0;4;4;0;0;0;2;0;7;
Nene;;17:51;4;7;0;0;1;3;1;6;7;0;1;0;2;0;9;
Shaun Livingston;;17:20;1;2;0;0;0;0;0;2;2;1;0;0;2;1;2;
Cartier Martin;;5:50;0;1;0;1;0;0;0;0;0;0;0;0;1;1;0;
Jan Vesely;;5:50;0;0;0;0;0;0;0;1;1;0;1;0;0;0;0;
Earl Barron;;4:30;1;2;0;0;0;0;1;1;2;1;0;0;1;1;2;
NYK
Carmelo Anthony;F;27:57;6;13;1;4;7;10;0;5;5;5;0;1;2;3;20;
Kurt Thomas;F;7:48;0;1;0;0;0;0;0;0;0;0;0;0;0;2;0;
Tyson Chandler;C;25:01;5;8;0;0;2;3;2;8;10;2;0;0;0;2;12;
Ronnie Brewer;G;20:06;5;8;2;4;0;0;1;0;1;3;3;0;0;0;12;
Raymond Felton;G;26:42;5;13;1;4;0;0;0;1;1;2;1;0;2;0;11;
J.R. Smith;;38:17;9;14;2;3;0;0;0;2;2;6;0;0;1;1;20;
Steve Novak;;29:49;3;6;3;6;0;0;0;5;5;0;1;0;0;3;9;
Pablo Prigioni;;25:16;3;4;2;3;0;0;0;1;1;5;1;0;0;1;8;
Rasheed Wallace;;17:09;3;5;1;3;0;0;0;4;4;0;1;0;1;3;7;
Chris Copeland;;12:52;3;5;0;0;0;0;0;1;1;0;0;0;2;3;6;
James White;;9:03;1;4;0;2;1;2;0;2;2;1;0;0;0;2;3;
