12-22;CLE-MIL;94-82;
19-19;27-18;25-26;23-19;
CLE
Alonzo Gee;F;28:13;4;12;0;2;2;2;1;2;3;0;2;1;2;2;10;
Tristan Thompson;F;36:48;6;8;0;0;2;4;2;12;14;1;0;1;2;4;14;
Tyler Zeller;C;34:10;4;14;0;0;3;3;4;6;10;0;1;0;0;6;11;
Dion Waiters;G;27:15;9;17;0;3;0;0;0;5;5;2;1;0;3;4;18;
Kyrie Irving;G;35:12;6;12;1;3;2;2;2;3;5;4;0;1;2;2;15;
Luke Walton;;24:00;3;9;1;1;0;0;1;5;6;4;3;0;1;2;7;
Daniel Gibson;;20:45;0;2;0;1;0;0;0;2;2;2;0;0;0;1;0;
CJ Miles;;20:49;5;9;3;6;3;3;0;2;2;1;0;0;2;3;16;
Jeremy Pargo;;12:48;1;5;0;1;1;2;1;0;1;2;0;0;0;2;3;
MIL
Marquis Daniels;F;21:45;3;8;0;2;3;6;2;1;3;1;2;0;0;1;9;
Luc Mbah a Moute;F;24:00;1;7;0;2;2;3;1;4;5;4;1;0;3;1;4;
Larry Sanders;C;30:00;0;3;0;0;2;2;2;10;12;0;1;5;4;4;2;
Monta Ellis;G;39:28;15;27;2;5;5;6;0;2;2;3;0;0;3;0;37;
Brandon Jennings;G;37:37;3;13;1;6;0;0;0;4;4;3;0;0;0;2;7;
Ersan Ilyasova;;20:06;2;6;1;1;1;2;0;4;4;2;0;0;0;3;6;
Mike Dunleavy;;29:09;3;7;0;4;2;2;1;1;2;4;1;0;3;2;8;
Ekpe Udoh;;18:16;1;4;0;0;1;2;2;3;5;0;0;2;1;1;3;
Doron Lamb;;11:15;2;3;0;0;0;0;0;0;0;0;0;0;0;1;4;
Drew Gooden;;4:12;1;1;0;0;0;0;1;1;2;0;0;0;0;0;2;
John Henson;;4:12;0;0;0;0;0;0;0;2;2;0;0;0;0;0;0;
