01-16;IND-ORL;86-97;
17-22;18-29;29-26;22-20;
IND
Paul George;F;36:12;6;14;1;4;7;7;1;9;10;4;0;1;1;0;20;
David West;F;31:36;7;15;0;0;0;0;4;3;7;1;1;2;3;0;14;
Roy Hibbert;C;22:38;5;7;0;0;1;2;2;5;7;1;0;2;4;5;11;
Lance Stephenson;G;29:06;3;6;0;2;0;0;0;3;3;3;1;0;2;1;6;
George Hill;G;34:44;7;16;1;4;0;0;1;3;4;6;2;0;1;2;15;
Gerald Green;;13:56;4;11;0;4;2;2;2;0;2;0;1;1;0;1;10;
Tyler Hansbrough;;19:33;5;8;0;0;0;1;1;3;4;1;0;0;0;4;10;
Ian Mahinmi;;15:48;0;0;0;0;0;0;0;0;0;0;0;0;3;3;0;
D.J. Augustin;;18:14;0;3;0;2;0;0;0;1;1;2;0;0;1;0;0;
Orlando Johnson;;11:48;0;4;0;1;0;0;0;2;2;0;1;0;0;1;0;
Jeff Ayres;;6:25;0;1;0;0;0;0;1;3;4;0;0;1;0;0;0;
ORL
DeQuan Jones;F;22:18;2;3;0;0;0;0;0;5;5;2;1;0;1;3;4;
Glen Davis;F;24:42;5;14;0;0;1;1;1;3;4;1;1;0;1;0;11;
Nikola Vucevic;C;34:36;7;13;0;0;2;2;4;11;15;1;1;0;0;1;16;
Arron Afflalo;G;34:30;7;13;1;3;0;0;0;5;5;5;1;0;4;1;15;
Jameer Nelson;G;33:26;5;12;4;6;0;0;0;0;0;6;4;0;1;4;14;
JJ Redick;;29:07;5;8;4;6;0;0;0;4;4;6;0;1;0;1;14;
Andrew Nicholson;;12:34;2;8;0;0;0;0;3;2;5;0;0;0;1;6;4;
E'Twaun Moore;;21:53;3;6;1;2;2;2;0;2;2;5;2;0;1;1;9;
Josh McRoberts;;19:39;3;8;2;4;0;0;0;0;0;3;0;1;2;2;8;
Kyle O'Quinn;;2:46;0;0;0;0;0;0;0;0;0;0;0;0;0;1;0;
Maurice Harkless;;2:46;1;1;0;0;0;0;0;0;0;0;0;0;0;0;2;
Ish Smith;;1:43;0;0;0;0;0;0;0;0;0;0;0;0;1;0;0;
