11-24;CLE-MIA;108-110;
29-26;30-22;20-29;29-33;
CLE
Alonzo Gee;F;28:48;4;8;1;2;3;5;1;4;5;1;1;0;2;5;12;
Tristan Thompson;F;22:39;6;7;0;0;1;2;2;3;5;1;0;0;1;1;13;
Anderson Varejao;C;35:05;2;9;0;1;6;7;5;10;15;4;4;0;1;4;10;
Dion Waiters;G;37:33;5;14;3;9;3;4;0;1;1;2;1;0;1;2;16;
Jeremy Pargo;G;32:57;4;13;2;4;6;8;0;1;1;7;1;0;4;4;16;
Tyler Zeller;;20:46;2;6;0;0;1;2;2;0;2;1;0;0;1;3;5;
Daniel Gibson;;28:05;4;9;2;7;1;1;0;1;1;3;1;0;0;5;11;
Omri Casspi;;15:00;4;6;4;4;3;4;0;1;1;1;1;0;0;3;15;
CJ Miles;;17:42;4;7;2;4;0;0;0;1;1;1;0;0;0;2;10;
MIA
LeBron James;F;39:58;10;16;2;5;8;9;1;5;6;5;0;1;7;3;30;
Shane Battier;F;21:07;3;5;3;5;0;0;0;2;2;1;1;0;0;3;9;
Chris Bosh;C;36:26;6;11;0;0;11;13;3;4;7;1;0;1;1;2;23;
Dwyane Wade;G;34:15;6;15;0;0;6;10;1;6;7;4;1;2;4;5;18;
Mario Chalmers;G;32:31;1;3;0;1;2;2;1;3;4;3;3;0;1;2;4;
Udonis Haslem;;19:18;1;1;0;0;0;0;2;3;5;3;0;0;2;2;2;
Ray Allen;;22:41;6;11;3;5;2;3;1;4;5;1;0;0;1;2;17;
Norris Cole;;12:52;1;3;0;0;0;0;0;2;2;2;0;0;0;3;2;
Mike Miller;;14:18;2;4;1;3;0;0;0;1;1;1;0;0;2;3;5;
Joel Anthony;;5:09;0;0;0;0;0;0;0;0;0;0;0;1;0;0;0;
