03-06;TOR-PHX;98-71;
28-24;26-16;18-15;26-16;
TOR
Rudy Gay;F;22:45;2;7;0;2;1;1;0;5;5;2;0;2;2;2;5;
Andrea Bargnani;F;24:00;4;10;1;2;0;0;0;5;5;1;1;0;0;1;9;
Jonas Valanciunas;C;19:58;3;5;0;0;4;5;0;3;3;0;1;2;2;3;10;
DeMar DeRozan;G;30:13;7;13;0;1;1;2;2;4;6;4;1;0;5;1;15;
Kyle Lowry;G;21:22;2;3;1;2;0;0;0;2;2;4;2;0;0;2;5;
Amir Johnson;;28:02;5;8;0;0;4;4;3;3;6;1;1;0;2;3;14;
Alan Anderson;;25:15;3;6;3;3;1;1;1;3;4;0;0;0;4;0;10;
Sebastian Telfair;;26:38;5;12;3;9;0;0;0;2;2;7;4;0;2;3;13;
Landry Fields;;14:33;2;5;0;1;0;0;0;2;2;2;1;0;0;0;4;
Terrence Ross;;21:27;3;7;2;3;2;2;1;3;4;2;0;0;4;2;10;
John Lucas III;;5:47;1;1;1;1;0;0;0;1;1;1;0;0;0;0;3;
PHX
PJ Tucker;F;24:51;4;6;0;1;0;0;1;3;4;1;2;1;3;0;8;
Luis Scola;F;24:07;2;7;0;0;2;2;2;6;8;2;0;0;3;3;6;
Marcin Gortat;C;11:25;4;6;0;0;0;1;0;4;4;0;0;0;1;0;8;
Jared Dudley;G;19:16;3;7;1;2;2;2;1;0;1;4;2;0;1;1;9;
Goran Dragic;G;31:36;3;9;0;3;2;4;0;4;4;6;1;0;4;2;8;
Wesley Johnson;;29:51;2;9;1;4;0;0;2;3;5;0;0;1;2;2;5;
Markieff Morris;;26:32;1;7;1;3;0;0;3;3;6;2;1;1;4;2;3;
Hamed Haddadi;;9:28;0;1;0;0;0;0;1;1;2;0;0;0;2;4;0;
Kendall Marshall;;5:46;0;0;0;0;0;0;0;1;1;1;0;0;0;0;0;
Marcus Morris;;23:09;5;9;2;3;0;2;1;3;4;1;1;0;3;4;12;
Michael Beasley;;17:08;3;9;1;4;0;0;0;1;1;0;0;0;1;0;7;
Diante Garrett;;16:51;1;4;1;3;2;4;0;0;0;4;4;0;4;0;5;
