01-13;CLE-LAL;93-113;
20-37;25-20;24-29;24-27;
CLE
Alonzo Gee;F;28:30;5;8;0;2;4;4;3;1;4;1;3;0;1;0;14;
Tristan Thompson;F;19:00;5;10;0;0;0;0;5;3;8;2;0;0;1;4;10;
Tyler Zeller;C;26:26;1;7;0;0;4;4;2;3;5;0;0;0;2;5;6;
CJ Miles;G;16:35;1;9;0;5;3;3;0;1;1;0;0;0;2;0;5;
Kyrie Irving;G;33:56;7;15;1;3;0;0;1;1;2;7;3;1;3;3;15;
Luke Walton;;24:06;2;5;1;4;0;0;2;3;5;3;1;0;2;3;5;
Dion Waiters;;25:34;7;18;1;4;0;0;0;1;1;2;1;0;4;2;15;
Omri Casspi;;9:09;0;4;0;2;0;0;2;4;6;1;0;0;0;0;0;
Shaun Livingston;;24:00;2;7;0;0;0;0;2;2;4;3;0;0;0;0;4;
Kevin Jones;;15:45;3;5;0;0;0;1;0;2;2;1;2;0;0;1;6;
Jon Leuer;;6:13;1;1;0;0;0;0;0;1;1;1;0;0;1;2;2;
Daniel Gibson;;5:23;1;1;1;1;0;0;0;0;0;1;0;1;0;1;3;
Jeremy Pargo;;5:23;4;5;0;0;0;0;0;0;0;2;0;0;0;0;8;
LAL
Metta World Peace;F;27:00;2;5;1;4;3;3;0;4;4;1;4;1;0;2;8;
Earl Clark;F;36:09;5;9;1;1;2;2;2;7;9;4;0;3;4;1;13;
Dwight Howard;C;29:47;9;11;0;1;4;7;4;10;14;2;1;1;7;3;22;
Kobe Bryant;G;27:58;9;14;3;4;2;4;0;2;2;6;0;0;4;4;23;
Steve Nash;G;28:10;3;4;1;1;3;3;0;3;3;9;1;0;3;0;10;
Antawn Jamison;;28:26;5;7;4;5;2;2;1;3;4;1;2;0;1;2;16;
Robert Sacre;;18:13;1;4;0;0;2;2;0;3;3;1;0;0;1;1;4;
Chris Duhon;;19:50;0;4;0;3;0;0;0;1;1;7;2;0;1;0;0;
Darius Morris;;20:02;5;9;2;4;2;4;0;0;0;1;1;0;1;0;14;
Jodie Meeks;;4:25;1;2;1;2;0;0;0;1;1;0;0;0;0;0;3;
