01-26;CHI-WAS;73-86;
24-23;20-27;11-23;18-13;
CHI
Jimmy Butler;F;44:58;3;7;1;2;2;2;0;6;6;0;1;0;0;0;9;
Carlos Boozer;F;23:36;3;9;0;0;0;0;0;2;2;0;0;0;3;4;6;
Joakim Noah;C;43:13;3;5;0;0;3;4;5;12;17;10;1;2;2;4;9;
Richard Hamilton;G;16:24;4;11;1;1;0;0;0;2;2;2;1;0;3;0;9;
Kirk Hinrich;G;21:57;3;5;1;2;0;0;0;1;1;3;0;0;2;3;7;
Marco Belinelli;;20:36;1;5;0;2;4;4;0;5;5;0;1;0;0;0;6;
Taj Gibson;;28:21;4;6;0;0;0;0;2;1;3;0;0;4;1;2;8;
Nate Robinson;;28:15;8;19;1;5;2;2;0;2;2;4;0;0;4;3;19;
Daequan Cook;;11:00;0;4;0;3;0;0;0;3;3;0;0;0;0;0;0;
Marquis Teague;;0:50;0;0;0;0;0;0;0;0;0;0;0;0;0;0;0;
Nazr Mohammed;;0:50;0;0;0;0;0;0;0;0;0;0;1;0;1;0;0;
WAS
Martell Webster;F;21:36;2;5;0;2;0;0;0;3;3;1;0;1;3;1;4;
Nene;F;30:20;5;13;0;0;6;6;1;5;6;4;0;0;0;3;16;
Emeka Okafor;C;30:26;6;8;0;0;3;4;4;12;16;0;2;0;0;3;15;
Bradley Beal;G;29:10;2;10;0;3;0;1;0;0;0;1;0;0;0;1;4;
John Wall;G;27:15;6;13;0;0;3;4;0;3;3;7;1;0;4;1;15;
A.J. Price;;21:18;3;7;1;2;0;0;0;2;2;3;1;0;0;1;7;
Kevin Seraphin;;20:21;2;7;0;0;0;0;2;3;5;2;1;0;1;3;4;
Trevor Booker;;13:47;2;3;0;0;3;4;1;3;4;0;1;1;0;1;7;
Jordan Crawford;;18:50;3;7;1;1;0;0;0;0;0;1;0;0;0;0;7;
Trevor Ariza;;26:24;3;6;1;2;0;0;1;2;3;1;0;0;1;0;7;
Garrett Temple;;0:33;0;0;0;0;0;0;0;0;0;0;0;0;0;0;0;
