01-27;OKC-LAL;96-105;
23-27;30-25;22-23;21-30;
OKC
Kevin Durant;F;42:46;10;26;2;5;13;14;0;2;2;4;1;0;2;2;35;
Serge Ibaka;F;35:29;5;10;0;1;0;0;2;4;6;0;1;4;0;3;10;
Kendrick Perkins;C;28:10;5;6;0;0;0;0;1;5;6;3;0;0;2;3;10;
Thabo Sefolosha;G;34:20;2;4;1;3;2;4;0;5;5;1;3;1;0;3;7;
Russell Westbrook;G;39:26;6;22;1;5;4;6;4;5;9;13;2;0;4;5;17;
Kevin Martin;;18:43;4;8;0;2;1;2;0;3;3;0;0;0;1;3;9;
Nick Collison;;20:51;2;2;0;0;0;0;2;4;6;1;1;0;0;3;4;
DeAndre Liggins;;5:14;0;0;0;0;0;0;0;0;0;0;1;1;0;1;0;
Hasheem Thabeet;;6:27;1;1;0;0;0;0;1;0;1;0;0;0;0;3;2;
Reggie Jackson;;8:34;1;2;0;0;0;0;0;1;1;2;0;0;0;0;2;
LAL
Metta World Peace;F;42:36;6;14;3;8;0;0;1;9;10;3;2;0;2;3;15;
Earl Clark;F;22:45;5;9;1;1;0;0;2;2;4;0;1;0;0;3;11;
Dwight Howard;C;29:25;3;7;0;0;2;10;2;8;10;1;2;0;3;5;8;
Kobe Bryant;G;38:47;8;12;0;0;5;6;0;9;9;14;1;1;3;1;21;
Steve Nash;G;35:58;6;11;2;4;3;3;0;2;2;5;0;0;1;2;17;
Pau Gasol;;35:41;7;10;0;0;2;6;0;4;4;4;0;1;3;4;16;
Antawn Jamison;;13:33;4;6;0;0;4;4;1;1;2;0;0;1;0;1;12;
Jodie Meeks;;9:13;2;3;1;2;0;0;0;0;0;1;0;0;0;1;5;
Chris Duhon;;12:02;0;2;0;2;0;0;0;2;2;1;0;0;1;0;0;
