01-19;SAS-ATL;98-93;
25-16;27-26;20-28;26-23;
SAS
Kawhi Leonard;F;33:45;4;8;2;5;4;4;1;4;5;1;2;1;0;4;14;
Boris Diaw;F;24:56;4;7;1;4;0;0;0;4;4;3;0;0;0;1;9;
Tiago Splitter;C;28:33;7;11;0;0;0;0;1;6;7;0;0;1;1;3;14;
Danny Green;G;34:40;3;9;1;4;0;0;0;2;2;2;1;1;0;2;7;
Tony Parker;G;33:20;10;22;0;1;3;5;0;4;4;12;1;0;1;0;23;
DeJuan Blair;;19:27;3;7;0;0;1;2;1;6;7;0;2;1;1;0;7;
Stephen Jackson;;8:33;0;3;0;2;0;0;0;1;1;0;0;0;1;0;0;
Gary Neal;;19:02;2;9;0;4;0;0;1;0;1;1;0;0;2;1;4;
Nando De Colo;;14:40;1;2;1;1;0;0;0;3;3;1;0;0;2;1;3;
Matt Bonner;;23:04;7;8;3;3;0;0;1;4;5;1;2;0;0;3;17;
ATL
Josh Smith;F;37:54;8;15;0;1;5;8;1;7;8;3;1;0;1;2;21;
Al Horford;F;37:51;4;11;0;0;1;2;4;11;15;6;0;1;3;3;9;
Zaza Pachulia;C;28:24;2;4;0;0;0;0;3;6;9;1;0;0;2;1;4;
Kyle Korver;G;38:08;7;12;5;8;0;0;0;8;8;1;0;0;0;1;19;
Jeff Teague;G;37:34;6;16;0;3;4;4;2;2;4;8;0;0;5;4;16;
Ivan Johnson;;7:10;1;3;0;0;0;0;0;0;0;0;1;0;0;1;2;
Devin Harris;;17:27;4;8;2;3;3;6;0;1;1;1;0;0;1;2;13;
John Jenkins;;22:52;3;12;1;6;2;2;1;1;2;0;0;0;1;0;9;
Mike Scott;;3:57;0;2;0;0;0;0;1;0;1;0;0;0;1;0;0;
Anthony Tolliver;;8:43;0;2;0;0;0;0;1;1;2;0;0;1;1;0;0;
