03-06;PHI-ATL;96-107;
19-26;28-33;23-32;26-16;
PHI
Evan Turner;F;22:33;1;7;0;1;0;0;0;3;3;4;0;0;0;0;2;
Thaddeus Young;F;26:11;8;11;0;0;0;1;2;4;6;0;2;0;1;1;16;
Spencer Hawes;C;21:15;3;7;0;0;2;2;1;10;11;3;0;0;2;4;8;
Royal Ivey;G;12:51;0;3;0;2;0;0;0;0;0;0;0;0;2;5;0;
Jrue Holiday;G;38:13;3;12;1;3;4;5;2;2;4;12;1;1;4;0;11;
Jeremy Pargo;;8:56;1;4;0;1;1;1;0;0;0;3;0;0;0;0;3;
Dorell Wright;;31:54;6;16;3;8;5;6;0;9;9;1;3;0;2;2;20;
Damien Wilkins;;21:59;8;11;2;2;3;4;3;3;6;1;0;0;1;2;21;
Arnett Moultrie;;26:45;4;8;0;0;0;0;6;1;7;1;0;0;1;1;8;
Charles Jenkins;;29:23;3;7;0;0;1;2;1;1;2;5;2;1;1;0;7;
ATL
DeShawn Stevenson;F;23:40;1;4;1;4;0;0;0;3;3;3;1;0;0;1;3;
Josh Smith;F;30:19;6;13;0;0;1;6;1;5;6;2;0;1;4;2;13;
Al Horford;C;41:00;10;17;0;0;1;2;1;11;12;6;1;1;3;1;21;
Devin Harris;G;26:32;3;8;0;2;0;1;1;3;4;2;1;0;1;3;6;
Jeff Teague;G;38:37;10;15;3;5;4;4;0;2;2;11;1;1;4;3;27;
Kyle Korver;;33:24;4;7;1;3;0;0;0;1;1;2;1;0;0;3;9;
Dahntay Jones;;4:03;0;0;0;0;0;0;0;0;0;1;0;0;0;1;0;
Anthony Tolliver;;26:53;7;10;5;7;2;2;4;4;8;1;0;2;2;2;21;
John Jenkins;;13:30;2;5;1;3;2;2;0;1;1;0;0;0;0;1;7;
Mike Scott;;1:01;0;0;0;0;0;0;0;0;0;0;0;0;0;0;0;
Shelvin Mack;;1:01;0;1;0;0;0;0;0;1;1;0;0;0;0;0;0;
