11-02;DEN-ORL;89-102;
18-29;19-29;31-20;21-24;
DEN
Danilo Gallinari;F;34:56;5;14;2;9;11;14;2;6;8;4;1;1;1;2;23;
Kenneth Faried;F;19:39;1;3;0;0;0;0;2;3;5;0;0;1;0;0;2;
Kosta Koufos;C;27:25;3;6;0;0;1;3;3;3;6;1;1;1;1;4;7;
Andre Iguodala;G;35:58;3;10;1;2;2;2;1;7;8;5;1;1;3;2;9;
Ty Lawson;G;37:37;6;15;0;3;0;0;1;1;2;7;0;0;3;2;12;
JaVale McGee;;11:27;2;5;0;0;0;0;1;1;2;1;0;1;2;2;4;
Corey Brewer;;23:38;3;9;2;6;0;0;0;4;4;0;1;0;1;2;8;
Wilson Chandler;;18:44;3;10;1;3;2;4;2;4;6;0;0;0;2;2;9;
Andre Miller;;20:34;5;8;1;1;0;0;2;1;3;4;0;0;1;1;11;
Evan Fournier;;6:46;0;2;0;2;0;0;0;0;0;0;0;0;0;0;0;
Jordan Hamilton;;3:16;1;2;0;0;2;4;1;0;1;0;1;0;0;0;4;
ORL
Hedo Turkoglu;F;16:42;3;4;0;1;0;0;1;1;2;1;2;0;0;3;6;
Glen Davis;F;33:47;13;25;0;0;3;5;4;6;10;0;0;2;1;3;29;
Nikola Vucevic;C;16:04;3;6;0;0;0;0;1;3;4;0;1;2;1;4;6;
Arron Afflalo;G;32:11;3;13;0;3;1;2;0;6;6;2;1;1;1;1;7;
Jameer Nelson;G;35:00;2;9;1;4;4;4;0;4;4;7;1;0;2;2;9;
JJ Redick;;34:46;7;11;3;4;4;5;0;4;4;6;1;0;0;1;21;
Josh McRoberts;;27:09;4;4;0;0;1;2;1;6;7;3;2;1;3;4;9;
E'Twaun Moore;;24:32;6;10;1;3;0;0;2;3;5;3;0;1;1;2;13;
Ish Smith;;5:15;0;0;0;0;0;0;0;1;1;1;0;0;0;0;0;
Andrew Nicholson;;11:18;1;3;0;0;0;0;2;0;2;1;0;1;1;3;2;
Kyle O'Quinn;;3:16;0;1;0;0;0;0;0;1;1;0;0;0;1;1;0;
