02-03;LAC-BOS;104-106;
30-33;10-26;37-33;27-14;
LAC
Caron Butler;F;26:29;7;13;3;5;1;1;0;5;5;0;1;0;1;1;18;
Blake Griffin;F;37:14;8;14;0;0;4;7;4;7;11;5;1;0;4;4;20;
DeAndre Jordan;C;23:42;4;7;0;0;4;6;3;2;5;0;1;0;1;4;12;
Willie Green;G;19:29;1;3;0;2;0;0;0;0;0;1;0;0;0;1;2;
Eric Bledsoe;G;37:59;9;15;2;3;3;4;2;5;7;10;2;1;3;3;23;
Lamar Odom;;26:32;3;3;0;0;0;0;3;2;5;2;2;1;3;5;6;
Matt Barnes;;25:55;0;6;0;4;0;0;0;2;2;3;0;0;1;3;0;
Jamal Crawford;;31:47;8;15;4;7;3;3;0;1;1;6;2;0;6;2;23;
Ronny Turiaf;;5:21;0;1;0;0;0;0;1;3;4;0;0;0;1;2;0;
Grant Hill;;5:32;0;2;0;0;0;0;0;1;1;0;0;0;0;1;0;
BOS
Paul Pierce;F;35:45;7;16;4;6;4;5;2;3;5;4;2;0;6;1;22;
Brandon Bass;F;29:40;3;7;0;0;3;4;2;6;8;4;0;0;0;3;9;
Kevin Garnett;C;27:55;5;9;0;0;2;2;0;5;5;2;1;0;3;5;12;
Avery Bradley;G;26:17;2;8;0;0;0;0;0;1;1;2;0;0;1;4;4;
Courtney Lee;G;30:05;2;6;1;3;2;2;0;2;2;2;2;0;3;2;7;
Jason Collins;;12:10;1;1;0;0;5;5;1;0;1;0;0;0;0;3;7;
Jason Terry;;31:21;5;7;2;4;1;1;1;1;2;6;1;0;2;1;13;
Jeff Green;;22:32;4;6;3;3;3;4;0;2;2;2;0;2;1;1;14;
Leandro Barbosa;;20:36;5;10;1;2;3;4;0;2;2;1;1;0;1;2;14;
Chris Wilcox;;3:40;2;2;0;0;0;0;0;1;1;0;1;0;0;0;4;
