02-07;CHI-DEN;96-128;
25-33;33-30;16-37;22-28;
CHI
Luol Deng;F;30:33;4;13;0;2;3;4;5;3;8;4;0;0;4;1;11;
Carlos Boozer;F;22:00;9;15;0;0;0;0;0;3;3;1;1;0;0;2;18;
Joakim Noah;C;23:01;1;5;0;0;0;0;4;1;5;3;0;0;3;2;2;
Richard Hamilton;G;16:56;1;7;0;0;0;0;0;0;0;3;1;0;2;2;2;
Nate Robinson;G;25:40;5;8;3;3;1;2;0;1;1;6;0;0;0;4;14;
Jimmy Butler;;32:07;2;6;2;4;3;3;1;1;2;3;1;1;1;3;9;
Taj Gibson;;17:13;3;6;0;0;0;2;2;2;4;1;0;1;0;1;6;
Daequan Cook;;27:22;6;16;4;12;3;3;1;3;4;0;0;1;0;0;19;
Marquis Teague;;22:20;5;8;0;2;0;0;1;3;4;3;1;1;4;0;10;
Vladimir Radmanovic;;12:51;2;5;1;4;0;0;2;1;3;2;0;0;0;1;5;
Nazr Mohammed;;9:57;0;2;0;0;0;0;0;0;0;0;1;0;0;0;0;
DEN
Danilo Gallinari;F;29:38;4;9;1;3;6;6;0;3;3;1;1;0;1;0;15;
Kenneth Faried;F;25:50;9;10;0;0;3;4;4;8;12;0;2;0;0;1;21;
Kosta Koufos;C;20:58;2;2;0;0;0;0;3;4;7;0;0;1;2;4;4;
Andre Iguodala;G;25:46;6;9;1;4;1;2;0;1;1;4;2;1;2;0;14;
Ty Lawson;G;30:31;5;11;0;1;6;8;0;3;3;12;2;0;2;3;16;
Wilson Chandler;;18:41;8;9;5;5;3;3;1;1;2;0;2;1;0;3;24;
Corey Brewer;;17:41;3;8;0;3;0;0;0;0;0;3;0;1;0;1;6;
Andre Miller;;23:31;1;4;0;1;0;0;1;4;5;7;2;0;1;2;2;
JaVale McGee;;14:29;5;10;0;0;0;0;4;1;5;0;0;3;0;1;10;
Evan Fournier;;9:57;0;2;0;0;0;0;0;0;0;0;0;0;1;1;0;
Jordan Hamilton;;8:01;3;6;2;2;0;0;1;1;2;0;0;0;1;0;8;
Timofey Mozgov;;8:01;3;3;0;0;0;0;0;2;2;0;0;1;0;0;6;
Anthony Randolph;;6:56;1;3;0;0;0;0;2;2;4;2;0;0;0;0;2;
