01-07;SAS-NOH;88-95;
19-24;22-25;24-21;23-25;
SAS
Kawhi Leonard;F;31:11;4;6;2;4;0;0;0;3;3;1;1;1;2;1;10;
Tim Duncan;F;25:56;5;14;0;0;3;3;4;4;8;1;0;3;5;2;13;
Tiago Splitter;C;26:29;2;4;0;0;4;4;3;2;5;2;2;2;0;0;8;
Danny Green;G;19:52;0;5;0;4;0;0;0;1;1;1;0;0;2;3;0;
Tony Parker;G;32:44;7;11;0;1;2;4;0;1;1;3;2;0;5;2;16;
Manu Ginobili;;24:44;7;13;2;5;5;5;1;4;5;4;2;0;2;2;21;
Boris Diaw;;20:44;2;5;0;1;1;2;1;4;5;3;0;0;1;2;5;
Stephen Jackson;;18:43;2;6;1;4;1;2;0;2;2;1;0;0;2;2;6;
Gary Neal;;28:00;4;9;1;2;0;0;0;1;1;3;0;0;0;1;9;
Matt Bonner;;8:01;0;0;0;0;0;0;0;0;0;0;0;0;0;0;0;
Nando De Colo;;1:48;0;0;0;0;0;0;0;1;1;1;0;0;0;0;0;
Patty Mills;;1:48;0;0;0;0;0;0;0;0;0;0;0;0;0;0;0;
NOH
Al-Farouq Aminu;F;37:16;2;5;0;1;0;0;0;10;10;3;3;1;5;2;4;
Anthony Davis;F;26:13;8;13;0;0;1;2;4;5;9;0;3;1;1;1;17;
Robin Lopez;C;20:22;4;6;0;0;0;0;3;3;6;0;0;0;3;1;8;
Eric Gordon;G;32:33;9;22;0;3;6;6;3;1;4;2;1;1;2;1;24;
Greivis Vasquez;G;35:44;6;10;1;2;1;2;1;2;3;11;2;0;3;2;14;
Ryan Anderson;;32:13;4;13;3;6;2;2;2;3;5;1;2;0;0;4;13;
Jason Smith;;16:44;4;4;0;0;0;0;0;0;0;0;0;0;0;0;8;
Austin Rivers;;14:28;0;2;0;0;0;0;0;1;1;3;0;0;0;1;0;
Brian Roberts;;13:15;2;6;1;1;0;0;0;1;1;2;1;0;0;1;5;
Lance Thomas;;10:44;1;2;0;0;0;0;1;2;3;1;0;0;0;2;2;
Donald Sloan;;0:28;0;0;0;0;0;0;0;0;0;0;0;0;0;0;0;
