01-19;CLE-UTA;98-109;
23-26;25-27;20-31;30-25;
CLE
Alonzo Gee;F;28:49;2;7;1;3;0;0;1;1;2;1;2;1;2;1;5;
Tristan Thompson;F;38:07;5;9;0;0;2;3;4;7;11;1;0;0;1;5;12;
Tyler Zeller;C;37:41;6;12;0;0;1;2;5;9;14;1;0;3;2;2;13;
CJ Miles;G;35:30;4;11;1;6;3;3;0;1;1;2;0;0;1;2;12;
Kyrie Irving;G;34:10;7;20;2;7;2;2;0;3;3;9;0;1;2;2;18;
Dion Waiters;;28:15;6;14;1;3;10;12;1;1;2;3;0;0;1;3;23;
Luke Walton;;18:04;3;5;1;2;0;0;0;1;1;1;1;0;0;2;7;
Shaun Livingston;;15:08;0;3;0;0;6;8;1;4;5;2;0;1;0;1;6;
Jon Leuer;;1:04;0;1;0;0;0;0;0;0;0;0;0;0;0;0;0;
Omri Casspi;;1:04;0;0;0;0;0;0;0;0;0;0;0;0;0;0;0;
Jeremy Pargo;;1:04;0;0;0;0;0;0;0;0;0;0;0;0;0;0;0;
Kevin Jones;;1:04;1;1;0;0;0;0;0;1;1;0;0;0;0;0;2;
UTA
Marvin Williams;F;20:38;1;5;1;3;2;2;0;1;1;0;0;1;0;1;5;
Paul Millsap;F;22:17;3;7;0;0;2;3;2;3;5;4;0;2;0;3;8;
Al Jefferson;C;30:15;7;14;0;0;0;0;3;8;11;4;0;0;1;1;14;
Randy Foye;G;29:28;8;15;4;8;0;0;1;1;2;3;2;0;1;2;20;
Jamaal Tinsley;G;21:39;5;7;1;2;0;0;0;2;2;4;0;0;0;2;11;
Gordon Hayward;;24:10;2;10;0;0;1;2;1;2;3;4;0;0;1;2;5;
Derrick Favors;;24:39;7;11;0;0;5;7;1;7;8;0;1;1;3;4;19;
Earl Watson;;25:17;0;1;0;0;0;0;1;1;2;9;1;1;2;3;0;
Alec Burks;;4:25;0;4;0;2;0;0;1;0;1;1;0;0;0;2;0;
Enes Kanter;;17:45;7;8;0;0;0;0;2;3;5;1;1;0;0;2;14;
DeMarre Carroll;;17:20;5;7;0;0;3;3;3;2;5;0;2;0;0;2;13;
Kevin Murphy;;1:04;0;1;0;1;0;0;0;1;1;0;0;0;0;0;0;
Jeremy Evans;;1:04;0;0;0;0;0;0;0;0;0;0;0;0;0;0;0;
