02-22;DET-IND;82-114;
17-34;19-26;16-30;30-24;
DET
Kyle Singler;F;13:57;1;7;0;1;0;0;2;1;3;0;0;0;1;2;2;
Jason Maxiell;F;20:29;2;6;0;0;0;0;3;4;7;1;0;2;3;3;4;
Greg Monroe;C;22:06;2;9;0;0;1;2;0;4;4;2;0;1;2;1;5;
Rodney Stuckey;G;27:59;5;12;0;2;1;2;1;0;1;2;1;0;2;0;11;
Jose Calderon;G;26:26;1;6;0;3;3;3;0;1;1;3;3;0;0;2;5;
Jonas Jerebko;;19:40;1;5;1;3;1;2;2;2;4;1;1;0;0;3;4;
Charlie Villanueva;;14:54;0;3;0;2;2;2;0;4;4;0;0;1;1;1;2;
Will Bynum;;22:20;7;12;0;2;3;4;1;0;1;4;1;0;5;4;17;
Kim English;;20:01;3;8;1;5;1;3;1;2;3;1;1;0;1;4;8;
Viacheslav Kravtsov;;28:34;6;7;0;0;2;10;5;5;10;1;0;0;0;4;14;
Khris Middleton;;23:34;1;7;1;1;7;9;0;3;3;0;1;1;1;2;10;
IND
Paul George;F;25:55;4;6;3;4;1;2;0;7;7;2;1;1;7;4;12;
David West;F;25:46;8;11;0;0;2;2;0;8;8;4;1;1;2;1;18;
Roy Hibbert;C;26:14;4;8;0;0;2;3;1;5;6;4;1;1;1;2;10;
Lance Stephenson;G;20:01;4;8;0;0;2;2;0;5;5;2;3;1;2;3;10;
George Hill;G;27:56;4;7;2;3;5;5;0;2;2;6;1;1;0;3;15;
Orlando Johnson;;23:22;5;5;3;3;1;3;1;2;3;3;0;0;0;2;14;
Tyler Hansbrough;;17:31;1;2;0;0;5;6;0;3;3;1;2;0;0;1;7;
D.J. Augustin;;14:46;2;2;1;1;0;0;1;2;3;3;0;0;0;2;5;
Sam Young;;18:42;2;5;0;1;2;4;1;4;5;1;0;0;1;2;6;
Ian Mahinmi;;14:13;3;7;0;0;0;0;0;3;3;0;1;1;0;0;6;
Gerald Green;;12:44;1;8;0;1;1;2;0;0;0;3;0;0;0;0;3;
Jeff Ayres;;7:33;1;2;0;0;0;0;0;2;2;0;0;0;0;3;2;
Ben Hansbrough;;5:18;2;2;1;1;1;4;0;0;0;0;0;0;1;2;6;
