11-14;IND-MIL;85-99;
17-33;17-27;19-22;32-17;
IND
Paul George;F;30:11;5;17;1;6;1;1;0;3;3;2;1;1;2;2;12;
David West;F;22:58;3;9;0;0;1;2;1;8;9;1;0;0;2;3;7;
Roy Hibbert;C;25:00;3;6;0;0;1;4;3;5;8;0;0;2;2;2;7;
Lance Stephenson;G;30:06;1;3;0;2;2;2;0;3;3;4;0;0;3;2;4;
George Hill;G;30:17;1;10;0;3;1;2;2;2;4;4;0;0;2;3;3;
Tyler Hansbrough;;19:13;6;8;0;0;5;6;3;2;5;1;0;0;2;3;17;
Gerald Green;;26:07;4;10;2;4;3;4;1;5;6;0;0;0;0;1;13;
Ian Mahinmi;;7:25;1;2;0;0;3;4;1;1;2;0;0;0;1;1;5;
D.J. Augustin;;15:24;1;4;1;3;0;0;0;0;0;1;0;0;1;0;3;
Sam Young;;15:42;3;6;1;2;1;4;0;5;5;1;1;1;1;0;8;
Miles Plumlee;;5:54;0;1;0;0;2;2;2;2;4;1;0;0;0;0;2;
Ben Hansbrough;;5:54;0;0;0;0;0;0;0;0;0;3;1;0;2;0;0;
Jeff Ayres;;5:49;2;4;0;0;0;0;3;1;4;1;0;0;1;1;4;
MIL
Tobias Harris;F;20:05;4;5;0;0;3;4;0;4;4;2;0;0;1;2;11;
Ersan Ilyasova;F;21:46;2;9;0;0;1;2;1;3;4;1;1;0;0;1;5;
Samuel Dalembert;C;18:25;5;7;0;0;4;4;1;5;6;1;1;3;1;4;14;
Monta Ellis;G;27:41;6;15;0;2;4;4;0;3;3;3;2;0;1;2;16;
Brandon Jennings;G;28:41;6;12;2;6;2;2;0;3;3;4;1;0;0;1;16;
Beno Udrih;;27:11;3;7;0;0;3;3;2;4;6;10;3;0;0;2;9;
Ekpe Udoh;;19:28;1;6;0;0;2;2;4;3;7;0;2;0;0;1;4;
Mike Dunleavy;;23:36;2;9;1;6;0;0;0;3;3;0;0;0;1;3;5;
Larry Sanders;;21:52;4;6;0;0;1;4;4;1;5;2;1;2;0;4;9;
Marquis Daniels;;12:28;0;4;0;2;0;0;0;0;0;1;0;0;1;0;0;
John Henson;;7:30;5;8;0;0;0;0;1;0;1;0;0;2;0;1;10;
Joel Przybilla;;6:46;0;0;0;0;0;0;1;3;4;0;0;1;0;0;0;
Doron Lamb;;4:32;0;3;0;0;0;0;0;0;0;0;0;0;1;1;0;
