01-13;GSW-DEN;105-116;
25-27;29-25;33-27;18-37;
GSW
Harrison Barnes;F;29:22;8;11;5;6;0;0;0;6;6;0;1;0;2;2;21;
David Lee;F;42:09;11;18;0;0;1;2;3;10;13;6;1;1;4;5;23;
Festus Ezeli;C;16:02;0;0;0;0;0;0;2;3;5;1;0;1;0;5;0;
Klay Thompson;G;39:16;6;16;1;7;0;0;0;6;6;3;0;1;5;3;13;
Stephen Curry;G;41:08;11;18;7;9;0;0;0;0;0;7;1;0;1;4;29;
Carl Landry;;28:53;2;4;0;0;1;2;0;1;1;2;0;2;0;2;5;
Draymond Green;;11:12;1;3;0;0;0;0;1;1;2;1;0;0;0;0;2;
Jarrett Jack;;26:19;4;11;0;2;2;2;0;4;4;8;0;0;5;3;10;
Charles Jenkins;;1:55;0;0;0;0;0;0;0;0;0;0;0;0;1;0;0;
Kent Bazemore;;1:52;0;2;0;0;2;2;0;0;0;0;0;0;0;0;2;
Jeremy Tyler;;1:52;0;0;0;0;0;0;0;2;2;0;0;0;0;0;0;
DEN
Danilo Gallinari;F;34:51;7;12;3;7;4;6;3;5;8;6;0;0;1;2;21;
Kenneth Faried;F;30:16;4;12;0;0;1;1;3;7;10;0;0;1;1;4;9;
Kosta Koufos;C;20:48;4;6;0;0;0;0;4;1;5;0;0;0;0;1;8;
Andre Iguodala;G;31:53;4;11;1;6;1;2;0;3;3;6;5;0;1;0;10;
Ty Lawson;G;32:52;6;14;2;5;6;6;0;2;2;5;1;0;1;1;20;
Wilson Chandler;;20:55;6;14;2;5;0;0;1;5;6;1;3;0;3;2;14;
Andre Miller;;25:17;5;8;0;0;2;2;2;4;6;8;2;0;0;3;12;
JaVale McGee;;19:30;2;3;0;0;5;8;1;0;1;0;0;1;0;3;9;
Corey Brewer;;21:32;5;10;1;4;2;2;0;3;3;1;0;0;0;0;13;
Evan Fournier;;0:42;0;0;0;0;0;0;0;0;0;0;0;0;0;0;0;
Jordan Hamilton;;0:42;0;0;0;0;0;0;0;0;0;0;0;0;0;0;0;
Anthony Randolph;;0:42;0;0;0;0;0;0;0;0;0;0;0;0;1;0;0;
