03-08;IND-ORL;115-86;
22-15;31-23;35-25;27-23;
IND
Paul George;F;27:25;8;12;4;5;5;5;1;4;5;3;1;0;2;0;25;
David West;F;26:05;4;13;0;0;1;2;2;5;7;2;0;0;2;2;9;
Roy Hibbert;C;27:13;3;5;0;0;4;4;0;2;2;1;1;5;1;2;10;
Lance Stephenson;G;28:10;5;7;0;0;0;2;1;5;6;3;0;0;1;3;10;
George Hill;G;22:28;5;9;1;3;0;0;1;2;3;5;1;0;1;1;11;
Ian Mahinmi;;13:34;0;1;0;0;2;2;1;5;6;1;0;2;2;3;2;
Orlando Johnson;;19:50;1;5;0;3;0;0;0;1;1;2;1;0;2;3;2;
Tyler Hansbrough;;20:10;7;10;0;0;4;6;3;3;6;2;0;1;0;2;18;
D.J. Augustin;;25:32;5;9;4;6;0;0;1;2;3;8;0;0;1;3;14;
Sam Young;;15:13;2;6;1;1;0;0;1;1;2;5;1;1;0;0;5;
Jeff Ayres;;5:33;0;1;0;0;2;2;1;0;1;0;0;0;0;0;2;
Gerald Green;;5:22;3;5;1;1;0;0;1;1;2;1;0;0;0;0;7;
Miles Plumlee;;3:25;0;0;0;0;0;0;0;1;1;0;0;0;0;0;0;
ORL
Maurice Harkless;F;26:55;0;8;0;2;3;4;3;3;6;0;3;0;4;4;3;
Tobias Harris;F;21:22;2;8;1;1;2;2;0;8;8;0;0;2;4;5;7;
Nikola Vucevic;C;33:41;6;11;0;0;0;0;3;3;6;1;2;2;5;3;12;
Arron Afflalo;G;29:26;6;13;2;3;5;5;0;2;2;1;0;0;1;0;19;
Jameer Nelson;G;30:12;3;10;2;5;2;2;1;2;3;6;3;0;3;3;10;
Al Harrington;;6:36;1;3;0;1;0;0;2;0;2;0;0;0;2;1;2;
E'Twaun Moore;;11:23;3;5;0;1;0;0;1;0;1;0;0;0;0;0;6;
Beno Udrih;;17:48;5;7;0;0;2;2;0;0;0;7;0;0;0;0;12;
Kyle O'Quinn;;16:17;1;4;0;0;0;0;1;2;3;1;0;0;0;4;2;
DeQuan Jones;;16:16;3;6;0;1;0;0;0;2;2;0;0;1;0;0;6;
Andrew Nicholson;;18:04;1;3;0;0;0;0;1;3;4;0;0;0;1;2;2;
Doron Lamb;;12:00;1;4;0;1;3;4;0;1;1;0;0;0;0;0;5;
