12-12;CLE-IND;81-96;
29-25;29-27;12-28;11-16;
CLE
Alonzo Gee;F;30:38;0;7;0;0;1;2;2;2;4;4;0;0;2;3;1;
Tristan Thompson;F;24:53;2;4;0;0;0;1;4;5;9;1;0;1;3;3;4;
Anderson Varejao;C;29:17;0;9;0;0;4;4;4;8;12;3;1;2;1;2;4;
CJ Miles;G;27:54;8;18;6;9;6;6;0;2;2;0;1;1;2;2;28;
Kyrie Irving;G;27:49;4;12;0;3;1;2;0;1;1;4;2;0;2;4;9;
Tyler Zeller;;17:01;3;3;0;0;2;2;2;1;3;0;0;0;0;6;8;
Daniel Gibson;;17:33;3;8;2;5;0;0;0;0;0;2;0;0;0;1;8;
Donald Sloan;;20:11;1;5;1;2;2;2;0;1;1;2;2;0;1;2;5;
Samardo Samuels;;22:16;5;11;0;1;0;2;0;2;2;1;0;0;0;4;10;
Luke Walton;;17:22;1;3;0;2;1;2;0;4;4;2;1;2;1;0;3;
Kevin Jones;;2:33;0;0;0;0;0;0;0;1;1;0;0;0;0;0;0;
Jeremy Pargo;;2:33;0;1;0;0;1;2;1;0;1;0;0;0;0;1;1;
IND
Paul George;F;34:34;10;18;3;5;4;5;1;6;7;3;0;0;2;2;27;
David West;F;32:50;7;15;0;0;4;4;3;6;9;7;1;2;1;1;18;
Roy Hibbert;C;28:32;1;7;0;0;2;2;5;7;12;1;1;3;5;3;4;
Lance Stephenson;G;17:53;4;6;0;1;1;1;0;3;3;2;0;0;0;1;9;
George Hill;G;30:35;5;16;1;7;6;7;1;6;7;3;2;0;1;2;17;
Gerald Green;;24:28;1;8;0;4;0;0;0;0;0;3;1;2;3;0;2;
Tyler Hansbrough;;12:37;3;5;0;0;1;2;1;2;3;1;0;0;0;3;7;
Ian Mahinmi;;19:28;1;4;0;0;1;1;2;4;6;1;0;0;0;5;3;
Ben Hansbrough;;17:18;1;2;1;1;3;4;0;1;1;1;2;0;0;3;6;
Sam Young;;16:39;1;2;0;0;0;0;0;0;0;1;0;1;0;1;2;
Orlando Johnson;;2:33;0;0;0;0;0;0;0;0;0;0;0;0;0;0;0;
Jeff Ayres;;2:33;0;0;0;0;1;2;0;0;0;0;0;0;1;0;1;
