02-01;POR-UTA;77-86;
19-26;17-25;25-22;16-13;
POR
Nicolas Batum;F;38:11;2;7;1;1;0;0;2;4;6;3;2;3;3;3;5;
LaMarcus Aldridge;F;36:53;6;17;0;0;4;7;5;5;10;4;0;1;1;3;16;
JJ Hickson;C;26:33;4;6;0;0;3;4;1;5;6;0;1;1;4;2;11;
Wesley Matthews;G;26:54;3;8;1;4;2;2;0;3;3;0;1;2;2;2;9;
Damian Lillard;G;41:47;10;23;3;8;3;3;0;3;3;5;0;1;4;1;26;
Meyers Leonard;;5:38;0;1;0;0;0;0;0;0;0;0;0;0;0;3;0;
Jared Jeffries;;3:55;0;2;0;0;0;0;2;0;2;0;0;0;1;1;0;
Will Barton;;6:05;1;2;0;0;0;0;1;1;2;0;0;0;0;1;2;
Luke Babbitt;;21:05;2;6;2;4;0;0;0;5;5;0;0;0;0;3;6;
Ronnie Price;;14:32;1;4;0;1;0;0;1;0;1;2;0;0;0;1;2;
Victor Claver;;17:15;0;2;0;2;0;0;0;2;2;0;2;0;0;2;0;
Nolan Smith;;1:12;0;1;0;0;0;0;0;0;0;1;0;0;0;0;0;
UTA
Marvin Williams;F;26:45;4;6;0;1;0;0;0;5;5;1;1;1;1;1;8;
Paul Millsap;F;29:27;6;12;0;0;3;3;1;1;2;0;1;2;1;4;15;
Al Jefferson;C;36:55;10;22;0;0;1;1;3;7;10;2;1;2;1;2;21;
Randy Foye;G;35:38;4;17;3;11;3;4;0;7;7;3;1;0;2;3;14;
Jamaal Tinsley;G;16:18;0;0;0;0;0;0;0;0;0;2;0;0;0;2;0;
Earl Watson;;22:19;1;1;1;1;0;0;0;4;4;7;1;0;2;2;3;
Derrick Favors;;23:28;3;9;0;1;1;3;2;10;12;1;1;1;1;3;7;
Alec Burks;;21:22;1;4;0;1;0;0;1;3;4;1;0;0;1;1;2;
DeMarre Carroll;;21:15;5;8;0;0;3;4;2;0;2;2;1;0;2;2;13;
Enes Kanter;;5:47;1;2;0;0;1;2;0;1;1;0;0;1;2;1;3;
Kevin Murphy;;0:23;0;0;0;0;0;0;0;0;0;0;0;0;0;0;0;
Jeremy Evans;;0:23;0;0;0;0;0;0;0;0;0;0;0;0;0;0;0;
