11-12;BOS-CHI;101-95;
33-27;25-19;24-24;19-25;
BOS
Paul Pierce;F;32:46;4;13;0;3;2;2;1;5;6;5;2;1;1;3;10;
Brandon Bass;F;34:18;5;6;0;0;6;6;2;3;5;3;1;2;0;2;16;
Kevin Garnett;C;28:35;6;15;0;0;3;3;0;5;5;1;1;0;0;4;15;
Jason Terry;G;26:26;5;10;1;5;2;2;0;1;1;1;0;1;0;2;13;
Rajon Rondo;G;37:23;10;16;0;2;0;0;1;8;9;10;5;0;5;4;20;
Jared Sullinger;;12:54;1;2;1;1;0;0;0;1;1;4;0;1;0;2;3;
Chris Wilcox;;19:25;2;2;0;0;3;3;1;1;2;0;0;0;0;4;7;
Courtney Lee;;17:47;2;3;0;1;0;0;0;0;0;1;0;0;0;1;4;
Jeff Green;;15:14;3;7;1;2;0;0;1;4;5;0;0;0;1;0;7;
Leandro Barbosa;;15:12;3;7;0;2;0;0;0;0;0;3;0;0;1;2;6;
CHI
Luol Deng;F;45:25;11;20;1;3;3;5;2;9;11;3;1;0;3;1;26;
Carlos Boozer;F;27:01;7;14;0;0;1;3;0;4;4;1;1;0;1;2;15;
Joakim Noah;C;41:52;6;10;0;0;5;5;1;10;11;3;0;1;1;3;17;
Richard Hamilton;G;21:09;3;8;0;0;2;2;0;2;2;4;0;0;1;1;8;
Nate Robinson;G;29:52;3;7;1;2;4;4;2;0;2;7;2;0;4;1;11;
Marco Belinelli;;18:42;2;6;1;3;0;0;0;2;2;1;1;0;1;0;5;
Taj Gibson;;20:59;1;4;0;0;2;4;2;1;3;2;0;0;1;3;4;
Nazr Mohammed;;6:08;0;1;0;0;0;0;0;1;1;1;1;0;0;0;0;
Marquis Teague;;18:08;1;4;0;1;3;4;0;3;3;2;0;0;1;3;5;
Jimmy Butler;;10:44;0;0;0;0;4;4;1;0;1;0;0;0;0;1;4;
