12-19;CHA-PHX;104-121;
27-28;19-36;22-33;36-24;
CHA
Michael Kidd-Gilchrist;F;35:40;9;14;0;0;7;8;5;7;12;4;3;1;0;0;25;
Byron Mullens;F;39:20;5;11;2;2;1;2;1;8;9;1;0;0;2;1;13;
Bismack Biyombo;C;20:30;1;4;0;0;0;0;1;1;2;0;0;1;2;0;2;
Gerald Henderson;G;19:58;2;9;0;0;0;0;1;3;4;3;0;1;2;1;4;
Kemba Walker;G;37:24;9;14;2;2;7;8;0;4;4;6;1;0;3;2;27;
Ramon Sessions;;18:24;1;4;0;0;0;0;0;1;1;4;1;0;3;0;2;
Ben Gordon;;21:36;7;12;1;3;0;0;0;0;0;1;1;0;2;3;15;
Brendan Haywood;;21:08;3;7;0;0;0;0;5;1;6;0;0;0;1;3;6;
Jeff Taylor;;26:00;3;11;1;3;3;4;2;2;4;0;0;1;0;1;10;
PHX
Jared Dudley;F;33:50;7;12;4;8;2;2;2;2;4;5;3;0;1;2;20;
Luis Scola;F;35:38;4;9;0;1;4;4;2;3;5;4;0;0;2;6;12;
Marcin Gortat;C;40:07;4;11;0;0;0;0;4;5;9;2;1;3;2;1;8;
Shannon Brown;G;34:07;10;16;5;7;1;1;0;4;4;2;1;1;0;1;26;
Goran Dragic;G;33:58;8;13;4;5;1;2;0;3;3;11;0;0;3;5;21;
Markieff Morris;;11:56;1;6;0;2;0;0;0;1;1;0;2;0;1;1;2;
Sebastian Telfair;;14:03;4;6;3;4;0;0;0;1;1;3;0;0;1;1;11;
Michael Beasley;;14:03;3;5;1;1;0;0;0;1;1;1;0;0;1;2;7;
PJ Tucker;;14:01;5;6;0;0;0;0;1;1;2;1;0;0;0;0;10;
Jermaine O'Neal;;7:53;1;1;0;0;2;2;1;2;3;2;0;2;0;3;4;
Luke Zeller;;0:26;0;0;0;0;0;0;0;0;0;0;0;0;0;0;0;
