01-14;ATL-CHI;58-97;
15-26;5-22;17-23;21-26;
ATL
Kyle Korver;F;25:20;3;5;1;2;2;3;0;2;2;0;1;0;1;4;9;
Josh Smith;F;26:57;4;14;0;2;1;2;0;5;5;1;0;2;1;2;9;
Al Horford;C;26:36;3;10;0;0;0;0;5;6;11;1;2;1;4;2;6;
Devin Harris;G;16:02;0;5;0;2;0;0;0;2;2;0;0;0;2;3;0;
Jeff Teague;G;27:29;2;8;0;2;2;2;0;2;2;5;1;1;2;2;6;
Lou Williams;;24:45;2;6;0;2;0;0;0;1;1;3;0;0;2;0;4;
John Jenkins;;30:37;1;9;1;3;0;0;0;2;2;3;0;1;0;1;3;
Zaza Pachulia;;18:36;2;9;0;0;0;0;3;3;6;1;1;0;0;3;4;
Ivan Johnson;;5:26;1;5;0;0;0;0;0;1;1;0;0;0;1;2;2;
Anthony Tolliver;;15:18;0;2;0;1;0;0;1;1;2;0;0;1;0;2;0;
Mike Scott;;15:58;4;5;0;0;2;2;1;2;3;1;0;0;0;2;10;
Johan Petro;;6:56;2;4;0;0;1;1;1;1;2;0;0;0;1;1;5;
CHI
Luol Deng;F;32:37;7;9;2;3;2;4;0;2;2;1;2;1;0;0;18;
Carlos Boozer;F;31:32;7;14;0;0;6;8;2;11;13;3;0;1;5;4;20;
Joakim Noah;C;27:34;2;11;0;0;5;6;4;12;16;1;0;2;2;1;9;
Richard Hamilton;G;20:14;2;7;0;1;4;4;0;1;1;2;2;0;1;1;8;
Kirk Hinrich;G;24:00;0;3;0;1;1;2;0;3;3;3;0;2;0;3;1;
Taj Gibson;;21:08;4;8;0;0;0;0;2;5;7;0;1;5;1;2;8;
Marco Belinelli;;23:28;2;5;0;1;2;2;0;0;0;1;0;0;2;1;6;
Nate Robinson;;18:00;4;8;1;3;0;1;2;5;7;3;0;1;0;1;9;
Jimmy Butler;;15:23;2;5;1;1;3;4;2;1;3;1;0;0;0;0;8;
Nazr Mohammed;;12:00;1;3;0;0;2;2;1;3;4;1;1;1;2;3;4;
Marquis Teague;;6:00;0;1;0;0;0;0;0;0;0;1;0;0;0;0;0;
Daequan Cook;;4:18;2;3;2;3;0;0;0;1;1;0;0;0;0;0;6;
Vladimir Radmanovic;;3:45;0;2;0;1;0;0;2;0;2;1;0;0;0;0;0;
