02-27;DET-WAS;96-95;
28-24;23-31;31-13;14-27;
DET
Kyle Singler;F;27:00;4;7;1;1;0;0;0;2;2;1;1;0;0;2;9;
Jason Maxiell;F;25:38;2;4;0;0;0;0;1;7;8;3;1;4;0;1;4;
Greg Monroe;C;39:10;12;17;0;0;2;3;3;8;11;1;4;0;5;4;26;
Brandon Knight;G;36:20;11;18;5;6;5;9;0;3;3;4;1;0;4;1;32;
Jose Calderon;G;36:03;2;6;0;1;2;2;0;4;4;18;1;0;2;1;6;
Jonas Jerebko;;12:03;1;2;0;1;0;0;1;1;2;1;0;0;1;2;2;
Rodney Stuckey;;19:51;1;2;0;1;0;2;0;3;3;2;0;0;2;0;2;
Kim English;;11:40;4;6;2;2;0;0;0;0;0;0;1;0;0;1;10;
Will Bynum;;13:40;1;7;0;1;0;0;0;0;0;3;0;0;2;1;2;
Charlie Villanueva;;9:45;1;3;1;2;0;0;0;3;3;2;1;0;0;1;3;
Viacheslav Kravtsov;;8:51;0;0;0;0;0;0;0;0;0;0;0;0;0;1;0;
WAS
Martell Webster;F;23:16;2;6;1;2;0;0;1;3;4;2;0;0;0;1;5;
Trevor Booker;F;16:47;2;5;0;0;0;2;1;4;5;2;0;0;0;1;4;
Emeka Okafor;C;34:57;6;10;0;0;3;4;2;3;5;3;0;0;1;1;15;
Bradley Beal;G;42:36;8;16;0;5;0;0;0;6;6;1;3;1;1;3;16;
John Wall;G;24:02;3;9;0;0;0;0;0;1;1;4;1;0;7;1;6;
Trevor Ariza;;33:07;7;13;4;7;4;4;1;5;6;3;3;1;1;3;22;
A.J. Price;;23:58;3;6;3;5;0;0;0;1;1;8;1;1;1;0;9;
Chris Singleton;;24:37;3;9;0;0;0;0;3;5;8;3;0;1;3;3;6;
Kevin Seraphin;;16:40;6;10;0;0;0;0;1;2;3;1;0;0;1;2;12;
