02-19;BOS-DEN;90-97;
22-21;28-28;20-29;20-19;
BOS
Paul Pierce;F;34:55;2;14;1;5;5;5;1;5;6;6;0;0;2;6;10;
Brandon Bass;F;29:01;3;7;0;0;0;0;0;9;9;2;1;0;1;0;6;
Kevin Garnett;C;31:25;6;14;0;0;0;2;2;7;9;4;2;0;1;3;12;
Courtney Lee;G;29:50;6;9;2;4;1;1;1;2;3;4;2;0;2;4;15;
Avery Bradley;G;32:54;7;16;1;4;2;2;0;3;3;0;0;0;3;4;17;
Jason Collins;;11:33;0;1;0;0;1;2;2;2;4;0;0;0;1;1;1;
Jeff Green;;33:16;8;12;2;4;2;2;1;1;2;2;1;2;2;5;20;
Jason Terry;;26:34;2;5;1;3;2;2;0;1;1;3;0;0;0;1;7;
Chris Wilcox;;10:22;1;1;0;0;0;0;1;1;2;1;0;0;0;0;2;
Fab Melo;;0:10;0;0;0;0;0;0;0;0;0;0;0;0;0;0;0;
DEN
Danilo Gallinari;F;39:08;7;17;4;9;8;11;1;4;5;5;1;0;1;4;26;
Kenneth Faried;F;34:41;3;7;0;0;1;4;5;11;16;1;1;1;0;3;7;
Kosta Koufos;C;21:37;5;6;0;0;1;1;1;1;2;0;0;0;1;2;11;
Andre Iguodala;G;28:46;0;7;0;1;1;4;0;3;3;7;2;1;1;2;1;
Ty Lawson;G;37:13;8;13;2;5;8;10;1;5;6;6;1;0;0;1;26;
Wilson Chandler;;17:32;0;6;0;3;0;0;1;6;7;0;0;0;0;1;0;
Andre Miller;;23:01;4;6;1;1;2;3;0;1;1;2;0;1;3;2;11;
JaVale McGee;;17:48;2;5;0;0;1;1;0;2;2;0;0;0;0;1;5;
Corey Brewer;;20:15;4;10;0;1;2;2;1;2;3;0;2;0;1;1;10;
