11-30;PHI-CHA;104-98;
27-25;27-25;22-23;28-25;
PHI
Evan Turner;F;36:45;10;15;1;2;4;4;2;8;10;0;1;1;0;5;25;
Thaddeus Young;F;36:58;7;13;0;0;1;2;1;6;7;2;0;1;1;3;15;
Lavoy Allen;C;35:23;5;10;0;0;0;0;6;4;10;1;0;1;0;3;10;
Jason Richardson;G;30:21;9;17;4;8;0;0;1;4;5;1;2;1;2;1;22;
Jrue Holiday;G;38:29;6;15;0;1;1;2;2;0;2;15;0;1;3;2;13;
Nick Young;;20:33;3;6;1;2;2;2;0;1;1;2;1;1;1;0;9;
Spencer Hawes;;14:05;1;2;0;0;0;0;0;2;2;1;0;0;1;2;2;
Dorell Wright;;7:54;1;1;1;1;0;0;0;0;0;1;1;0;1;0;3;
Maalik Wayns;;10:38;2;5;1;3;0;0;0;0;0;2;0;0;1;1;5;
Kwame Brown;;8:54;0;2;0;0;0;0;1;1;2;1;0;0;0;1;0;
CHA
Michael Kidd-Gilchrist;F;27:54;5;10;0;0;0;0;1;7;8;2;1;0;0;0;10;
Byron Mullens;F;34:15;3;12;0;3;4;4;1;5;6;0;0;0;1;3;10;
Brendan Haywood;C;25:10;4;9;0;0;0;2;4;0;4;0;0;1;1;1;8;
Jeff Taylor;G;33:07;6;10;2;4;2;2;1;0;1;2;1;0;1;2;16;
Kemba Walker;G;27:02;5;11;3;6;0;0;1;3;4;9;2;1;2;0;13;
Bismack Biyombo;;24:17;5;6;0;0;4;8;2;5;7;1;0;3;1;2;14;
Ben Gordon;;33:07;8;15;3;4;0;0;0;4;4;5;0;1;3;1;19;
DeSagana Diop;;6:44;0;1;0;0;0;0;1;1;2;0;0;0;0;0;0;
Ramon Sessions;;28:24;3;9;0;0;2;2;2;3;5;6;1;0;1;1;8;
