12-18;PHI-DAL;100-107;
23-28;29-29;22-19;26-31;
PHI
Nick Young;F;23:47;3;6;1;3;1;1;0;0;0;0;0;0;1;1;8;
Thaddeus Young;F;36:32;5;13;0;0;2;4;4;3;7;2;1;0;1;2;12;
Kwame Brown;C;19:18;2;3;0;0;0;0;1;6;7;1;1;0;1;3;4;
Jason Richardson;G;29:39;5;14;1;7;0;0;1;5;6;4;3;0;1;1;11;
Evan Turner;G;38:05;7;16;3;6;0;0;0;5;5;5;1;1;4;2;17;
Dorell Wright;;29:50;8;18;7;13;2;2;3;2;5;2;0;0;3;3;25;
Spencer Hawes;;27:19;5;7;0;0;8;8;4;3;7;0;0;1;2;2;18;
Royal Ivey;;3:36;0;1;0;1;0;0;0;0;0;0;0;0;0;1;0;
Lavoy Allen;;5:37;1;1;0;0;0;0;1;0;1;0;0;0;0;2;2;
Maalik Wayns;;20:57;1;7;1;5;0;0;0;1;1;9;0;0;0;3;3;
Damien Wilkins;;5:21;0;0;0;0;0;0;0;1;1;0;0;0;0;1;0;
DAL
Dahntay Jones;F;26:25;3;7;0;2;2;2;0;4;4;3;0;0;1;2;8;
Shawn Marion;F;34:06;7;11;0;0;0;0;4;5;9;1;2;1;3;0;14;
Chris Kaman;C;30:04;9;15;0;0;2;4;0;7;7;0;0;1;2;4;20;
O.J. Mayo;G;36:12;8;12;2;2;8;9;0;3;3;8;3;0;2;2;26;
Derek Fisher;G;5:09;1;3;0;0;0;0;0;0;0;1;0;0;0;0;2;
Darren Collison;;30:40;2;7;1;2;7;8;0;3;3;2;2;0;1;1;12;
Vince Carter;;23:39;1;4;1;3;0;0;0;2;2;1;0;2;0;2;3;
Brandan Wright;;17:28;5;6;0;0;0;0;2;4;6;0;1;0;0;0;10;
Jae Crowder;;17:43;0;3;0;2;4;4;0;1;1;0;1;0;1;2;4;
Dominique Jones;;16:07;3;4;0;0;2;2;0;0;0;3;0;0;1;0;8;
Rodrigue Beaubois;;2:27;0;0;0;0;0;0;0;0;0;0;0;0;0;0;0;
