11-11;MIA-MEM;86-104;
21-22;20-34;25-20;20-28;
MIA
LeBron James;F;35:43;10;19;0;1;0;4;3;7;10;6;2;1;2;2;20;
Shane Battier;F;16:01;1;3;1;3;2;4;2;0;2;0;0;1;2;4;5;
Chris Bosh;C;32:59;8;12;0;0;6;8;3;5;8;0;0;0;2;0;22;
Dwyane Wade;G;33:21;3;15;0;1;2;2;4;4;8;3;1;0;1;0;8;
Mario Chalmers;G;23:12;2;9;0;2;1;3;0;2;2;3;1;0;0;2;5;
Udonis Haslem;;21:03;1;3;0;0;3;4;0;1;1;1;0;2;1;3;5;
Ray Allen;;25:18;2;7;1;3;0;1;0;1;1;2;3;1;2;0;5;
Norris Cole;;21:46;0;3;0;1;7;8;0;4;4;2;0;0;1;2;7;
Rashard Lewis;;13:16;1;4;1;2;1;2;1;0;1;0;1;0;1;2;4;
Joel Anthony;;4:37;0;1;0;0;0;0;0;0;0;0;0;1;1;0;0;
James Jones;;4:37;0;1;0;1;0;0;0;0;0;0;0;0;0;1;0;
Mike Miller;;4:37;0;0;0;0;0;0;0;2;2;1;0;0;0;0;0;
Josh Harrellson;;3:30;2;2;1;1;0;0;2;2;4;0;0;0;0;0;5;
MEM
Rudy Gay;F;37:20;7;17;2;3;5;5;1;7;8;5;4;2;3;0;21;
Zach Randolph;F;32:29;8;16;0;0;2;2;5;7;12;1;0;0;2;4;18;
Marc Gasol;C;32:00;1;6;0;0;0;0;1;9;10;6;0;0;0;1;2;
Tony Allen;G;14:23;1;2;0;0;2;2;0;0;0;0;0;1;0;3;4;
Mike Conley;G;31:31;7;11;3;6;1;1;0;3;3;9;0;0;3;3;18;
Quincy Pondexter;;19:27;3;6;1;2;0;2;0;1;1;1;1;0;0;2;7;
Marreese Speights;;19:05;1;6;0;0;2;2;3;2;5;1;0;0;2;3;4;
Jerryd Bayless;;16:29;2;3;1;1;0;0;0;1;1;0;1;1;3;2;5;
Wayne Ellington;;27:20;8;13;7;11;2;2;0;1;1;3;0;0;0;2;25;
Josh Selby;;3:30;0;2;0;1;0;0;0;1;1;0;1;0;0;1;0;
Tony Wroten;;3:30;0;3;0;0;0;0;1;0;1;0;1;0;0;1;0;
Hamed Haddadi;;2:56;0;1;0;0;0;0;0;0;0;0;0;0;1;0;0;
