02-02;CHA-HOU;95-109;
27-32;24-30;26-17;18-30;
CHA
Michael Kidd-Gilchrist;F;20:02;1;5;0;0;2;2;1;4;5;0;0;1;2;2;4;
Jeff Adrien;F;21:27;1;4;0;0;2;2;2;5;7;3;0;0;3;1;4;
Bismack Biyombo;C;32:24;0;2;0;0;0;0;2;1;3;0;0;4;0;3;0;
Gerald Henderson;G;23:45;5;8;0;0;5;5;0;3;3;0;2;0;1;3;15;
Kemba Walker;G;42:46;10;23;2;6;2;2;1;2;3;3;4;1;2;4;24;
Jeff Taylor;;28:36;6;8;2;3;1;2;0;3;3;3;1;1;0;3;15;
Ramon Sessions;;28:41;5;9;1;2;9;11;0;2;2;6;0;0;3;1;20;
Brendan Haywood;;15:36;0;3;0;0;0;0;3;3;6;0;0;0;1;3;0;
Tyrus Thomas;;6:30;1;3;0;0;0;0;0;1;1;0;0;0;0;1;2;
Ben Gordon;;20:13;4;14;3;8;0;0;0;2;2;3;0;0;1;2;11;
HOU
Chandler Parsons;F;43:33;9;17;3;6;3;3;3;7;10;4;0;1;2;2;24;
Patrick Patterson;F;28:54;10;12;2;3;2;2;1;3;4;1;0;0;1;4;24;
Omer Asik;C;37:56;8;13;0;0;3;6;6;9;15;1;1;2;1;2;19;
James Harden;G;40:24;6;11;1;3;8;9;0;11;11;11;1;1;3;4;21;
Jeremy Lin;G;33:47;4;10;0;2;1;1;1;1;2;8;3;1;4;2;9;
Cole Aldrich;;10:04;2;4;0;0;1;2;1;1;2;0;0;0;0;2;5;
Toney Douglas;;19:46;3;11;1;4;0;0;1;2;3;1;0;0;1;2;7;
Carlos Delfino;;6:30;0;2;0;1;0;0;0;1;1;1;0;0;0;0;0;
Marcus Morris;;19:06;0;2;0;1;0;0;1;1;2;0;0;0;2;1;0;
