12-04;IND-CHI;80-76;
20-18;15-19;25-18;20-21;
IND
Paul George;F;40:57;14;25;1;3;5;5;4;5;9;2;3;2;2;3;34;
David West;F;35:21;3;12;0;0;4;6;2;7;9;5;1;0;1;3;10;
Roy Hibbert;C;34:11;5;11;0;0;0;0;6;5;11;2;2;2;3;2;10;
Lance Stephenson;G;37:53;2;5;0;0;2;3;2;5;7;1;0;0;1;4;6;
George Hill;G;36:54;3;16;1;5;1;2;0;3;3;5;1;0;1;1;8;
Tyler Hansbrough;;12:39;0;4;0;0;2;2;1;1;2;0;0;0;1;2;2;
Gerald Green;;6:05;1;2;0;1;0;0;0;1;1;0;0;0;1;2;2;
Sam Young;;11:05;0;0;0;0;0;0;0;2;2;0;1;0;0;1;0;
Ian Mahinmi;;13:49;1;3;0;0;4;6;0;0;0;0;1;0;2;2;6;
D.J. Augustin;;11:06;0;2;0;1;2;3;1;1;2;2;1;0;0;1;2;
CHI
Luol Deng;F;41:14;5;15;1;2;6;7;1;6;7;3;0;0;4;1;17;
Carlos Boozer;F;27:29;7;13;0;0;0;1;2;8;10;2;0;0;2;4;14;
Joakim Noah;C;39:28;4;9;0;0;1;1;2;5;7;3;1;3;5;2;9;
Marco Belinelli;G;24:02;2;5;0;1;2;4;0;3;3;1;0;0;1;1;6;
Kirk Hinrich;G;23:36;2;7;1;2;0;0;0;0;0;6;1;2;1;3;5;
Jimmy Butler;;30:30;2;4;0;0;0;0;4;5;9;0;1;0;1;2;4;
Taj Gibson;;21:09;0;5;0;0;0;0;3;4;7;1;0;2;1;3;0;
Nate Robinson;;24:36;5;13;2;7;7;7;0;2;2;1;0;0;4;4;19;
Nazr Mohammed;;7:54;1;2;0;0;0;0;1;0;1;1;0;0;0;1;2;
Marquis Teague;;0:03;0;0;0;0;0;0;0;0;0;0;0;0;0;0;0;
