01-02;MIN-UTA;84-106;
24-23;21-30;21-26;18-27;
MIN
Andrei Kirilenko;F;30:27;4;7;0;1;4;4;3;4;7;2;0;2;0;1;12;
Kevin Love;F;30:11;4;14;0;4;5;5;4;6;10;3;1;2;1;1;13;
Nikola Pekovic;C;29:42;4;9;0;0;3;4;3;1;4;0;1;4;1;1;11;
Alexey Shved;G;36:07;3;10;2;7;5;6;0;3;3;2;0;1;2;1;13;
Luke Ridnour;G;30:33;4;11;0;1;0;0;0;3;3;2;0;0;2;3;8;
Jose Juan Barea;;20:10;1;8;0;1;2;2;0;1;1;4;0;0;1;0;4;
Greg Stiemsma;;8:15;1;2;0;0;0;0;0;1;1;0;0;0;1;6;2;
Dante Cunningham;;17:52;2;9;0;1;0;0;0;3;3;1;1;0;1;1;4;
Derrick Williams;;17:49;2;5;0;1;3;4;1;1;2;1;2;2;1;2;7;
Lou Amundson;;12:55;4;8;0;0;0;3;5;1;6;0;1;1;1;1;8;
Lazar Hayward;;5:59;0;1;0;1;2;2;0;1;1;2;0;0;0;1;2;
UTA
Marvin Williams;F;26:33;4;10;1;4;2;2;1;4;5;3;1;2;0;3;11;
Paul Millsap;F;27:20;7;8;0;0;0;0;0;0;0;3;3;1;2;2;14;
Al Jefferson;C;28:09;6;13;0;0;0;0;1;4;5;2;1;4;1;2;12;
Randy Foye;G;20:33;1;4;0;1;2;3;0;1;1;2;0;0;0;2;4;
Jamaal Tinsley;G;23:46;6;8;0;2;0;0;0;6;6;3;0;0;1;3;12;
Derrick Favors;;16:26;4;6;0;0;0;0;4;2;6;1;0;3;1;3;8;
Gordon Hayward;;23:13;6;12;3;4;2;2;1;2;3;0;0;0;1;0;17;
Earl Watson;;24:14;1;4;0;1;0;0;1;3;4;9;0;0;0;2;2;
DeMarre Carroll;;12:46;1;6;0;0;0;0;3;4;7;0;0;1;1;0;2;
Enes Kanter;;19:51;5;10;0;0;5;6;2;6;8;1;1;0;3;5;15;
Alec Burks;;12:55;2;6;0;0;4;4;2;2;4;0;1;0;2;4;8;
Jeremy Evans;;4:14;0;0;0;0;1;2;0;0;0;1;0;1;0;0;1;
