01-11;SAS-MEM;98-101;
25-22;18-29;28-17;24-27;3-6;
SAS
Kawhi Leonard;F;38:34;2;6;1;3;1;2;0;2;2;1;2;0;0;2;6;
Tim Duncan;F;38:55;5;14;0;1;3;4;4;11;15;4;0;3;6;3;13;
Tiago Splitter;C;30:55;5;7;0;0;3;4;1;4;5;4;2;1;0;6;13;
Danny Green;G;18:18;3;7;1;5;2;2;1;1;2;1;0;0;0;0;9;
Tony Parker;G;42:17;10;21;3;3;7;7;0;1;1;5;0;0;4;4;30;
Boris Diaw;;25:45;3;5;0;1;0;0;0;2;2;4;1;0;3;2;6;
Manu Ginobili;;35:31;5;11;4;9;0;0;1;5;6;5;1;0;3;1;14;
Stephen Jackson;;19:25;2;3;1;2;2;3;0;0;0;0;1;0;1;0;7;
Gary Neal;;5:40;0;1;0;0;0;0;0;0;0;1;0;0;1;1;0;
Matt Bonner;;4:37;0;0;0;0;0;0;0;1;1;0;1;0;0;1;0;
Patty Mills;;5:03;0;1;0;1;0;0;0;1;1;0;1;0;0;1;0;
MEM
Rudy Gay;F;42:35;10;20;1;4;2;5;1;5;6;1;0;1;0;3;23;
Zach Randolph;F;42:47;8;15;0;1;2;2;5;5;10;2;1;0;2;4;18;
Marc Gasol;C;37:13;4;11;0;0;2;2;1;5;6;2;1;3;2;4;10;
Tony Allen;G;39:16;5;7;0;0;0;0;2;3;5;3;3;0;1;3;10;
Mike Conley;G;40:50;5;15;1;4;10;10;0;2;2;5;2;0;4;2;21;
Marreese Speights;;3:06;0;1;0;0;0;0;0;0;0;0;0;0;1;1;0;
Jerryd Bayless;;24:05;1;5;1;2;0;0;0;1;1;3;1;0;4;2;3;
Wayne Ellington;;12:28;1;2;0;1;0;0;0;0;0;0;0;0;0;0;2;
Darrell Arthur;;22:41;6;9;0;0;2;2;0;5;5;3;2;0;0;2;14;
