02-01;SAC-PHI;80-89;
23-27;16-27;29-18;12-17;
SAC
John Salmons;F;32:31;1;7;0;2;0;0;0;3;3;3;1;0;0;0;2;
Jason Thompson;F;30:46;3;9;0;0;0;0;1;3;4;0;1;0;1;3;6;
DeMarcus Cousins;C;35:12;6;13;0;0;0;3;5;7;12;4;2;3;4;4;12;
Tyreke Evans;G;41:44;11;18;1;2;6;8;0;4;4;4;2;0;3;3;29;
Isaiah Thomas;G;33:08;7;18;0;3;10;10;0;4;4;5;1;0;2;2;24;
Marcus Thornton;;23:21;2;5;0;1;2;2;0;0;0;2;2;0;0;1;6;
Aaron Brooks;;7:25;0;2;0;0;0;0;0;1;1;0;0;0;1;0;0;
Francisco Garcia;;20:25;0;3;0;1;0;0;0;3;3;2;3;1;0;2;0;
Charles Hayes;;4:42;0;1;0;0;0;0;2;0;2;1;0;0;1;0;0;
Thomas Robinson;;6:34;0;2;0;0;0;0;1;1;2;0;0;0;1;0;0;
Jimmer Fredette;;4:13;0;1;0;1;1;2;0;0;0;0;0;0;0;0;1;
PHI
Evan Turner;F;31:03;3;8;0;1;2;4;1;5;6;6;2;0;4;1;8;
Thaddeus Young;F;42:30;11;17;0;1;1;2;5;10;15;2;2;0;0;2;23;
Spencer Hawes;C;25:49;4;13;0;1;2;2;0;1;1;1;0;0;3;2;10;
Nick Young;G;33:59;6;12;1;5;7;7;0;4;4;0;1;1;2;2;20;
Jrue Holiday;G;44:14;9;18;1;2;2;2;1;5;6;7;1;2;8;4;21;
Dorell Wright;;16:37;1;3;1;3;0;0;0;5;5;1;0;0;1;3;3;
Lavoy Allen;;26:40;2;4;0;0;0;2;1;7;8;3;0;1;0;1;4;
Royal Ivey;;19:08;0;1;0;1;0;0;1;1;2;0;0;0;0;3;0;
