02-08;NYK-MIN;100-94;
25-23;27-22;18-31;30-18;
NYK
Iman Shumpert;F;12:11;0;2;0;0;0;0;0;3;3;2;0;0;1;2;0;
Carmelo Anthony;F;40:28;13;26;2;9;8;9;0;9;9;2;0;1;1;3;36;
Tyson Chandler;C;33:21;2;3;0;0;1;4;4;3;7;1;1;1;0;3;5;
Raymond Felton;G;37:37;4;11;1;4;2;2;1;3;4;1;1;1;3;2;11;
Jason Kidd;G;30:13;2;5;1;2;2;2;0;4;4;4;1;2;0;0;7;
J.R. Smith;;35:04;6;14;2;5;1;1;1;7;8;4;1;1;0;3;15;
Amar'e Stoudemire;;21:11;5;7;0;0;1;1;4;1;5;1;0;0;2;3;11;
Steve Novak;;13:51;4;9;2;6;1;1;0;1;1;0;0;0;0;0;11;
Pablo Prigioni;;10:23;0;1;0;0;0;0;0;1;1;4;1;0;1;2;0;
Kurt Thomas;;5:41;2;3;0;0;0;0;0;0;0;0;0;0;0;1;4;
MIN
Mickael Gelabale;F;12:54;0;1;0;0;0;0;0;1;1;2;1;0;0;0;0;
Derrick Williams;F;33:23;8;17;0;6;3;4;1;5;6;1;1;1;0;5;19;
Nikola Pekovic;C;36:05;6;10;0;0;4;5;6;5;11;1;1;0;3;1;16;
Luke Ridnour;G;36:19;9;15;0;2;2;2;1;1;2;3;1;0;1;2;20;
Ricky Rubio;G;38:59;6;14;1;1;5;9;0;2;2;11;1;0;1;0;18;
Dante Cunningham;;19:09;3;7;0;0;2;3;1;7;8;0;0;0;0;5;8;
Alexey Shved;;26:05;3;10;0;2;2;3;1;3;4;0;1;0;0;0;8;
Jose Juan Barea;;21:46;2;6;0;2;1;1;0;3;3;1;0;0;3;3;5;
Greg Stiemsma;;11:55;0;0;0;0;0;0;2;2;4;0;0;1;1;2;0;
Chris Johnson;;3:26;0;0;0;0;0;0;0;0;0;0;0;0;0;0;0;
