03-06;MIL-LAC;101-117;
32-34;26-32;24-23;19-28;
MIL
Luc Mbah a Moute;F;17:30;3;7;0;1;0;0;0;2;2;0;2;0;0;0;6;
Ersan Ilyasova;F;30:33;7;12;3;5;3;3;2;3;5;3;0;0;0;1;20;
Larry Sanders;C;30:01;5;11;0;0;1;1;1;6;7;3;1;0;3;2;11;
Monta Ellis;G;35:26;9;15;2;6;2;2;0;2;2;6;0;0;5;2;22;
Brandon Jennings;G;39:29;6;12;5;10;1;1;0;1;1;12;1;0;1;4;18;
Mike Dunleavy;;25:17;3;8;2;3;2;2;0;4;4;2;1;0;0;1;10;
Ekpe Udoh;;7:19;0;0;0;0;0;0;0;1;1;0;0;0;1;1;0;
JJ Redick;;21:57;1;5;1;4;0;0;0;3;3;2;0;0;0;2;3;
John Henson;;17:27;1;4;0;0;2;2;2;5;7;0;1;0;2;0;4;
Samuel Dalembert;;6:45;2;3;0;0;1;2;0;2;2;0;0;1;1;1;5;
Marquis Daniels;;4:21;0;1;0;0;0;0;0;0;0;1;0;0;0;0;0;
Gustavo Ayon;;3:55;1;1;0;0;0;2;0;0;0;0;0;0;0;0;2;
LAC
Caron Butler;F;19:29;3;8;1;4;0;0;0;3;3;0;0;1;0;1;7;
Blake Griffin;F;32:50;9;14;0;1;5;8;2;9;11;11;1;1;3;2;23;
DeAndre Jordan;C;19:34;5;7;0;0;0;0;5;1;6;0;1;1;2;2;10;
Chauncey Billups;G;18:24;2;5;1;3;2;2;0;0;0;3;0;0;0;0;7;
Chris Paul;G;32:07;6;12;0;1;2;2;0;3;3;9;1;0;0;0;14;
Jamal Crawford;;26:05;11;16;3;6;0;0;1;3;4;2;3;1;1;0;25;
Lamar Odom;;18:18;0;1;0;0;0;0;1;7;8;3;1;0;1;5;0;
Matt Barnes;;28:31;7;12;6;11;0;0;0;2;2;2;1;1;2;2;20;
Eric Bledsoe;;15:53;2;4;1;1;0;0;0;1;1;1;0;2;1;1;5;
Grant Hill;;21:00;1;4;0;1;2;2;0;2;2;1;1;1;0;2;4;
Willie Green;;3:55;0;3;0;1;0;0;0;1;1;0;0;1;0;0;0;
Ronny Turiaf;;3:55;1;1;0;0;0;0;0;1;1;1;1;0;0;0;2;
