02-20;NOH-CLE;100-105;
20-20;21-23;28-25;31-37;
NOH
Al-Farouq Aminu;F;35:37;1;2;0;0;2;2;2;8;10;3;1;2;0;0;4;
Anthony Davis;F;29:13;2;7;0;0;8;8;2;2;4;1;0;2;1;4;12;
Robin Lopez;C;15:33;5;9;0;0;5;6;3;0;3;0;0;0;3;6;15;
Austin Rivers;G;30:55;5;11;1;1;0;0;1;3;4;2;0;0;0;5;11;
Greivis Vasquez;G;38:49;5;13;1;5;2;2;0;4;4;8;0;1;4;2;13;
Ryan Anderson;;28:10;3;11;1;4;0;0;0;3;3;1;0;0;3;1;7;
Jason Smith;;23:04;5;9;0;0;2;4;1;5;6;0;1;0;1;4;12;
Xavier Henry;;6:57;0;1;0;0;0;0;0;1;1;0;0;1;0;0;0;
Roger Mason Jr.;;20:46;4;5;1;1;0;0;1;2;3;0;0;0;0;3;9;
Brian Roberts;;10:56;7;8;3;4;0;0;1;0;1;1;0;0;1;3;17;
CLE
Alonzo Gee;F;28:01;3;7;3;4;1;2;0;1;1;0;1;0;0;1;10;
Tristan Thompson;F;32:54;2;8;0;0;5;12;5;8;13;1;1;1;2;3;9;
Tyler Zeller;C;22:06;5;7;0;0;0;0;2;0;2;0;0;0;1;3;10;
Dion Waiters;G;28:54;6;10;0;1;4;4;0;0;0;3;1;1;0;1;16;
Kyrie Irving;G;36:40;13;22;2;5;7;7;0;5;5;7;2;0;4;1;35;
Marreese Speights;;18:26;2;7;0;0;0;2;3;3;6;1;0;0;0;2;4;
Shaun Livingston;;13:18;1;4;0;0;0;0;1;1;2;2;0;0;0;3;2;
Luke Walton;;17:39;0;2;0;0;0;0;0;2;2;6;0;0;0;2;0;
CJ Miles;;18:10;5;7;0;2;1;1;1;1;2;0;1;1;0;2;11;
Wayne Ellington;;23:52;1;3;0;2;6;6;0;1;1;0;0;0;1;0;8;
