11-17;CHI-LAC;80-101;
15-18;25-35;21-25;19-23;
CHI
Luol Deng;F;32:36;5;16;0;1;4;6;3;5;8;1;1;0;2;2;14;
Carlos Boozer;F;32:14;10;19;0;0;2;2;3;9;12;0;1;1;1;3;22;
Joakim Noah;C;30:00;0;6;0;0;4;4;4;3;7;4;1;1;3;0;4;
Richard Hamilton;G;32:05;6;11;0;0;2;2;1;3;4;1;2;0;1;3;14;
Kirk Hinrich;G;27:48;0;5;0;2;1;2;1;1;2;10;0;0;5;1;1;
Taj Gibson;;20:03;1;6;0;0;0;0;4;1;5;1;2;2;0;3;2;
Nate Robinson;;18:06;4;11;1;4;2;2;0;0;0;0;0;0;1;3;11;
Marco Belinelli;;17:07;1;6;1;4;0;0;0;1;1;1;0;0;0;1;3;
Nazr Mohammed;;3:59;0;1;0;0;2;2;1;0;1;0;0;0;1;1;2;
Jimmy Butler;;14:12;2;5;0;1;1;2;2;1;3;0;0;0;0;0;5;
Vladimir Radmanovic;;9:44;1;3;0;2;0;0;2;0;2;0;0;0;1;3;2;
Marquis Teague;;2:06;0;0;0;0;0;0;0;0;0;0;0;0;0;0;0;
LAC
Caron Butler;F;19:15;2;5;0;0;1;1;0;1;1;1;0;0;0;1;5;
Blake Griffin;F;33:02;11;18;0;0;4;5;2;8;10;2;2;0;4;3;26;
DeAndre Jordan;C;28:54;2;5;0;0;1;4;1;7;8;0;2;7;2;4;5;
Willie Green;G;20:38;2;6;0;1;0;0;0;1;1;0;0;0;1;2;4;
Chris Paul;G;30:55;4;9;0;3;0;2;0;3;3;10;3;0;1;2;8;
Matt Barnes;;26:10;5;9;1;2;2;3;3;3;6;2;1;1;1;1;13;
Ryan Hollins;;17:00;0;1;0;0;5;6;1;0;1;0;0;1;0;4;5;
Jamal Crawford;;27:22;6;10;3;5;7;7;0;2;2;1;0;0;1;1;22;
Eric Bledsoe;;19:40;4;6;0;1;2;2;2;2;4;4;2;0;0;2;10;
Lamar Odom;;14:58;1;6;1;4;0;0;1;4;5;1;0;0;2;0;3;
Ronny Turiaf;;2:06;0;0;0;0;0;0;0;0;0;0;0;1;0;0;0;
