02-06;BOS-TOR;99-95;
20-23;30-22;19-34;30-16;
BOS
Paul Pierce;F;37:11;2;11;2;7;6;7;0;11;11;6;1;1;2;1;12;
Brandon Bass;F;23:50;4;6;0;0;2;3;0;3;3;1;0;1;0;3;10;
Kevin Garnett;C;32:19;11;18;0;0;5;5;0;10;10;0;0;0;2;4;27;
Courtney Lee;G;28:57;6;11;0;3;3;3;0;2;2;3;0;0;0;2;15;
Avery Bradley;G;25:59;4;9;1;2;2;2;1;2;3;2;0;1;3;1;11;
Jason Collins;;8:01;0;0;0;0;0;0;0;0;0;0;0;0;0;2;0;
Jason Terry;;25:39;1;3;0;1;0;0;0;1;1;2;0;1;2;1;2;
Jeff Green;;27:27;2;6;0;2;4;6;4;2;6;3;1;0;1;1;8;
Leandro Barbosa;;27:02;5;8;1;4;3;4;1;2;3;4;2;0;3;5;14;
Chris Wilcox;;3:36;0;1;0;0;0;0;0;2;2;0;0;1;0;0;0;
TOR
Rudy Gay;F;41:25;8;24;1;7;8;8;2;10;12;3;4;0;3;3;25;
Amir Johnson;F;32:54;8;12;0;0;0;0;5;7;12;1;1;1;1;4;16;
Aaron Gray;C;19:45;0;1;0;0;4;4;1;1;2;0;0;0;2;2;4;
DeMar DeRozan;G;39:41;5;16;0;1;3;5;1;2;3;2;1;0;2;2;13;
Kyle Lowry;G;37:52;6;12;3;6;2;3;2;5;7;8;4;0;4;5;17;
Andrea Bargnani;;23:51;5;10;0;3;3;3;1;2;3;2;2;0;1;2;13;
Alan Anderson;;27:49;2;7;0;1;1;1;0;2;2;0;0;0;0;3;5;
John Lucas III;;10:08;0;0;0;0;2;2;0;2;2;1;0;0;1;1;2;
Terrence Ross;;4:37;0;0;0;0;0;0;0;0;0;1;0;1;1;1;0;
Jonas Valanciunas;;1:58;0;0;0;0;0;0;0;0;0;0;0;0;0;0;0;
