01-27;DET-ORL;104-102;
29-25;25-19;24-33;26-25;
DET
Tayshaun Prince;F;34:53;3;13;0;2;1;2;2;3;5;4;2;0;3;0;7;
Jason Maxiell;F;20:09;2;5;0;0;0;1;0;3;3;0;0;1;0;2;4;
Greg Monroe;C;33:23;7;11;0;0;3;4;2;5;7;6;1;2;2;1;17;
Kyle Singler;G;19:23;3;5;2;2;2;2;0;3;3;2;2;0;0;4;10;
Brandon Knight;G;36:48;12;16;5;8;2;2;0;4;4;0;1;0;3;0;31;
Kim English;;18:36;2;3;0;1;2;2;1;1;2;0;0;0;0;0;6;
Andre Drummond;;16:22;0;1;0;0;0;0;0;4;4;0;0;2;1;1;0;
Austin Daye;;15:36;3;6;2;4;0;0;0;4;4;1;1;0;1;1;8;
Charlie Villanueva;;24:32;5;12;2;5;0;1;2;3;5;0;1;2;0;1;12;
Will Bynum;;20:19;3;7;0;1;3;4;0;0;0;12;0;0;2;4;9;
ORL
Arron Afflalo;F;26:00;2;7;0;1;0;0;0;1;1;4;1;0;1;3;4;
Glen Davis;F;38:16;8;22;0;0;1;2;5;7;12;4;0;0;5;2;17;
Nikola Vucevic;C;40:25;6;13;0;0;0;0;8;9;17;3;0;1;1;4;12;
JJ Redick;G;39:45;10;17;8;11;3;5;2;4;6;2;3;0;5;3;31;
Jameer Nelson;G;37:29;6;14;1;6;5;6;1;5;6;8;1;0;2;5;18;
E'Twaun Moore;;29:14;7;14;1;4;3;3;0;1;1;3;2;0;1;3;18;
Gustavo Ayon;;12:04;0;0;0;0;0;0;1;2;3;1;1;0;0;0;0;
Maurice Harkless;;12:54;1;3;0;1;0;0;1;4;5;0;1;1;0;1;2;
Ish Smith;;3:54;0;0;0;0;0;0;0;0;0;1;0;0;0;0;0;
