11-27;MIN-SAC;97-89;
27-26;21-19;27-22;22-22;
MIN
Andrei Kirilenko;F;41:20;5;12;0;1;4;4;1;5;6;5;0;3;4;2;14;
Kevin Love;F;43:51;8;17;2;8;5;6;3;21;24;2;2;1;2;4;23;
Nikola Pekovic;C;35:57;6;13;0;0;4;6;3;5;8;4;0;1;4;4;16;
Malcolm Lee;G;21:00;4;6;2;3;0;0;0;0;0;1;1;1;2;1;10;
Luke Ridnour;G;30:04;8;13;0;3;2;2;1;1;2;5;1;1;2;3;18;
Jose Juan Barea;;17:56;1;5;0;2;0;0;1;3;4;6;0;0;1;2;2;
Alexey Shved;;27:00;3;8;2;5;0;0;0;1;1;2;2;0;1;0;8;
Dante Cunningham;;16:13;3;7;0;0;0;0;3;3;6;0;2;0;0;0;6;
Josh Howard;;6:40;0;2;0;0;0;0;0;0;0;0;0;1;1;0;0;
SAC
John Salmons;F;29:55;2;5;1;2;0;0;0;0;0;2;1;0;2;4;5;
Jason Thompson;F;27:06;3;8;0;0;1;2;0;5;5;0;1;3;2;1;7;
DeMarcus Cousins;C;27:52;9;22;0;0;2;2;4;1;5;2;2;0;2;4;20;
Tyreke Evans;G;35:60;9;14;2;3;0;0;0;7;7;6;2;2;2;1;20;
Aaron Brooks;G;26:01;2;7;1;4;2;3;2;1;3;4;0;0;0;3;7;
Marcus Thornton;;25:31;5;13;2;7;0;0;0;2;2;2;2;0;1;1;12;
Thomas Robinson;;13:51;1;3;0;0;0;0;0;6;6;1;0;0;0;1;2;
Isaiah Thomas;;21:05;4;6;0;1;4;5;0;3;3;3;2;0;4;1;12;
Charles Hayes;;26:46;1;5;0;0;0;2;2;2;4;1;0;0;0;3;2;
James Johnson;;5:55;1;1;0;0;0;0;0;1;1;0;1;1;0;0;2;
