03-15;ORL-OKC;104-117;
26-39;30-34;28-22;20-22;
ORL
Maurice Harkless;F;32:20;5;9;1;3;1;4;1;1;2;0;6;0;1;5;12;
Tobias Harris;F;40:05;4;10;1;3;10;10;0;6;6;0;3;0;2;3;19;
Nikola Vucevic;C;41:27;8;15;0;0;5;5;3;11;14;1;1;0;1;3;21;
Arron Afflalo;G;41:34;10;24;0;6;0;0;1;2;3;3;0;0;1;3;20;
Jameer Nelson;G;44:55;10;22;5;12;1;2;0;4;4;7;0;0;3;5;26;
E'Twaun Moore;;16:42;1;6;0;2;0;0;0;0;0;1;1;0;0;1;2;
Al Harrington;;6:03;0;0;0;0;0;0;0;0;0;0;0;0;0;2;0;
Beno Udrih;;6:03;1;5;0;1;0;0;1;0;1;0;1;0;1;1;2;
Doron Lamb;;4:22;0;0;0;0;0;0;0;0;0;0;0;0;1;0;0;
DeQuan Jones;;2:22;1;1;0;0;0;0;1;0;1;0;0;0;0;0;2;
Kyle O'Quinn;;4:07;0;0;0;0;0;0;0;2;2;0;0;0;0;0;0;
OKC
Kevin Durant;F;35:56;8;15;1;5;9;12;1;8;9;3;3;0;6;3;26;
Serge Ibaka;F;28:02;8;10;0;0;4;7;2;4;6;1;0;3;3;1;20;
Kendrick Perkins;C;31:33;2;4;0;0;1;4;1;11;12;3;0;1;3;4;5;
Thabo Sefolosha;G;29:46;2;4;0;1;1;2;1;1;2;3;0;0;1;1;5;
Russell Westbrook;G;36:46;8;19;3;6;4;5;1;5;6;6;0;0;0;0;23;
Kevin Martin;;21:45;5;9;0;1;5;7;0;6;6;3;0;0;2;3;15;
Nick Collison;;18:06;2;4;0;0;3;4;1;2;3;1;0;0;1;0;7;
Derek Fisher;;13:40;2;3;0;0;0;0;0;2;2;0;1;0;0;1;4;
Perry Jones;;11:14;4;5;0;0;0;0;1;4;5;0;0;0;1;0;8;
Reggie Jackson;;13:12;1;3;0;0;2;2;0;1;1;1;2;0;0;3;4;
