12-07;MEM-NOH;96-89;
22-17;29-22;20-27;25-23;
MEM
Rudy Gay;F;40:35;10;18;2;5;6;8;0;8;8;5;0;2;2;4;28;
Zach Randolph;F;32:55;7;13;0;1;1;4;4;3;7;0;1;1;2;2;15;
Marc Gasol;C;29:54;5;11;0;0;3;3;2;7;9;4;0;1;4;2;13;
Tony Allen;G;21:58;3;6;0;0;0;1;0;2;2;0;3;1;1;1;6;
Mike Conley;G;35:38;2;11;1;4;2;2;0;5;5;9;5;0;1;2;7;
Darrell Arthur;;12:24;1;2;0;0;0;0;0;0;0;0;0;0;1;3;2;
Wayne Ellington;;10:12;0;2;0;2;2;2;0;0;0;0;0;0;0;0;2;
Jerryd Bayless;;20:38;1;2;1;1;2;2;0;4;4;2;0;0;1;1;5;
Marreese Speights;;10:07;1;1;0;0;0;0;2;3;5;0;0;1;2;0;2;
Quincy Pondexter;;25:39;6;6;4;4;0;0;3;3;6;3;0;0;2;2;16;
NOH
Xavier Henry;F;20:45;4;6;1;1;3;4;0;3;3;0;1;0;0;3;12;
Ryan Anderson;F;33:41;5;13;3;7;2;2;2;0;2;0;0;0;0;1;15;
Robin Lopez;C;20:03;1;6;0;0;0;0;0;3;3;0;1;1;4;2;2;
Roger Mason Jr.;G;18:13;3;4;2;3;0;0;0;2;2;2;1;0;1;1;8;
Greivis Vasquez;G;22:30;2;6;0;0;0;0;1;2;3;8;2;1;4;0;4;
Austin Rivers;;29:47;7;13;1;2;0;2;0;3;3;2;2;1;1;2;15;
Brian Roberts;;25:30;6;10;1;1;2;2;0;3;3;4;1;0;1;2;15;
Lance Thomas;;14:19;0;0;0;0;0;0;1;3;4;0;0;0;0;1;0;
Jason Smith;;27:57;7;14;0;0;0;0;1;4;5;3;0;5;1;2;14;
Darius Miller;;27:15;1;3;0;2;2;2;0;1;1;3;1;0;0;2;4;
