12-08;SAC-POR;99-80;
30-18;13-23;34-24;22-15;
SAC
John Salmons;F;36:26;6;10;3;4;4;5;1;2;3;11;2;0;0;3;19;
Jason Thompson;F;29:06;4;10;0;0;4;5;2;6;8;0;2;0;2;3;12;
DeMarcus Cousins;C;34:09;6;17;0;1;7;8;2;10;12;2;1;0;0;2;19;
Francisco Garcia;G;30:31;5;13;2;5;0;0;1;4;5;2;1;2;1;2;12;
Aaron Brooks;G;30:19;6;10;2;4;0;0;0;2;2;3;2;0;4;1;14;
Marcus Thornton;;17:29;2;9;0;3;2;2;1;1;2;0;4;0;0;0;6;
Isaiah Thomas;;17:41;2;5;1;1;0;0;0;3;3;2;0;0;3;1;5;
Charles Hayes;;13:51;0;0;0;0;0;0;0;2;2;2;1;0;0;0;0;
Thomas Robinson;;7:37;0;2;0;0;1;2;1;1;2;0;0;1;0;1;1;
James Johnson;;5:33;0;3;0;0;0;0;0;1;1;0;0;1;0;2;0;
Travis Outlaw;;17:18;5;7;1;1;0;0;1;3;4;0;1;0;0;1;11;
POR
Nicolas Batum;F;17:06;1;5;1;5;2;2;0;2;2;2;1;0;4;1;5;
LaMarcus Aldridge;F;33:01;5;14;0;0;7;8;4;6;10;1;1;2;2;5;17;
JJ Hickson;C;29:08;7;12;0;0;0;1;2;13;15;0;1;1;0;3;14;
Wesley Matthews;G;28:58;5;11;2;3;2;2;0;1;1;0;0;0;2;2;14;
Damian Lillard;G;38:51;5;13;2;5;0;1;0;1;1;9;0;0;4;1;12;
Joel Freeland;;9:28;1;1;0;0;0;0;0;1;1;1;0;0;1;3;2;
Luke Babbitt;;27:01;3;9;2;5;1;2;0;7;7;2;0;0;1;1;9;
Nolan Smith;;14:37;0;2;0;0;0;0;0;1;1;0;0;1;1;1;0;
Meyers Leonard;;14:08;1;2;0;0;2;2;2;2;4;0;1;1;1;2;4;
Jared Jeffries;;3:37;0;1;0;0;0;0;0;1;1;0;0;0;1;0;0;
Ronnie Price;;16:56;0;3;0;2;0;0;2;0;2;1;0;1;0;2;0;
Sasha Pavlovic;;7:09;1;2;1;1;0;0;1;1;2;0;0;0;1;2;3;
