12-29;PHX-MIN;107-111;
29-32;29-32;29-25;20-22;
PHX
Jared Dudley;F;38:14;8;13;1;5;1;2;2;6;8;5;0;0;1;0;18;
Luis Scola;F;43:06;16;26;0;0;1;2;3;7;10;2;1;2;0;3;33;
Marcin Gortat;C;27:30;3;6;0;0;3;4;0;3;3;1;2;2;1;3;9;
Shannon Brown;G;35:59;9;17;1;3;2;2;2;4;6;3;0;0;0;4;21;
Goran Dragic;G;36:08;4;10;0;2;8;13;1;4;5;12;1;1;0;3;16;
Markieff Morris;;18:34;3;9;0;3;0;1;0;4;4;2;2;0;0;4;6;
PJ Tucker;;18:51;1;2;0;0;0;0;3;2;5;1;0;0;1;4;2;
Michael Beasley;;9:46;1;8;0;1;0;0;0;2;2;1;1;0;0;1;2;
Sebastian Telfair;;11:52;0;6;0;3;0;0;0;3;3;2;0;0;1;1;0;
MIN
Andrei Kirilenko;F;34:08;10;13;0;0;0;0;2;3;5;4;0;0;1;2;20;
Kevin Love;F;40:33;8;20;2;6;5;7;2;16;18;1;0;0;2;3;23;
Nikola Pekovic;C;34:20;13;20;0;0;2;4;6;5;11;1;1;1;0;1;28;
Alexey Shved;G;34:04;3;6;1;4;5;6;0;4;4;10;0;0;3;4;12;
Luke Ridnour;G;30:35;2;7;0;2;0;0;0;2;2;4;0;0;1;1;4;
Greg Stiemsma;;6:55;1;2;0;0;0;0;0;2;2;0;0;1;0;0;2;
Jose Juan Barea;;27:19;5;13;0;3;0;2;0;1;1;5;0;0;2;2;10;
Derrick Williams;;13:52;3;6;2;3;2;3;1;0;1;1;0;1;1;0;10;
Dante Cunningham;;18:15;0;2;0;0;2;4;0;7;7;1;1;0;0;1;2;
