01-21;SAC-NOH;105-114;
18-30;21-34;37-23;29-27;
SAC
John Salmons;F;29:04;1;4;1;2;2;2;0;1;1;4;1;0;0;2;5;
Jason Thompson;F;17:23;3;4;0;0;1;2;2;4;6;1;0;0;3;2;7;
DeMarcus Cousins;C;40:40;11;17;0;2;7;9;6;7;13;3;0;0;2;5;29;
Tyreke Evans;G;37:10;5;12;0;2;6;7;0;2;2;4;2;0;1;3;16;
Isaiah Thomas;G;39:43;8;14;1;1;3;3;0;1;1;3;1;0;4;5;20;
James Johnson;;12:27;1;5;0;0;4;5;0;1;1;0;0;1;0;0;6;
Marcus Thornton;;10:50;2;9;0;3;0;0;2;2;4;1;1;0;0;1;4;
Thomas Robinson;;10:15;1;3;0;0;0;0;1;3;4;1;0;0;0;3;2;
Aaron Brooks;;8:18;1;3;0;1;0;0;1;0;1;0;0;0;0;0;2;
Charles Hayes;;7:20;1;1;0;0;0;0;0;0;0;0;0;0;0;0;2;
Francisco Garcia;;11:09;1;3;0;2;0;0;0;1;1;0;0;0;0;0;2;
Travis Outlaw;;15:42;3;6;1;2;3;4;0;2;2;1;0;0;0;1;10;
NOH
Al-Farouq Aminu;F;34:37;5;7;1;1;3;4;4;7;11;3;1;0;3;3;14;
Anthony Davis;F;15:20;5;7;0;0;1;3;3;3;6;0;1;3;0;0;11;
Robin Lopez;C;27:04;4;9;0;0;1;1;4;1;5;1;1;0;2;2;9;
Eric Gordon;G;29:07;6;15;2;4;2;2;0;1;1;2;1;0;3;4;16;
Greivis Vasquez;G;37:21;7;12;2;4;3;4;1;6;7;11;0;0;4;3;19;
Austin Rivers;;12:06;0;1;0;1;1;2;0;1;1;4;0;0;0;1;1;
Lance Thomas;;13:23;2;3;0;0;0;0;1;0;1;0;0;0;0;3;4;
Brian Roberts;;10:39;1;4;0;1;0;0;0;0;0;2;0;0;1;1;2;
Jason Smith;;19:18;2;7;0;0;4;4;3;4;7;0;0;1;2;4;8;
Ryan Anderson;;34:18;10;22;7;14;0;0;4;2;6;2;0;0;0;4;27;
Roger Mason Jr.;;6:47;1;2;0;0;1;1;0;4;4;0;0;0;0;2;3;
