12-21;IND-CLE;99-89;
23-23;21-22;33-22;22-22;
IND
Paul George;F;35:11;4;13;0;3;2;3;1;4;5;3;5;1;5;3;10;
David West;F;33:40;6;13;0;1;1;5;2;8;10;2;0;0;1;1;13;
Roy Hibbert;C;24:06;8;12;0;0;2;2;3;3;6;0;0;2;2;5;18;
Lance Stephenson;G;32:17;7;8;0;1;2;4;0;2;2;7;2;0;0;3;16;
George Hill;G;36:37;5;13;2;5;1;1;1;7;8;6;2;0;1;2;13;
Tyler Hansbrough;;13:03;0;3;0;0;2;2;1;3;4;1;0;0;2;2;2;
Gerald Green;;15:43;4;6;2;4;4;4;0;0;0;0;0;1;1;1;14;
Sam Young;;12:49;1;3;1;1;0;0;1;2;3;1;0;0;1;0;3;
Ian Mahinmi;;22:37;4;7;0;0;2;4;1;2;3;3;0;1;3;4;10;
Ben Hansbrough;;11:23;0;1;0;1;0;0;1;2;3;1;0;0;1;0;0;
Miles Plumlee;;1:17;0;0;0;0;0;0;0;0;0;0;0;0;0;0;0;
Jeff Ayres;;1:17;0;1;0;0;0;0;0;0;0;0;0;0;0;0;0;
CLE
Alonzo Gee;F;31:30;4;8;1;2;2;2;0;0;0;2;1;1;2;3;11;
Tristan Thompson;F;34:26;5;9;0;0;2;5;4;9;13;0;0;2;3;3;12;
Tyler Zeller;C;34:32;5;13;0;0;2;2;1;6;7;1;0;2;3;3;12;
Dion Waiters;G;30:38;4;12;0;3;3;4;0;4;4;7;1;0;2;3;11;
Kyrie Irving;G;35:09;5;16;0;3;7;7;0;1;1;5;1;0;6;0;17;
Daniel Gibson;;28:56;3;6;2;4;0;1;0;2;2;1;0;0;0;2;8;
Kevin Jones;;8:41;1;2;0;0;0;0;0;0;0;1;0;0;0;2;2;
Samardo Samuels;;18:21;1;3;0;0;2;2;0;3;3;1;0;0;0;5;4;
CJ Miles;;15:13;4;11;2;4;0;1;1;4;5;1;1;1;0;1;10;
Jeremy Pargo;;1:17;0;0;0;0;2;2;0;0;0;0;0;0;0;0;2;
Omri Casspi;;1:17;0;0;0;0;0;0;0;1;1;0;0;0;0;0;0;
