01-05;BOS-ATL;89-81;
18-31;20-22;33-9;18-19;
BOS
Paul Pierce;F;36:27;8;20;3;8;7;9;4;5;9;5;1;0;1;4;26;
Brandon Bass;F;35:41;5;6;0;0;0;0;3;1;4;2;3;1;1;1;10;
Kevin Garnett;C;32:56;7;12;0;0;0;0;0;5;5;3;3;1;3;2;14;
Avery Bradley;G;19:35;3;9;0;2;0;0;2;2;4;1;1;1;1;0;6;
Rajon Rondo;G;38:38;7;16;0;2;0;0;3;8;11;10;3;0;5;3;14;
Jared Sullinger;;23:31;4;8;0;0;0;1;4;5;9;2;0;1;0;3;8;
Jason Terry;;25:41;2;8;0;4;0;0;0;0;0;3;0;0;0;1;4;
Jason Collins;;3:52;1;1;0;0;0;0;0;0;0;0;0;0;0;1;2;
Jeff Green;;15:01;1;4;0;0;1;2;0;1;1;0;0;0;1;0;3;
Courtney Lee;;8:38;1;1;0;0;0;0;0;1;1;1;0;0;0;0;2;
ATL
Kyle Korver;F;25:35;3;9;3;8;0;0;0;3;3;2;0;0;1;6;9;
Josh Smith;F;43:44;4;18;1;5;3;6;2;8;10;5;2;3;6;2;12;
Al Horford;C;41:36;2;8;0;0;2;2;1;8;9;4;1;1;2;2;6;
Lou Williams;G;41:01;9;12;5;8;5;6;1;3;4;1;1;0;4;2;28;
Jeff Teague;G;42:47;7;14;1;5;2;2;0;1;1;4;3;0;2;1;17;
Zaza Pachulia;;13:37;0;1;0;0;2;2;1;1;2;0;0;0;2;3;2;
DeShawn Stevenson;;12:52;0;2;0;2;0;0;1;2;3;1;0;0;0;1;0;
Anthony Tolliver;;8:52;1;2;0;1;1;1;0;0;0;1;1;0;1;2;3;
John Jenkins;;3:19;0;0;0;0;0;0;0;0;0;0;0;0;0;0;0;
Ivan Johnson;;6:37;2;2;0;0;0;0;2;2;4;0;0;0;0;0;4;
