02-04;CHI-IND;101-111;
29-28;25-32;22-27;25-24;
CHI
Luol Deng;F;44:03;4;18;0;3;5;5;3;3;6;2;0;1;2;5;13;
Carlos Boozer;F;23:08;4;12;0;0;2;2;2;3;5;0;0;0;2;3;10;
Taj Gibson;C;44:03;5;9;0;0;0;2;5;6;11;1;1;5;3;3;10;
Richard Hamilton;G;15:47;5;9;0;1;0;0;1;2;3;1;0;0;1;4;10;
Nate Robinson;G;40:27;7;15;3;7;2;2;0;5;5;9;3;0;0;4;19;
Marquis Teague;;7:33;1;2;0;0;0;0;0;0;0;2;0;0;1;1;2;
Marco Belinelli;;24:21;9;13;1;3;5;6;0;0;0;3;0;0;1;4;24;
Jimmy Butler;;29:27;3;8;0;1;4;4;1;2;3;0;3;0;0;1;10;
Daequan Cook;;11:11;1;2;0;1;1;1;0;2;2;0;0;0;0;0;3;
IND
Paul George;F;44:26;6;14;2;4;7;8;0;11;11;5;2;2;4;2;21;
David West;F;36:33;11;18;0;0;7;10;1;8;9;4;1;3;3;1;29;
Roy Hibbert;C;30:18;3;11;0;0;0;0;5;4;9;1;0;1;1;1;6;
Lance Stephenson;G;33:54;6;9;1;4;2;3;1;3;4;5;1;1;2;3;15;
George Hill;G;38:08;7;10;3;5;5;5;0;2;2;6;0;1;4;0;22;
Tyler Hansbrough;;11:59;3;7;0;0;2;4;3;2;5;0;0;0;0;3;8;
Orlando Johnson;;8:28;0;0;0;0;2;2;0;1;1;1;0;0;1;1;2;
D.J. Augustin;;10:24;0;1;0;1;2;2;0;0;0;0;0;0;1;0;2;
Ian Mahinmi;;16:37;3;4;0;0;0;0;2;3;5;0;2;0;0;3;6;
Sam Young;;9:13;0;0;0;0;0;0;1;0;1;1;0;0;0;5;0;
