11-26;CLE-MEM;78-84;
27-24;20-18;22-20;9-22;
CLE
Alonzo Gee;F;33:09;4;11;1;2;0;0;2;3;5;1;0;0;2;4;9;
Tristan Thompson;F;32:23;4;7;0;0;1;2;3;2;5;0;2;2;3;5;9;
Anderson Varejao;C;37:17;7;11;0;1;1;2;8;14;22;3;2;1;3;2;15;
Dion Waiters;G;35:19;5;16;0;2;5;6;0;0;0;3;4;0;2;1;15;
Jeremy Pargo;G;30:35;4;12;1;4;0;0;1;1;2;3;1;0;3;0;9;
Daniel Gibson;;30:06;3;10;2;5;3;3;0;1;1;2;1;0;0;2;11;
Tyler Zeller;;13:23;0;1;0;0;0;0;0;4;4;0;0;0;1;5;0;
Omri Casspi;;14:51;1;3;0;2;0;0;0;1;1;0;0;1;0;2;2;
Samardo Samuels;;12:57;3;5;0;0;2;2;0;1;1;0;0;1;2;2;8;
MEM
Rudy Gay;F;42:13;6;13;2;3;1;2;0;6;6;3;2;0;2;1;15;
Zach Randolph;F;36:09;8;11;0;0;3;6;3;5;8;1;1;1;5;2;19;
Marc Gasol;C;36:35;7;10;0;0;5;5;3;3;6;3;1;0;3;3;19;
Tony Allen;G;29:27;3;9;0;0;2;2;1;3;4;0;3;0;0;2;8;
Jerryd Bayless;G;34:16;3;11;0;3;3;3;1;2;3;6;1;2;3;4;9;
Quincy Pondexter;;22:09;4;6;2;3;0;0;0;2;2;1;0;0;0;0;10;
Marreese Speights;;5:04;0;1;0;0;0;0;1;0;1;0;0;0;0;0;0;
Darrell Arthur;;18:12;1;5;0;0;0;0;1;2;3;1;0;2;0;0;2;
Josh Selby;;4:23;0;0;0;0;0;0;0;0;0;1;0;0;1;2;0;
Wayne Ellington;;11:32;1;5;0;2;0;0;0;0;0;0;0;0;0;1;2;
