12-15;DAL-MIN;106-114;
32-22;13-32;25-26;32-22;4-12;
DAL
Dahntay Jones;F;15:44;1;3;0;0;2;2;0;1;1;2;0;0;1;3;4;
Shawn Marion;F;34:34;7;14;0;0;0;0;5;5;10;5;1;1;1;1;14;
Chris Kaman;C;25:50;5;12;0;0;1;2;1;5;6;0;2;2;2;3;11;
O.J. Mayo;G;43:59;7;16;2;3;4;4;2;3;5;6;1;0;2;3;20;
Derek Fisher;G;28:46;5;8;3;5;7;7;0;0;0;3;2;0;5;6;20;
Darren Collison;;34:45;2;8;0;2;3;4;0;4;4;3;2;1;2;0;7;
Elton Brand;;26:09;7;11;0;0;1;2;3;4;7;0;1;2;3;2;15;
Brandan Wright;;8:20;0;2;0;0;0;0;0;1;1;0;0;1;1;0;0;
Vince Carter;;16:47;3;4;2;2;1;2;0;3;3;3;0;1;0;6;9;
Jae Crowder;;12:31;0;2;0;1;0;0;0;0;0;0;1;0;0;1;0;
Dominique Jones;;16:53;2;3;0;0;2;2;0;4;4;2;0;0;2;4;6;
Rodrigue Beaubois;;0:43;0;1;0;1;0;0;0;0;0;0;0;0;0;0;0;
MIN
Andrei Kirilenko;F;40:51;4;10;0;3;6;7;3;7;10;3;2;2;2;1;14;
Dante Cunningham;F;25:51;2;7;0;0;0;0;2;3;5;0;3;0;1;2;4;
Nikola Pekovic;C;42:36;10;21;0;0;1;1;7;2;9;3;0;0;1;0;21;
Alexey Shved;G;44:27;6;12;3;5;3;6;0;2;2;6;2;0;3;4;18;
Luke Ridnour;G;40:23;7;17;1;7;0;0;1;5;6;4;1;0;2;3;15;
Ricky Rubio;;18:02;1;4;0;3;6;8;1;3;4;9;3;0;2;2;8;
Greg Stiemsma;;10:19;1;2;0;0;2;2;0;1;1;0;2;3;1;3;4;
Derrick Williams;;18:53;5;9;0;2;6;6;2;4;6;0;0;0;1;0;16;
Jose Juan Barea;;23:39;5;12;2;3;2;2;1;4;5;3;2;0;3;3;14;
