03-03;CHA-SAC;83-119;
27-27;13-27;19-43;24-22;
CHA
Michael Kidd-Gilchrist;F;28:12;4;8;0;0;2;2;1;5;6;1;0;1;2;0;10;
Bismack Biyombo;F;6:10;1;1;0;0;0;0;0;2;2;0;0;0;0;2;2;
Byron Mullens;C;19:29;5;11;2;5;0;0;0;2;2;2;1;0;0;4;12;
Gerald Henderson;G;27:32;4;9;0;1;4;4;0;3;3;3;0;0;2;2;12;
Kemba Walker;G;26:22;2;7;1;4;6;9;0;0;0;6;2;0;2;0;11;
DeSagana Diop;;24:26;1;2;0;0;0;0;1;4;5;1;1;0;3;2;2;
Ramon Sessions;;17:17;0;5;0;1;4;4;0;0;0;2;0;0;0;1;4;
Jeff Taylor;;19:12;3;8;1;3;2;4;0;0;0;0;1;0;1;2;9;
Jeff Adrien;;16:06;0;3;0;0;3;4;2;3;5;0;0;0;0;2;3;
Ben Gordon;;13:25;1;5;1;1;0;0;0;1;1;1;0;0;0;2;3;
Josh McRoberts;;29:49;3;12;0;5;0;0;0;6;6;2;1;2;3;1;6;
Reggie Williams;;12:00;4;6;1;3;0;0;0;1;1;2;0;0;0;0;9;
SAC
John Salmons;F;30:25;6;13;5;10;5;5;2;1;3;2;2;0;1;3;22;
Jason Thompson;F;27:46;6;8;0;0;6;6;4;10;14;0;2;0;2;4;18;
DeMarcus Cousins;C;23:20;6;14;0;2;2;4;3;6;9;1;0;1;3;4;14;
Tyreke Evans;G;23:44;3;6;2;3;5;7;0;7;7;4;1;1;1;1;13;
Isaiah Thomas;G;26:50;4;10;2;5;0;0;0;2;2;7;0;0;2;2;10;
Marcus Thornton;;19:43;7;11;2;4;2;2;1;1;2;3;2;0;2;2;18;
Jimmer Fredette;;19:22;3;11;1;6;0;0;0;3;3;1;1;0;2;2;7;
Charles Hayes;;20:32;3;5;0;0;0;1;4;8;12;4;0;0;0;3;6;
Patrick Patterson;;16:57;2;4;1;2;0;0;1;1;2;0;0;1;1;0;5;
Toney Douglas;;15:29;0;4;0;1;2;2;2;1;3;2;0;0;1;1;2;
James Johnson;;8:27;1;2;0;0;0;0;0;0;0;1;0;0;3;0;2;
Cole Aldrich;;7:25;1;2;0;0;0;0;1;2;3;1;0;1;0;1;2;
