02-22;DAL-NOH;104-100;
35-29;18-29;30-21;21-21;
DAL
Shawn Marion;F;33:29;4;11;0;2;2;2;1;2;3;4;1;3;2;3;10;
Dirk Nowitzki;F;32:47;10;17;2;3;3;3;2;5;7;4;1;0;1;3;25;
Bernard James;C;15:12;2;2;0;0;0;0;1;5;6;1;1;7;1;1;4;
O.J. Mayo;G;37:13;4;11;0;3;2;5;0;3;3;9;1;2;1;2;10;
Darren Collison;G;30:47;3;8;0;0;5;5;1;3;4;3;2;0;2;1;11;
Elton Brand;;22:57;6;12;0;0;1;1;3;4;7;1;1;2;1;2;13;
Vince Carter;;29:05;7;13;5;7;3;3;4;5;9;2;2;0;2;4;22;
Mike James;;20:58;2;4;1;2;0;0;1;2;3;2;0;0;0;1;5;
Jae Crowder;;12:29;2;5;0;3;0;0;0;2;2;0;0;1;1;1;4;
Brandan Wright;;5:04;0;1;0;0;0;0;0;0;0;0;0;2;1;0;0;
NOH
Al-Farouq Aminu;F;37:25;3;10;0;0;1;2;4;6;10;6;3;2;2;2;7;
Anthony Davis;F;23:29;4;12;0;1;2;2;4;7;11;0;1;0;1;1;10;
Robin Lopez;C;15:57;1;3;0;0;2;2;0;0;0;0;0;0;1;1;4;
Eric Gordon;G;30:41;7;19;1;6;8;9;0;3;3;2;1;0;4;1;23;
Greivis Vasquez;G;34:25;2;7;1;1;0;0;0;3;3;11;2;0;1;4;5;
Jason Smith;;23:42;9;15;0;0;4;5;1;4;5;0;0;2;1;4;22;
Brian Roberts;;12:37;2;7;1;2;0;0;1;0;1;4;0;0;1;0;5;
Austin Rivers;;18:20;1;5;0;2;0;0;0;0;0;2;0;0;0;0;2;
Ryan Anderson;;32:48;7;11;2;5;4;4;4;8;12;0;1;0;1;5;20;
Lance Thomas;;10:36;1;2;0;0;0;0;0;0;0;0;0;0;0;2;2;
