02-20;OKC-HOU;119-122;
29-36;33-21;30-30;27-35;
OKC
Kevin Durant;F;41:56;4;13;0;2;8;9;0;12;12;11;2;1;5;2;16;
Serge Ibaka;F;30:32;7;11;0;0;2;2;5;2;7;0;0;5;3;2;16;
Hasheem Thabeet;C;11:20;2;3;0;0;0;0;0;3;3;0;0;1;1;2;4;
Thabo Sefolosha;G;38:53;11;16;6;10;0;0;1;4;5;3;0;2;1;4;28;
Russell Westbrook;G;41:56;8;20;3;5;9;10;3;7;10;8;1;0;7;3;28;
Kevin Martin;;34:54;5;13;2;7;3;4;2;1;3;1;0;0;2;2;15;
Nick Collison;;17:28;2;3;0;0;0;0;1;3;4;1;2;1;3;6;4;
Perry Jones;;7:46;0;1;0;0;2;2;1;2;3;0;0;1;0;0;2;
Reggie Jackson;;15:15;3;7;0;4;0;0;0;1;1;1;1;0;1;1;6;
HOU
Chandler Parsons;F;35:10;6;15;2;7;3;4;2;4;6;5;2;0;5;3;17;
Carlos Delfino;F;42:26;3;12;3;10;0;0;0;6;6;5;4;0;2;5;9;
Omer Asik;C;27:01;3;10;0;0;3;4;6;4;10;0;1;1;1;3;9;
James Harden;G;44:14;14;19;7;8;11;12;1;6;7;6;2;1;2;2;46;
Jeremy Lin;G;41:51;12;22;3;5;2;3;0;6;6;7;2;0;3;4;29;
Greg Smith;;20:48;4;5;0;0;0;0;2;2;4;1;0;1;3;5;8;
Patrick Beverley;;17:34;0;4;0;2;0;0;0;1;1;1;2;1;1;1;0;
Donatas Motiejunas;;5:21;1;4;0;1;0;0;0;2;2;0;0;0;1;0;2;
James Anderson;;5:36;1;1;0;0;0;0;0;0;0;1;1;0;0;0;2;
