03-13;DET-GSW;97-105;
20-28;30-22;23-30;24-25;
DET
Kyle Singler;F;29:06;8;16;1;3;0;0;2;2;4;1;0;0;1;5;17;
Jason Maxiell;F;31:56;4;7;0;0;0;0;6;8;14;3;0;0;1;3;8;
Greg Monroe;C;39:18;4;16;0;0;5;6;2;5;7;4;1;0;2;4;13;
Rodney Stuckey;G;37:55;8;18;1;4;5;6;1;2;3;5;1;0;3;4;22;
Jose Calderon;G;29:36;2;5;2;4;0;0;0;1;1;6;1;0;1;1;6;
Jonas Jerebko;;23:60;4;9;1;2;2;2;2;2;4;2;0;0;0;1;11;
Khris Middleton;;20:34;2;5;0;3;0;0;0;3;3;1;0;0;0;1;4;
Will Bynum;;27:35;8;13;0;1;0;0;1;1;2;4;3;0;1;3;16;
GSW
Harrison Barnes;F;18:52;6;7;0;1;1;2;0;2;2;0;0;1;1;3;13;
David Lee;F;36:50;9;13;0;0;2;5;4;11;15;5;0;0;1;1;20;
Andrew Bogut;C;32:12;2;5;0;0;3;6;4;6;10;4;2;3;0;2;7;
Klay Thompson;G;42:32;4;15;1;6;1;2;0;3;3;1;1;1;1;2;10;
Stephen Curry;G;42:54;11;17;5;7;4;4;1;1;2;8;1;0;4;0;31;
Jarrett Jack;;30:04;7;11;2;4;3;4;0;1;1;5;0;1;0;2;19;
Festus Ezeli;;15:25;0;0;0;0;1;2;1;4;5;0;1;3;2;3;1;
Draymond Green;;4:32;0;0;0;0;0;0;0;1;1;0;0;0;1;1;0;
Carl Landry;;10:40;2;4;0;0;0;0;1;2;3;3;0;0;3;1;4;
Richard Jefferson;;4:55;0;0;0;0;0;0;0;0;0;1;0;0;0;0;0;
Kent Bazemore;;0:35;0;0;0;0;0;0;0;0;0;0;0;0;0;0;0;
Malcolm Thomas;;0:30;0;0;0;0;0;0;0;0;0;0;0;0;0;0;0;
