01-17;MIL-PHX;98-94;
32-22;21-34;17-19;28-19;
MIL
Luc Mbah a Moute;F;25:16;2;8;0;1;0;0;0;4;4;2;2;1;1;1;4;
Ersan Ilyasova;F;19:09;2;6;0;1;0;2;0;5;5;0;1;1;1;2;4;
Larry Sanders;C;30:09;8;14;0;0;3;3;6;9;15;1;0;2;0;3;19;
Monta Ellis;G;34:05;10;20;0;3;4;4;2;2;4;6;3;0;5;3;24;
Brandon Jennings;G;28:30;6;14;2;5;2;3;1;4;5;4;0;0;5;0;16;
Ekpe Udoh;;6:52;1;3;0;0;1;2;1;0;1;0;0;2;1;3;3;
Mike Dunleavy;;31:06;5;9;4;5;2;2;0;3;3;3;1;3;1;1;16;
Beno Udrih;;19:30;0;2;0;0;0;0;0;5;5;6;0;0;1;0;0;
Samuel Dalembert;;7:47;0;1;0;0;0;0;0;3;3;0;0;1;1;2;0;
John Henson;;22:14;5;12;0;0;0;2;3;3;6;1;0;1;2;2;10;
Marquis Daniels;;13:55;0;3;0;1;2;2;0;0;0;1;0;0;0;0;2;
Drew Gooden;;1:27;0;0;0;0;0;0;0;0;0;0;0;0;0;1;0;
PHX
PJ Tucker;F;21:46;3;7;1;2;1;2;2;2;4;3;1;0;1;1;8;
Luis Scola;F;32:24;5;10;0;0;6;8;3;5;8;3;0;0;3;3;16;
Marcin Gortat;C;29:00;3;10;0;0;1;4;0;5;5;2;1;2;3;4;7;
Jared Dudley;G;32:02;4;10;2;5;3;3;0;6;6;4;3;0;2;2;13;
Goran Dragic;G;29:23;5;11;0;2;0;0;0;1;1;4;2;0;3;0;10;
Jermaine O'Neal;;15:48;1;2;0;0;5;6;1;3;4;0;0;0;1;3;7;
Sebastian Telfair;;18:37;1;4;0;2;2;2;0;2;2;0;1;1;2;1;4;
Shannon Brown;;29:04;8;18;0;2;4;4;1;4;5;2;4;0;1;3;20;
Markieff Morris;;16:37;2;7;0;0;0;0;2;4;6;2;1;1;1;5;4;
Michael Beasley;;15:19;2;10;1;1;0;0;1;2;3;0;0;0;0;0;5;
