11-16;NYK-MEM;95-105;
25-29;24-25;18-31;28-20;
NYK
Ronnie Brewer;F;21:15;3;5;0;1;0;0;0;0;0;1;1;0;0;1;6;
Carmelo Anthony;F;30:24;7;14;1;2;5;5;1;2;3;1;1;0;5;5;20;
Tyson Chandler;C;28:04;3;4;0;0;1;2;3;4;7;0;1;0;1;5;7;
Raymond Felton;G;35:57;8;16;0;3;2;2;1;2;3;5;2;0;3;1;18;
Jason Kidd;G;29:03;2;3;2;3;2;2;0;2;2;4;0;0;0;3;8;
J.R. Smith;;34:09;4;10;0;3;1;2;0;7;7;3;0;1;3;3;9;
Rasheed Wallace;;24:18;6;10;0;3;1;2;1;3;4;1;1;3;1;5;13;
Steve Novak;;17:53;1;3;1;3;2;2;1;2;3;1;0;1;0;1;5;
Pablo Prigioni;;7:17;1;1;0;0;0;0;0;0;0;1;1;0;0;1;2;
Kurt Thomas;;9:12;1;3;0;0;1;2;2;2;4;0;0;1;0;1;3;
James White;;1:14;1;1;1;1;0;0;0;0;0;0;0;0;0;0;3;
Chris Copeland;;1:14;0;2;0;0;1;2;1;0;1;1;0;0;0;0;1;
MEM
Rudy Gay;F;37:46;6;16;1;4;4;6;1;1;2;3;2;4;1;4;17;
Zach Randolph;F;35:01;7;11;0;0;6;7;8;7;15;0;0;0;1;3;20;
Marc Gasol;C;38:29;6;10;0;1;12;13;1;6;7;1;1;1;2;2;24;
Tony Allen;G;25:18;4;8;0;0;1;1;1;3;4;0;1;0;3;5;9;
Mike Conley;G;34:55;6;12;2;4;2;3;1;1;2;8;2;0;2;2;16;
Quincy Pondexter;;24:56;1;3;1;3;0;0;0;3;3;1;0;0;0;0;3;
Jerryd Bayless;;13:10;3;6;0;1;0;0;0;1;1;1;0;0;2;3;6;
Wayne Ellington;;16:59;2;4;1;2;0;0;0;0;0;1;1;0;1;1;5;
Marreese Speights;;11:21;2;6;0;0;1;2;0;1;1;0;0;1;1;3;5;
Tony Wroten;;1:03;0;0;0;0;0;0;0;0;0;0;0;0;0;0;0;
Josh Selby;;1:03;0;0;0;0;0;0;0;0;0;0;0;0;1;1;0;
