03-12;ATL-MIA;81-98;
18-26;26-31;21-22;16-19;
ATL
Anthony Tolliver;F;25:05;0;2;0;2;0;0;1;4;5;1;1;0;2;2;0;
Josh Smith;F;23:53;7;16;0;2;1;2;0;6;6;2;1;1;3;2;15;
Al Horford;C;32:00;6;13;0;0;0;0;0;6;6;0;0;0;1;1;12;
DeShawn Stevenson;G;23:36;2;3;1;2;0;0;1;0;1;1;0;0;0;3;5;
Jeff Teague;G;24:24;4;9;2;4;2;2;1;2;3;4;1;0;2;1;12;
Dahntay Jones;;19:58;2;3;0;0;0;0;1;1;2;2;3;0;3;4;4;
John Jenkins;;18:48;3;9;0;3;0;0;1;1;2;1;2;0;3;1;6;
Devin Harris;;18:49;3;6;1;4;0;0;0;2;2;4;1;0;2;2;7;
Kyle Korver;;19:06;1;5;1;4;0;0;1;3;4;1;0;0;2;3;3;
Ivan Johnson;;16:10;2;6;0;0;5;6;4;2;6;1;1;0;2;5;9;
Mike Scott;;9:17;3;5;0;0;1;2;0;3;3;1;0;0;0;0;7;
Shelvin Mack;;8:54;0;1;0;1;1;2;0;3;3;1;1;0;2;1;1;
MIA
LeBron James;F;30:07;3;11;0;2;9;12;3;4;7;7;2;0;4;1;15;
Udonis Haslem;F;23:45;3;7;0;0;0;0;2;9;11;1;0;0;0;2;6;
Chris Bosh;C;24:23;6;12;0;1;2;2;0;3;3;1;0;2;0;0;14;
Dwyane Wade;G;30:05;9;18;0;1;5;6;3;1;4;6;5;0;1;2;23;
Mario Chalmers;G;26:02;5;8;4;7;0;0;1;2;3;5;3;1;2;2;14;
Ray Allen;;25:53;3;8;2;4;4;5;0;0;0;0;0;0;1;0;12;
Shane Battier;;18:51;0;3;0;3;2;2;2;2;4;2;1;0;1;1;2;
Chris Andersen;;16:16;2;3;0;0;0;0;1;2;3;0;2;1;1;4;4;
Norris Cole;;21:58;1;5;0;1;0;3;0;4;4;4;0;0;2;2;2;
Joel Anthony;;6:47;3;4;0;0;0;0;2;0;2;0;0;0;0;0;6;
Rashard Lewis;;5:58;0;1;0;0;0;0;0;2;2;0;0;0;1;0;0;
Mike Miller;;5:58;0;2;0;1;0;0;0;1;1;1;1;0;0;0;0;
James Jones;;3:57;0;0;0;0;0;0;0;1;1;0;0;0;1;0;0;
