12-14;SAC-OKC;103-113;
26-29;16-32;26-21;35-31;
SAC
John Salmons;F;28:24;1;7;1;4;0;0;0;2;2;3;0;0;1;3;3;
Jason Thompson;F;29:17;6;7;0;0;3;4;2;4;6;4;1;1;2;4;15;
DeMarcus Cousins;C;28:02;3;12;0;0;4;4;2;5;7;2;1;1;2;0;10;
Tyreke Evans;G;35:27;8;12;0;1;5;7;1;3;4;2;3;0;2;1;21;
Aaron Brooks;G;22:38;4;8;2;4;3;3;1;1;2;1;0;0;3;3;13;
Thomas Robinson;;18:43;1;2;0;0;4;4;0;3;3;1;0;2;1;0;6;
Jimmer Fredette;;14:02;0;4;0;1;5;5;1;0;1;2;1;0;2;0;5;
Francisco Garcia;;13:17;1;6;0;2;0;0;0;0;0;1;2;0;0;1;2;
Charles Hayes;;19:58;0;2;0;0;0;0;0;1;1;0;2;0;0;1;0;
James Johnson;;14:31;0;2;0;0;2;2;0;2;2;2;0;1;1;2;2;
Isaiah Thomas;;15:42;10;13;4;7;2;2;0;1;1;0;1;0;0;4;26;
OKC
Kevin Durant;F;36:06;10;14;2;3;9;9;0;5;5;3;4;0;6;3;31;
Serge Ibaka;F;29:53;8;16;0;0;2;2;4;7;11;0;0;1;0;4;18;
Kendrick Perkins;C;22:57;2;6;0;0;0;0;2;6;8;0;0;2;4;2;4;
Thabo Sefolosha;G;27:41;5;9;3;5;2;2;0;3;3;0;1;1;0;2;15;
Russell Westbrook;G;31:32;4;13;1;4;4;4;0;2;2;13;3;1;3;1;13;
Nick Collison;;27:15;3;4;0;0;0;0;3;3;6;3;1;0;1;4;6;
Kevin Martin;;32:12;5;13;3;8;5;5;3;2;5;1;1;0;1;2;18;
Hasheem Thabeet;;13:48;1;2;0;0;0;0;0;1;1;0;0;1;0;4;2;
Eric Maynor;;12:28;2;4;0;1;0;0;1;0;1;7;0;0;0;1;4;
Reggie Jackson;;4:00;0;0;0;0;0;0;0;0;0;2;0;0;3;1;0;
DeAndre Liggins;;2:08;1;2;0;0;0;0;1;0;1;0;0;0;0;0;2;
