01-21;MIN-ATL;96-104;
31-18;27-26;19-26;19-34;
MIN
Andrei Kirilenko;F;35:28;3;8;1;3;6;6;2;4;6;5;2;0;6;1;13;
Derrick Williams;F;37:20;7;14;1;4;2;2;2;2;4;0;1;1;1;3;17;
Greg Stiemsma;C;28:19;3;7;0;0;5;8;1;4;5;1;0;2;0;2;11;
Luke Ridnour;G;34:18;5;13;0;1;2;4;2;1;3;2;3;0;3;4;12;
Ricky Rubio;G;25:07;1;4;0;0;3;4;0;2;2;6;2;0;2;1;5;
Jose Juan Barea;;22:53;6;11;2;5;0;0;2;1;3;7;2;0;3;1;14;
Dante Cunningham;;25:36;6;10;0;0;1;2;1;3;4;2;2;2;1;1;13;
Mickael Gelabale;;16:15;3;3;1;1;0;0;0;2;2;0;0;0;0;0;7;
Lou Amundson;;5:03;0;2;0;0;0;0;0;0;0;1;0;0;1;3;0;
Chris Johnson;;9:41;2;2;0;0;0;0;0;1;1;0;0;1;0;5;4;
ATL
Josh Smith;F;33:31;5;8;0;0;0;2;0;4;4;6;2;2;5;3;10;
Al Horford;F;37:38;12;20;0;0;4;7;1;9;10;2;2;3;4;4;28;
Zaza Pachulia;C;15:41;1;1;0;0;0;0;0;0;0;3;0;0;2;1;2;
John Jenkins;G;13:30;0;3;0;0;0;0;1;1;2;1;0;0;0;1;0;
Jeff Teague;G;34:30;2;7;1;3;4;4;0;0;0;10;1;0;5;2;9;
Ivan Johnson;;7:42;3;3;0;0;2;2;1;2;3;1;1;0;1;5;8;
Kyle Korver;;35:11;5;8;3;6;1;2;1;2;3;2;2;0;1;3;14;
Jannero Pargo;;25:02;6;11;4;5;0;0;0;1;1;4;1;0;0;0;16;
Anthony Tolliver;;15:26;2;2;2;2;0;0;0;2;2;2;0;0;2;2;6;
Mike Scott;;21:49;5;8;0;0;1;4;3;4;7;1;2;0;2;2;11;
