12-12;SAS-UTA;96-99;
28-22;16-31;27-18;25-28;
SAS
Danny Green;F;30:43;5;10;2;4;0;0;0;1;1;0;3;0;3;3;12;
Tim Duncan;F;33:18;8;17;0;1;6;9;3;18;21;1;1;6;1;1;22;
DeJuan Blair;C;12:02;0;4;0;0;0;0;1;2;3;0;0;0;1;2;0;
Gary Neal;G;34:15;2;9;1;5;0;0;0;2;2;2;1;1;1;1;5;
Tony Parker;G;35:49;8;18;0;0;6;7;0;2;2;7;0;0;1;0;22;
Tiago Splitter;;20:15;5;9;0;0;0;0;4;2;6;1;2;1;1;4;10;
Manu Ginobili;;28:02;2;6;2;3;2;2;2;4;6;5;1;0;3;1;8;
Boris Diaw;;23:27;4;7;1;3;0;0;0;0;0;1;1;2;1;2;9;
Nando De Colo;;5:57;0;3;0;1;0;0;1;0;1;1;0;0;0;0;0;
Cory Joseph;;2:60;0;0;0;0;0;0;1;1;2;0;0;0;0;0;0;
Matt Bonner;;6:58;0;1;0;0;0;0;0;3;3;0;0;0;0;1;0;
Patty Mills;;6:14;3;3;2;2;0;0;1;0;1;0;0;0;0;0;8;
UTA
Marvin Williams;F;19:11;1;5;0;2;0;0;1;1;2;0;0;2;3;1;2;
Paul Millsap;F;35:58;10;15;0;0;4;6;2;10;12;5;1;1;0;2;24;
Al Jefferson;C;35:28;10;18;0;0;1;1;1;3;4;4;2;1;1;3;21;
Randy Foye;G;32:11;5;10;3;6;0;1;0;2;2;2;1;0;2;1;13;
Mo Williams;G;32:02;3;9;1;4;1;2;0;3;3;4;0;0;2;3;8;
Derrick Favors;;12:02;2;4;0;0;2;4;0;2;2;1;1;0;1;1;6;
Gordon Hayward;;28:49;7;14;4;6;1;1;1;6;7;6;0;1;1;0;19;
Earl Watson;;15:58;0;2;0;1;0;0;0;3;3;5;1;0;1;3;0;
Enes Kanter;;12:32;3;4;0;0;0;0;1;3;4;0;1;1;2;0;6;
DeMarre Carroll;;15:49;0;3;0;0;0;0;1;0;1;0;0;0;1;2;0;
