12-05;GSW-DET;104-97;
21-20;19-18;39-23;25-36;
GSW
Harrison Barnes;F;30:30;2;7;0;3;6;6;0;5;5;3;0;0;1;0;10;
David Lee;F;37:49;7;12;0;0;6;8;2;9;11;4;0;0;4;1;20;
Festus Ezeli;C;18:50;2;3;0;0;1;2;1;2;3;1;0;2;0;5;5;
Klay Thompson;G;38:15;9;13;5;8;4;4;0;4;4;1;2;1;0;1;27;
Stephen Curry;G;37:16;7;15;4;6;4;4;0;3;3;10;4;0;1;2;22;
Jarrett Jack;;23:47;3;10;0;5;2;2;0;0;0;4;1;0;2;5;8;
Andris Biedrins;;7:11;0;1;0;0;1;2;2;1;3;0;1;0;0;2;1;
Charles Jenkins;;9:12;1;3;0;0;0;0;1;0;1;1;0;0;0;0;2;
Carl Landry;;25:34;2;7;0;0;3;6;3;1;4;0;0;1;2;4;7;
Draymond Green;;11:38;1;4;0;2;0;0;0;1;1;0;1;3;0;2;2;
DET
Tayshaun Prince;F;34:48;10;18;2;3;2;2;0;2;2;5;0;0;1;1;24;
Jason Maxiell;F;24:07;1;4;0;0;2;2;2;5;7;1;0;1;1;3;4;
Greg Monroe;C;21:47;3;6;0;0;3;4;2;3;5;3;0;1;4;4;9;
Kyle Singler;G;32:05;1;6;1;2;0;0;1;2;3;0;0;0;2;4;3;
Brandon Knight;G;23:43;1;9;1;7;1;3;2;2;4;3;0;0;4;2;4;
Rodney Stuckey;;30:59;5;11;1;5;6;7;1;3;4;9;1;0;3;3;17;
Andre Drummond;;30:38;6;8;0;0;3;7;4;8;12;0;1;2;1;2;15;
Corey Maggette;;22:39;3;7;0;1;4;6;1;2;3;1;1;0;1;3;10;
Charlie Villanueva;;19:14;5;10;1;3;0;0;2;2;4;0;1;1;0;4;11;
