01-30;MIA-BKN;105-85;
30-20;19-29;36-14;20-22;
MIA
LeBron James;F;34:17;10;18;3;4;1;4;2;7;9;7;2;0;4;2;24;
Udonis Haslem;F;22:57;2;5;0;0;1;1;2;3;5;2;0;0;0;4;5;
Chris Bosh;C;36:20;7;14;0;0;2;2;2;2;4;0;0;0;3;1;16;
Dwyane Wade;G;33:43;9;16;1;1;2;4;0;2;2;3;1;0;3;3;21;
Mario Chalmers;G;25:05;5;7;1;2;0;0;1;3;4;4;3;0;0;2;11;
Ray Allen;;20:02;2;3;2;3;0;0;2;1;3;2;2;0;2;0;6;
Shane Battier;;14:00;1;3;1;2;0;0;1;0;1;0;0;2;0;2;3;
Chris Andersen;;9:46;1;4;0;0;1;1;3;2;5;0;1;1;0;3;3;
Norris Cole;;21:14;3;7;0;1;1;2;0;2;2;2;0;0;1;2;7;
Rashard Lewis;;14:54;2;3;2;3;0;0;0;2;2;0;1;0;0;0;6;
Mike Miller;;4:26;0;1;0;1;0;0;0;1;1;1;0;0;0;0;0;
James Jones;;3:16;1;2;1;2;0;0;0;0;0;0;0;0;0;1;3;
BKN
Gerald Wallace;F;29:08;3;5;0;0;0;0;1;1;2;3;0;1;1;0;6;
Reggie Evans;F;19:51;0;1;0;0;0;2;0;6;6;0;2;0;1;2;0;
Brook Lopez;C;31:57;8;13;0;0;5;6;2;5;7;2;1;3;2;2;21;
Joe Johnson;G;37:18;4;15;1;5;7;8;2;1;3;6;0;0;4;0;16;
Deron Williams;G;34:17;4;9;0;3;1;1;0;1;1;5;1;0;6;2;9;
Kris Humphries;;2:07;0;0;0;0;0;0;0;0;0;0;0;0;0;0;0;
Keith Bogans;;21:41;3;6;3;6;0;0;0;2;2;2;0;0;1;1;9;
MarShon Brooks;;7:54;0;2;0;0;2;2;0;0;0;1;0;1;1;1;2;
Andray Blatche;;23:49;5;5;0;0;2;3;1;5;6;0;1;1;2;3;12;
CJ Watson;;13:43;1;4;0;1;0;0;0;1;1;1;2;0;0;0;2;
Mirza Teletovic;;13:37;3;8;1;2;0;0;4;2;6;0;0;0;1;2;7;
Tyshawn Taylor;;4:38;0;1;0;0;1;2;0;0;0;0;0;0;0;0;1;
