01-26;CLE-TOR;99-98;
19-25;27-25;20-25;33-23;
CLE
Alonzo Gee;F;26:40;2;2;0;0;4;4;2;1;3;0;1;0;1;2;8;
Tristan Thompson;F;32:35;7;12;0;0;0;0;4;4;8;1;1;3;4;4;14;
Tyler Zeller;C;28:35;1;6;0;0;2;2;3;9;12;1;0;0;2;3;4;
Dion Waiters;G;27:58;3;10;0;1;0;0;0;2;2;1;0;0;3;4;6;
Kyrie Irving;G;38:11;13;26;3;5;3;4;0;4;4;5;1;0;3;2;32;
Shaun Livingston;;25:14;1;2;0;0;3;4;0;2;2;4;3;0;0;1;5;
Marreese Speights;;26:32;7;13;0;0;3;3;1;4;5;0;1;1;2;3;17;
Wayne Ellington;;24:15;3;5;3;4;3;4;0;2;2;0;0;0;0;3;12;
Daniel Gibson;;9:60;0;2;0;1;1;1;0;1;1;0;1;0;0;0;1;
TOR
Landry Fields;F;21:45;1;3;0;1;2;2;2;3;5;3;0;0;2;0;4;
Ed Davis;F;36:24;8;12;0;0;0;1;3;6;9;1;1;0;2;3;16;
Amir Johnson;C;37:06;7;12;0;0;4;4;3;9;12;1;1;1;3;5;18;
DeMar DeRozan;G;34:47;7;17;0;1;1;3;1;3;4;2;1;1;1;2;15;
Jose Calderon;G;26:18;4;9;2;6;0;0;0;1;1;5;1;0;3;2;10;
Alan Anderson;;31:20;7;14;0;2;3;4;1;1;2;3;2;0;1;4;17;
Quincy Acy;;11:51;2;4;0;0;0;0;0;0;0;0;0;2;1;3;4;
Kyle Lowry;;21:42;1;7;1;4;3;4;1;4;5;7;0;0;1;3;6;
Terrence Ross;;18:47;3;4;2;3;0;0;0;1;1;0;0;0;1;1;8;
