02-01;MIA-IND;89-102;
23-25;22-28;20-27;24-22;
MIA
LeBron James;F;41:58;9;17;1;3;9;11;1;5;6;3;1;1;3;4;28;
Udonis Haslem;F;23:20;2;4;0;0;0;0;1;2;3;2;0;0;0;3;4;
Chris Bosh;C;32:32;5;11;0;0;3;4;1;1;2;0;0;0;2;4;13;
Dwyane Wade;G;41:15;7;16;0;0;3;6;2;4;6;5;2;2;1;2;17;
Mario Chalmers;G;20:58;2;5;1;2;2;2;0;0;0;4;0;0;1;2;7;
Ray Allen;;27:02;0;4;0;1;0;0;0;2;2;5;3;0;0;0;0;
Chris Andersen;;12:20;4;4;0;0;1;1;1;2;3;1;1;1;1;4;9;
Shane Battier;;27:48;4;9;3;8;0;0;0;2;2;1;0;2;1;1;11;
Norris Cole;;11:07;0;0;0;0;0;0;0;1;1;0;0;0;1;0;0;
Rashard Lewis;;1:40;0;0;0;0;0;0;0;0;0;0;0;0;1;2;0;
IND
Paul George;F;41:07;6;11;1;6;2;4;0;6;6;6;2;0;3;4;15;
David West;F;35:55;12;15;0;0;6;6;2;5;7;5;0;0;0;0;30;
Roy Hibbert;C;29:59;3;8;0;0;1;2;3;3;6;0;0;2;2;5;7;
Lance Stephenson;G;39:19;6;11;2;3;1;2;0;3;3;4;1;0;3;1;15;
George Hill;G;35:18;4;9;2;4;2;3;0;2;2;4;0;0;1;2;12;
Tyler Hansbrough;;12:05;4;8;0;1;3;4;1;2;3;1;0;0;0;3;11;
Orlando Johnson;;4:13;1;1;1;1;1;2;0;1;1;0;0;0;1;2;4;
Ian Mahinmi;;18:01;2;4;0;0;0;0;1;2;3;0;1;1;2;3;4;
D.J. Augustin;;12:42;1;2;1;2;1;1;0;1;1;0;0;0;0;0;4;
Sam Young;;11:21;0;1;0;0;0;0;1;1;2;1;1;0;0;2;0;
