03-03;OKC-LAC;108-104;
27-20;27-21;28-32;26-31;
OKC
Kevin Durant;F;45:09;10;25;3;8;12;15;2;7;9;4;2;0;4;1;35;
Serge Ibaka;F;29:59;7;9;1;1;1;2;3;0;3;1;1;2;1;3;16;
Kendrick Perkins;C;26:42;1;2;0;0;0;0;1;7;8;4;1;0;2;5;2;
Thabo Sefolosha;G;38:39;4;7;1;4;0;0;3;2;5;1;2;0;1;4;9;
Russell Westbrook;G;40:25;11;20;0;2;7;10;1;5;6;10;1;0;3;2;29;
Kevin Martin;;23:47;3;12;2;5;2;3;1;0;1;1;3;0;0;1;10;
Nick Collison;;18:56;1;3;0;0;0;0;2;2;4;1;0;0;1;4;2;
Hasheem Thabeet;;8:48;0;0;0;0;1;2;1;0;1;0;2;3;0;2;1;
Reggie Jackson;;7:35;1;2;0;1;2;2;0;1;1;1;0;0;1;0;4;
LAC
Caron Butler;F;22:58;4;8;0;3;2;2;1;0;1;1;1;0;0;3;10;
Blake Griffin;F;32:22;8;14;0;0;4;6;3;6;9;5;0;1;2;6;20;
DeAndre Jordan;C;16:15;3;3;0;0;1;2;1;4;5;0;0;1;2;0;7;
Chauncey Billups;G;17:39;0;3;0;3;1;1;0;0;0;1;0;0;3;2;1;
Chris Paul;G;41:24;8;21;1;6;9;9;3;3;6;8;4;0;3;4;26;
Lamar Odom;;22:21;2;4;2;3;0;0;1;4;5;0;1;0;3;3;6;
Jamal Crawford;;30:21;7;13;4;5;2;2;0;0;0;4;0;0;3;1;20;
Ronny Turiaf;;6:44;0;0;0;0;0;0;0;4;4;1;0;0;0;1;0;
Matt Barnes;;26:09;3;8;2;4;0;0;3;3;6;1;1;0;1;5;8;
Ryan Hollins;;5:30;1;4;0;0;0;0;1;0;1;0;0;0;1;0;2;
Eric Bledsoe;;9:24;1;2;0;0;0;0;0;3;3;1;2;0;2;1;2;
Grant Hill;;8:54;1;2;0;0;0;0;0;1;1;0;0;0;0;0;2;
