11-23;OKC-BOS;100-108;
28-21;17-27;20-29;35-31;
OKC
Kevin Durant;F;37:02;9;20;3;7;8;8;0;3;3;2;1;1;3;3;29;
Serge Ibaka;F;33:56;7;11;0;1;3;4;4;9;13;1;0;2;2;2;17;
Kendrick Perkins;C;29:52;2;4;0;0;1;1;1;8;9;2;1;2;0;3;5;
Thabo Sefolosha;G;32:52;4;6;1;3;1;1;0;2;2;4;0;0;0;5;10;
Russell Westbrook;G;38:07;10;21;2;7;4;4;0;7;7;8;2;1;5;4;26;
Kevin Martin;;31:42;1;7;0;2;1;2;0;0;0;0;1;0;3;2;3;
Nick Collison;;17:46;3;5;0;0;2;4;2;2;4;1;0;0;0;3;8;
Eric Maynor;;11:57;1;5;0;4;0;0;0;1;1;4;0;0;2;0;2;
Hasheem Thabeet;;6:47;0;0;0;0;0;0;1;0;1;0;1;1;1;1;0;
BOS
Paul Pierce;F;31:02;8;16;4;6;7;7;0;4;4;1;3;0;5;5;27;
Brandon Bass;F;26:46;3;12;0;0;0;0;4;2;6;0;0;0;1;2;6;
Kevin Garnett;C;32:03;5;11;0;0;8;10;2;7;9;4;1;0;2;4;18;
Jason Terry;G;29:54;6;8;4;6;0;0;0;2;2;0;1;0;0;1;16;
Rajon Rondo;G;36:53;2;5;1;2;1;2;0;8;8;16;2;0;2;2;6;
Chris Wilcox;;14:50;3;3;0;0;0;0;0;0;0;1;0;0;1;0;6;
Jeff Green;;24:36;6;11;0;1;5;5;0;2;2;0;1;1;2;4;17;
Courtney Lee;;18:43;2;5;0;2;0;0;0;1;1;3;1;0;1;1;4;
Leandro Barbosa;;11:08;0;3;0;0;0;0;0;1;1;2;0;0;0;0;0;
Jared Sullinger;;14:07;4;6;0;0;0;0;2;1;3;1;1;0;1;4;8;
