01-25;SAS-DAL;113-107;
27-20;26-23;35-25;25-39;
SAS
Kawhi Leonard;F;28:16;2;8;2;4;4;4;0;8;8;2;4;0;1;0;10;
Boris Diaw;F;29:31;4;11;2;5;0;0;2;4;6;4;1;1;0;3;10;
Tiago Splitter;C;29:01;5;6;0;0;3;5;4;8;12;0;0;0;3;3;13;
Danny Green;G;26:38;4;9;3;4;0;0;0;3;3;4;3;0;0;2;11;
Tony Parker;G;29:57;9;16;0;1;5;7;0;4;4;10;0;0;5;2;23;
Gary Neal;;29:07;7;13;2;3;2;2;0;2;2;6;0;0;2;0;18;
DeJuan Blair;;18:59;10;13;0;0;2;4;1;3;4;0;1;0;1;5;22;
Stephen Jackson;;11:59;0;5;0;2;0;0;0;2;2;0;0;0;1;0;0;
Manu Ginobili;;8:11;0;2;0;1;0;0;0;2;2;1;1;0;1;0;0;
Matt Bonner;;17:50;1;3;0;2;0;0;1;0;1;1;1;0;0;0;2;
Nando De Colo;;9:50;1;3;0;1;2;2;0;2;2;1;0;0;0;2;4;
Aron Baynes;;0:42;0;0;0;0;0;0;0;0;0;0;0;0;1;0;0;
DAL
Shawn Marion;F;20:03;1;5;0;1;0;0;1;3;4;1;1;1;1;0;2;
Dirk Nowitzki;F;34:20;6;14;0;2;3;3;1;3;4;4;0;0;2;1;15;
Elton Brand;C;24:47;4;10;0;0;0;0;5;8;13;0;0;2;1;2;8;
O.J. Mayo;G;32:42;7;15;0;4;0;0;0;2;2;7;0;0;2;1;14;
Darren Collison;G;28:34;5;10;1;2;2;2;1;2;3;2;2;0;2;2;13;
Vince Carter;;23:53;7;12;1;1;2;2;1;3;4;2;1;1;0;4;17;
Chris Kaman;;12:02;3;5;0;0;2;2;0;3;3;0;1;1;1;1;8;
Jae Crowder;;26:21;1;6;1;3;0;0;0;6;6;1;2;0;2;3;3;
Mike James;;11:38;1;3;1;1;1;2;0;2;2;1;0;0;1;1;4;
Rodrigue Beaubois;;15:41;6;8;2;3;5;5;0;3;3;2;0;1;2;2;19;
Bernard James;;9:59;1;3;0;1;2;2;1;2;3;0;1;1;0;2;4;
