12-08;ATL-MEM;93-83;
21-22;20-25;32-13;20-23;
ATL
Josh Smith;F;40:01;10;17;2;4;2;3;3;5;8;4;3;1;4;2;24;
Al Horford;F;37:29;8;16;0;0;3;4;6;8;14;3;0;1;3;2;19;
Zaza Pachulia;C;35:19;0;3;0;0;1;2;3;6;9;2;0;1;1;4;1;
Devin Harris;G;24:50;0;2;0;0;3;4;0;3;3;0;2;0;1;1;3;
Jeff Teague;G;37:49;6;13;1;4;0;0;1;1;2;6;2;0;0;2;13;
Ivan Johnson;;10:30;3;5;0;0;0;0;0;0;0;1;1;0;2;0;6;
Lou Williams;;31:12;6;16;4;6;5;7;0;3;3;1;2;0;2;2;21;
Anthony Morrow;;19:28;1;5;0;3;4;5;1;4;5;3;0;0;1;3;6;
Anthony Tolliver;;3:22;0;0;0;0;0;0;0;0;0;0;0;0;0;0;0;
MEM
Rudy Gay;F;35:56;7;25;2;7;1;1;2;7;9;1;4;1;2;2;17;
Zach Randolph;F;39:14;8;12;0;0;2;4;4;9;13;0;0;1;1;2;18;
Marc Gasol;C;36:03;6;11;0;1;6;6;3;5;8;5;1;2;1;2;18;
Tony Allen;G;24:12;2;3;0;0;0;4;0;4;4;0;1;0;2;2;4;
Mike Conley;G;34:55;4;10;2;4;2;3;1;0;1;3;1;0;6;1;12;
Darrell Arthur;;12:30;2;7;0;0;0;0;1;1;2;1;0;0;1;3;4;
Wayne Ellington;;14:01;3;4;2;3;0;0;0;1;1;1;0;0;1;1;8;
Jerryd Bayless;;17:55;1;4;0;1;0;0;0;0;0;4;1;1;2;2;2;
Quincy Pondexter;;19:52;0;0;0;0;0;0;0;2;2;0;0;0;0;4;0;
Marreese Speights;;5:21;0;1;0;0;0;0;0;0;0;0;0;0;0;0;0;
