12-31;MEM-IND;83-88;
19-19;22-19;26-22;16-28;
MEM
Rudy Gay;F;40:41;3;17;0;1;5;8;2;1;3;3;4;0;2;3;11;
Zach Randolph;F;41:12;7;18;0;1;7;8;5;10;15;3;1;0;3;1;21;
Marc Gasol;C;29:38;6;10;0;0;1;1;1;1;2;0;0;1;0;5;13;
Tony Allen;G;27:01;5;8;0;0;1;2;3;3;6;1;1;1;1;3;11;
Mike Conley;G;32:06;3;9;1;4;2;2;2;4;6;7;3;1;4;2;9;
Jerryd Bayless;;18:57;0;4;0;1;1;1;0;0;0;2;1;0;1;1;1;
Marreese Speights;;14:35;2;6;0;0;1;2;4;3;7;0;0;0;0;2;5;
Wayne Ellington;;17:56;2;4;2;4;0;0;0;1;1;1;0;0;1;1;6;
Darrell Arthur;;17:54;3;6;0;0;0;0;1;3;4;0;0;2;4;4;6;
IND
Paul George;F;41:09;7;16;4;10;3;4;0;6;6;5;2;1;4;1;21;
David West;F;34:15;3;6;0;0;7;8;4;5;9;2;1;2;4;5;13;
Roy Hibbert;C;32:48;3;11;0;0;3;4;2;4;6;3;1;4;2;4;9;
Lance Stephenson;G;32:50;3;7;2;3;2;2;0;7;7;2;1;0;2;1;10;
D.J. Augustin;G;33:56;4;9;4;7;5;6;1;1;2;6;1;0;2;2;17;
Gerald Green;;15:08;2;5;0;2;0;0;0;1;1;1;1;0;1;1;4;
Tyler Hansbrough;;14:02;3;6;0;0;0;0;4;1;5;1;0;2;2;0;6;
Sam Young;;6:51;0;0;0;0;0;0;0;0;0;0;0;0;0;1;0;
Ben Hansbrough;;14:06;2;5;2;3;0;0;0;0;0;1;0;0;0;2;6;
Ian Mahinmi;;14:55;1;5;0;0;0;0;0;2;2;0;2;0;1;2;2;
