12-26;BKN-MIL;93-108;
24-22;18-33;25-23;26-30;
BKN
Joe Johnson;F;35:57;5;15;1;4;2;2;1;2;3;3;0;0;2;1;13;
Gerald Wallace;F;33:35;2;8;0;2;4;4;3;9;12;8;2;1;2;3;8;
Brook Lopez;C;28:19;9;18;0;0;3;5;7;3;10;1;0;3;1;0;21;
Keith Bogans;G;30:02;4;8;2;5;1;1;1;4;5;2;2;0;1;3;11;
CJ Watson;G;30:28;2;12;0;3;4;4;0;0;0;2;1;0;1;2;8;
MarShon Brooks;;19:21;2;5;0;1;1;1;0;3;3;0;0;0;2;1;5;
Andray Blatche;;18:17;5;10;0;1;4;5;2;3;5;0;3;3;3;2;14;
Jerry Stackhouse;;8:18;1;5;0;3;0;0;0;0;0;0;0;0;0;1;2;
Reggie Evans;;11:49;0;0;0;0;2;2;1;3;4;0;0;0;1;4;2;
Tyshawn Taylor;;20:00;3;6;1;2;0;0;0;1;1;1;1;0;2;1;7;
Tornike Shengelia;;1:06;0;0;0;0;0;0;0;0;0;0;0;0;0;0;0;
Mirza Teletovic;;1:03;1;1;0;0;0;0;0;0;0;0;0;0;0;0;2;
MIL
Marquis Daniels;F;20:45;2;5;1;2;0;0;1;4;5;1;1;0;2;2;5;
Luc Mbah a Moute;F;19:06;0;3;0;0;0;0;0;0;0;1;0;0;0;0;0;
Larry Sanders;C;23:03;6;11;0;0;0;0;2;10;12;1;1;1;2;5;12;
Monta Ellis;G;36:57;7;14;3;3;3;4;2;4;6;7;6;1;4;1;20;
Brandon Jennings;G;41:40;9;15;3;4;4;4;1;3;4;6;1;0;5;2;25;
Mike Dunleavy;;27:17;6;12;2;6;3;3;1;2;3;3;0;0;2;0;17;
Beno Udrih;;15:35;2;5;0;1;0;0;0;0;0;1;0;0;2;4;4;
Ekpe Udoh;;24:54;4;11;0;0;0;0;4;4;8;0;0;3;1;3;8;
Ersan Ilyasova;;26:46;4;7;1;1;8;8;3;8;11;4;3;0;0;3;17;
Doron Lamb;;1:06;0;1;0;0;0;0;0;0;0;0;0;0;0;0;0;
John Henson;;1:06;0;0;0;0;0;0;0;0;0;0;0;0;0;0;0;
