02-19;CHA-ORL;105-92;
37-27;26-16;17-27;25-22;
CHA
Michael Kidd-Gilchrist;F;16:55;3;4;0;0;0;1;0;3;3;2;0;2;0;1;6;
Byron Mullens;F;41:23;8;17;2;6;2;2;1;11;12;1;1;0;2;2;20;
Bismack Biyombo;C;30:49;2;3;0;0;3;4;2;3;5;0;0;2;1;5;7;
Gerald Henderson;G;36:32;8;16;1;2;7;8;2;8;10;3;0;0;1;2;24;
Kemba Walker;G;33:53;9;16;3;6;3;4;0;4;4;7;3;0;4;2;24;
Ramon Sessions;;28:53;2;9;1;3;5;8;1;3;4;4;0;0;3;2;10;
Ben Gordon;;17:19;4;11;2;6;0;0;0;0;0;0;2;0;3;2;10;
Brendan Haywood;;17:11;1;3;0;0;0;0;2;3;5;0;0;1;0;0;2;
Jeff Adrien;;6:37;0;0;0;0;0;0;2;0;2;0;0;0;1;0;0;
Jeff Taylor;;10:28;1;2;0;1;0;0;0;0;0;1;0;0;1;2;2;
ORL
Maurice Harkless;F;30:32;6;14;1;3;2;2;3;3;6;2;1;1;0;2;15;
Andrew Nicholson;F;32:03;5;13;0;0;3;3;3;9;12;2;1;0;0;2;13;
Nikola Vucevic;C;42:05;9;16;0;1;0;2;3;8;11;4;1;0;3;5;18;
Arron Afflalo;G;35:51;5;11;1;5;7;8;0;4;4;2;0;1;3;3;18;
Jameer Nelson;G;30:07;4;11;2;8;0;0;0;3;3;6;0;0;3;4;10;
Gustavo Ayon;;9:18;2;3;0;0;0;0;2;1;3;0;0;0;0;0;4;
JJ Redick;;29:23;4;14;0;7;2;2;1;1;2;5;2;0;4;0;10;
E'Twaun Moore;;11:13;0;2;0;1;0;0;0;1;1;2;1;0;0;1;0;
Kyle O'Quinn;;12:14;2;5;0;0;0;0;1;2;3;2;1;0;1;2;4;
Ish Smith;;7:14;0;0;0;0;0;0;0;1;1;1;0;0;0;1;0;
