03-17;ATL-BKN;105-93;
21-24;30-25;20-24;34-20;
ATL
DeShawn Stevenson;F;21:18;2;5;2;4;0;0;0;2;2;1;0;0;0;1;6;
Josh Smith;F;32:51;9;14;2;3;1;3;1;6;7;5;1;2;2;2;21;
Al Horford;C;41:57;11;21;0;0;0;1;3;8;11;2;4;0;0;1;22;
Kyle Korver;G;26:45;5;7;2;4;0;0;0;2;2;1;2;1;1;2;12;
Devin Harris;G;9:12;1;4;1;3;1;2;0;1;1;4;1;0;2;4;4;
Jeff Teague;;37:12;4;14;0;3;3;3;1;4;5;15;2;2;2;2;11;
Dahntay Jones;;24:27;6;7;0;0;1;1;2;0;2;0;1;0;0;3;13;
Johan Petro;;4:32;1;3;0;1;0;0;0;0;0;0;1;0;1;0;2;
John Jenkins;;21:54;2;4;1;2;2;2;1;4;5;2;2;0;1;0;7;
Ivan Johnson;;15:04;3;4;0;0;1;1;1;1;2;0;0;0;1;5;7;
Mike Scott;;1:36;0;0;0;0;0;0;0;0;0;0;0;0;0;0;0;
Shelvin Mack;;1:36;0;0;0;0;0;0;0;0;0;0;0;0;1;0;0;
Anthony Tolliver;;1:36;0;1;0;1;0;0;0;1;1;0;0;0;0;0;0;
BKN
Gerald Wallace;F;24:12;1;8;0;1;2;2;2;1;3;1;1;0;1;1;4;
Reggie Evans;F;31:58;6;7;0;0;2;2;5;17;22;0;1;0;1;2;14;
Brook Lopez;C;34:49;7;19;0;0;3;4;2;4;6;1;0;0;1;1;17;
Joe Johnson;G;37:55;7;16;4;8;0;0;3;0;3;3;0;0;3;1;18;
Deron Williams;G;38:14;7;14;1;5;3;4;0;3;3;8;3;0;4;1;18;
CJ Watson;;22:29;1;6;0;3;0;0;2;2;4;3;1;0;1;3;2;
Keith Bogans;;17:58;1;4;1;4;0;0;0;2;2;1;0;0;2;1;3;
Andray Blatche;;13:11;3;6;0;0;3;4;3;2;5;0;1;1;2;3;9;
Mirza Teletovic;;16:02;2;5;2;2;0;0;0;2;2;0;0;0;0;1;6;
MarShon Brooks;;1:36;1;1;0;0;0;0;0;0;0;0;0;0;1;0;2;
Tornike Shengelia;;1:36;0;0;0;0;0;0;0;0;0;0;0;0;0;0;0;
