02-27;ATL-UTA;102-91;
30-25;26-23;26-18;20-25;
ATL
Kyle Korver;F;36:58;1;4;1;2;1;1;0;2;2;2;0;0;0;2;4;
Josh Smith;F;41:48;9;19;1;4;5;7;3;11;14;7;1;0;0;3;24;
Al Horford;C;42:40;14;22;0;0;6;6;4;11;15;3;1;5;4;4;34;
Devin Harris;G;31:44;4;9;2;4;2;3;0;2;2;2;3;0;2;2;12;
Jeff Teague;G;38:16;7;14;1;4;4;5;0;2;2;7;3;0;3;2;19;
John Jenkins;;13:56;1;2;0;1;1;2;0;1;1;0;0;0;0;0;3;
Zaza Pachulia;;12:20;0;4;0;0;2;2;1;0;1;2;0;0;0;3;2;
DeShawn Stevenson;;13:18;1;3;0;2;0;0;0;0;0;0;0;0;0;2;2;
Ivan Johnson;;9:00;1;1;0;0;0;0;0;1;1;0;0;0;0;2;2;
UTA
Marvin Williams;F;18:50;4;10;0;2;0;0;2;2;4;0;0;0;0;2;8;
Derrick Favors;F;38:25;6;11;0;1;5;6;6;9;15;3;0;3;2;4;17;
Al Jefferson;C;39:56;12;22;0;1;2;7;1;10;11;1;0;1;2;4;26;
Randy Foye;G;21:37;4;10;2;5;1;1;0;1;1;1;1;0;1;2;11;
Earl Watson;G;18:38;0;2;0;0;0;2;2;1;3;5;0;0;3;3;0;
Gordon Hayward;;36:30;4;9;1;3;2;2;0;3;3;4;1;1;1;2;11;
DeMarre Carroll;;20:48;3;5;1;1;1;1;1;2;3;1;1;0;0;2;8;
Alec Burks;;27:37;2;8;0;2;0;2;1;3;4;2;2;0;3;3;4;
Enes Kanter;;17:39;2;6;0;0;2;2;2;1;3;0;0;0;1;1;6;
