11-20;TOR-PHI;98-106;
29-22;22-29;29-22;18-33;
TOR
Dominic McGuire;F;20:13;2;3;0;0;0;0;0;4;4;2;0;1;1;4;4;
Andrea Bargnani;F;39:42;10;21;2;5;0;2;2;5;7;1;1;0;2;2;22;
Jonas Valanciunas;C;25:09;3;6;0;0;5;6;3;8;11;3;0;3;1;0;11;
DeMar DeRozan;G;42:13;8;18;1;1;7;8;1;3;4;0;1;0;0;0;24;
Jose Calderon;G;37:13;5;10;1;3;2;2;0;5;5;12;0;0;2;1;13;
Kyle Lowry;;29:51;5;14;0;4;3;8;1;6;7;7;0;0;2;5;13;
Amir Johnson;;20:57;2;5;0;1;0;0;2;1;3;1;0;1;2;6;4;
Linas Kleiza;;16:39;1;3;0;2;3;3;1;2;3;0;0;0;0;0;5;
Ed Davis;;5:27;1;2;0;0;0;0;1;2;3;1;0;0;0;1;2;
John Lucas III;;2:37;0;0;0;0;0;0;1;0;1;1;0;0;1;1;0;
PHI
Evan Turner;F;33:16;5;14;0;0;2;2;0;5;5;4;0;0;1;3;12;
Thaddeus Young;F;38:36;8;13;0;0;2;4;2;5;7;2;2;2;2;2;18;
Kwame Brown;C;5:33;0;0;0;0;0;0;2;0;2;0;0;0;0;1;0;
Jason Richardson;G;31:60;7;14;4;9;3;3;0;3;3;0;1;1;0;4;21;
Jrue Holiday;G;39:55;9;21;1;5;0;0;2;6;8;12;3;0;3;4;19;
Lavoy Allen;;24:59;1;4;0;0;2;2;2;4;6;1;0;4;1;3;4;
Nick Young;;29:10;7;13;3;8;6;6;1;2;3;4;0;1;0;2;23;
Spencer Hawes;;16:21;2;4;0;0;2;2;0;3;3;2;0;2;1;2;6;
Royal Ivey;;6:03;0;0;0;0;0;0;0;0;0;0;0;0;0;1;0;
Dorell Wright;;14:09;1;2;1;2;0;0;0;4;4;0;0;0;0;1;3;
