01-02;PHI-PHX;89-95;
24-31;25-17;17-27;23-20;
PHI
Evan Turner;F;33:57;6;16;0;2;1;2;0;2;2;1;2;0;3;4;13;
Thaddeus Young;F;35:55;6;10;0;0;2;2;2;8;10;2;2;0;0;4;14;
Lavoy Allen;C;35:27;5;11;0;0;0;0;3;6;9;2;0;0;0;1;10;
Jason Richardson;G;18:36;2;4;0;1;0;0;0;2;2;0;0;0;1;1;4;
Jrue Holiday;G;38:46;6;16;1;3;3;4;3;7;10;10;2;2;6;3;16;
Spencer Hawes;;24:13;3;11;0;1;0;0;2;5;7;3;0;1;3;2;6;
Dorell Wright;;29:32;6;9;2;4;0;0;0;3;3;2;0;0;2;2;14;
Nick Young;;19:56;3;7;2;3;4;4;0;0;0;1;1;0;1;0;12;
Royal Ivey;;3:38;0;0;0;0;0;0;0;1;1;0;0;0;0;1;0;
PHX
PJ Tucker;F;29:46;5;10;0;1;0;0;1;5;6;0;1;0;1;3;10;
Luis Scola;F;33:41;7;14;0;0;7;8;1;3;4;9;2;1;2;5;21;
Marcin Gortat;C;35:26;5;8;0;0;1;1;2;12;14;3;2;1;2;2;11;
Jared Dudley;G;35:03;3;8;1;3;1;2;1;2;3;1;2;0;1;0;8;
Goran Dragic;G;41:16;7;13;1;4;5;9;2;2;4;6;1;3;1;4;20;
Shannon Brown;;24:33;6;12;0;2;0;0;2;1;3;2;1;0;3;0;12;
Markieff Morris;;14:19;4;8;1;2;0;0;2;2;4;1;0;1;0;1;9;
Michael Beasley;;6:44;1;4;0;0;0;0;1;3;4;0;0;1;0;0;2;
Jermaine O'Neal;;12:20;1;7;0;0;0;0;0;2;2;1;1;0;2;1;2;
Sebastian Telfair;;6:52;0;1;0;1;0;0;0;1;1;1;1;0;1;0;0;
