12-29;IND-ATL;100-109;
26-33;22-22;22-28;30-26;
IND
Paul George;F;38:53;7;13;1;2;3;3;4;5;9;8;2;0;5;1;18;
David West;F;31:51;11;18;2;3;5;7;0;4;4;3;1;0;1;2;29;
Roy Hibbert;C;20:32;0;2;0;0;0;0;0;1;1;0;0;1;0;3;0;
Lance Stephenson;G;31:58;6;13;1;3;0;0;3;2;5;1;0;0;0;3;13;
George Hill;G;32:58;7;11;1;3;0;0;0;4;4;2;1;0;2;1;15;
Gerald Green;;25:09;3;11;0;4;0;0;1;0;1;1;0;1;0;0;6;
Tyler Hansbrough;;24:18;1;3;0;0;4;4;2;8;10;2;0;1;1;2;6;
Ian Mahinmi;;19:19;3;7;0;0;7;8;1;1;2;0;1;3;1;3;13;
D.J. Augustin;;15:02;0;2;0;0;0;0;0;0;0;3;1;0;0;0;0;
ATL
Kyle Korver;F;32:56;5;10;4;5;2;3;1;1;2;1;2;0;3;4;16;
Al Horford;F;37:43;10;13;0;0;0;0;1;5;6;6;1;0;0;2;20;
Zaza Pachulia;C;38:24;7;11;0;0;3;4;5;9;14;0;0;0;2;4;17;
Lou Williams;G;38:09;7;17;3;8;4;4;0;3;3;12;1;0;2;2;21;
Jeff Teague;G;41:00;6;13;1;3;2;2;0;3;3;6;1;0;4;0;15;
DeShawn Stevenson;;15:01;0;1;0;1;0;0;0;0;0;0;0;0;0;0;0;
John Jenkins;;16:54;4;6;2;2;0;0;0;2;2;1;0;0;3;2;10;
Ivan Johnson;;15:25;3;6;0;0;0;1;3;3;6;0;3;1;1;6;6;
Johan Petro;;4:28;2;3;0;1;0;0;0;0;0;0;0;1;1;3;4;
