12-07;WAS-ATL;95-104;
19-31;22-23;30-26;24-24;
WAS
Martell Webster;F;31:15;2;5;1;2;0;0;0;0;0;2;0;0;2;1;5;
Chris Singleton;F;18:19;3;7;0;0;1;2;1;2;3;2;0;0;0;2;7;
Emeka Okafor;C;22:39;3;5;0;0;0;0;1;4;5;1;0;0;2;1;6;
Bradley Beal;G;28:04;5;12;2;4;6;6;0;3;3;3;2;1;1;2;18;
A.J. Price;G;29:14;2;6;2;5;0;0;0;2;2;6;1;1;2;0;6;
Nene;;24:16;4;8;0;0;4;6;1;5;6;1;0;0;2;0;12;
Jordan Crawford;;27:22;5;13;0;2;4;4;1;2;3;5;2;0;1;1;14;
Shaun Livingston;;3:42;0;1;0;0;0;0;0;0;0;1;0;0;1;3;0;
Kevin Seraphin;;31:35;9;16;0;0;1;2;2;5;7;1;0;2;0;2;19;
Cartier Martin;;22:29;3;6;2;3;0;0;1;2;3;0;1;0;0;5;8;
Earl Barron;;1:05;0;0;0;0;0;0;0;0;0;0;0;0;0;0;0;
ATL
DeShawn Stevenson;F;29:34;5;11;5;11;0;0;1;2;3;2;0;0;0;1;15;
Josh Smith;F;37:38;9;20;1;2;4;7;6;9;15;4;2;0;2;2;23;
Al Horford;C;41:37;7;11;0;0;0;2;2;12;14;1;1;1;2;4;14;
Devin Harris;G;36:10;5;11;2;8;3;4;0;1;1;6;0;0;3;4;15;
Jeff Teague;G;39:02;8;22;0;3;3;4;1;3;4;6;2;0;3;2;19;
Lou Williams;;16:00;4;5;1;1;0;0;0;1;1;0;1;0;4;3;9;
Zaza Pachulia;;27:18;1;2;0;0;2;2;5;4;9;4;1;0;0;2;4;
Anthony Morrow;;11:36;2;3;1;1;0;0;0;0;0;0;0;0;0;1;5;
John Jenkins;;1:05;0;0;0;0;0;0;0;0;0;0;0;0;0;0;0;
