01-23;IND-POR;80-100;
17-20;15-24;27-26;21-30;
IND
Paul George;F;36:03;8;19;3;8;3;3;1;6;7;2;2;0;3;4;22;
David West;F;34:52;8;15;0;0;5;6;2;3;5;3;1;0;1;2;21;
Roy Hibbert;C;31:48;4;10;0;0;1;2;1;6;7;0;1;1;2;3;9;
Lance Stephenson;G;40:18;1;5;0;2;0;0;0;3;3;3;1;0;2;3;2;
George Hill;G;36:45;5;14;1;7;0;0;0;1;1;3;1;0;3;1;11;
Tyler Hansbrough;;13:08;0;3;0;0;1;2;1;2;3;1;0;0;0;1;1;
Orlando Johnson;;11:15;0;2;0;1;0;0;3;0;3;2;0;0;0;1;0;
Ian Mahinmi;;16:12;2;5;0;0;4;4;2;2;4;0;0;1;1;4;8;
D.J. Augustin;;19:39;2;7;2;5;0;0;0;1;1;2;2;0;1;1;6;
POR
Nicolas Batum;F;36:12;4;10;2;5;0;0;0;5;5;8;1;1;4;2;10;
LaMarcus Aldridge;F;36:29;12;17;0;0;3;4;1;5;6;1;0;1;3;1;27;
JJ Hickson;C;30:04;7;10;0;0;0;0;1;12;13;3;0;0;4;3;14;
Wesley Matthews;G;38:15;4;11;0;3;2;2;0;1;1;5;0;1;1;3;10;
Damian Lillard;G;38:45;9;16;0;3;2;2;1;1;2;8;0;0;0;1;20;
Jared Jeffries;;10:16;1;1;0;0;1;2;0;4;4;0;1;0;1;2;3;
Meyers Leonard;;18:12;4;6;0;0;0;0;3;2;5;1;1;0;0;5;8;
Will Barton;;20:36;3;7;0;0;2;2;1;3;4;1;0;1;2;0;8;
Luke Babbitt;;1:57;0;0;0;0;0;0;0;0;0;0;0;0;0;0;0;
Ronnie Price;;7:59;0;0;0;0;0;0;0;1;1;2;1;0;0;0;0;
Nolan Smith;;1:16;0;0;0;0;0;0;0;1;1;0;0;0;0;0;0;
