11-03;BOS-WAS;89-86;
26-12;23-30;22-25;18-19;
BOS
Paul Pierce;F;34:42;10;22;4;8;3;4;1;6;7;3;0;0;2;2;27;
Jared Sullinger;F;30:14;2;3;0;0;0;0;1;6;7;0;1;1;1;4;4;
Kevin Garnett;C;29:08;7;15;0;0;1;2;0;7;7;2;0;1;1;0;15;
Courtney Lee;G;28:47;2;7;0;4;0;0;0;2;2;1;1;0;0;0;4;
Rajon Rondo;G;40:29;5;10;2;2;0;0;2;3;5;12;2;0;2;1;12;
Brandon Bass;;27:43;2;6;0;0;1;1;2;3;5;2;1;2;0;2;5;
Chris Wilcox;;7:42;0;0;0;0;0;0;0;0;0;0;0;0;0;2;0;
Jason Terry;;17:27;2;8;0;2;4;4;0;0;0;3;2;0;1;0;8;
Jeff Green;;16:00;5;10;1;2;0;2;0;2;2;0;1;0;1;1;11;
Leandro Barbosa;;7:49;1;3;1;3;0;0;0;0;0;1;0;0;1;0;3;
WAS
Trevor Ariza;F;16:40;0;4;0;1;0;0;0;0;0;0;1;0;1;1;0;
Trevor Booker;F;28:42;5;10;0;1;1;1;3;7;10;0;1;1;2;3;11;
Emeka Okafor;C;16:36;1;6;0;0;1;2;2;5;7;1;0;1;1;0;3;
Bradley Beal;G;21:52;0;5;0;2;2;2;0;1;1;1;0;0;0;0;2;
A.J. Price;G;29:26;3;10;2;5;0;0;0;4;4;4;2;0;2;0;8;
Martell Webster;;25:15;1;6;0;3;2;2;0;4;4;4;0;1;1;3;4;
Kevin Seraphin;;28:35;8;9;0;0;3;4;0;7;7;0;0;1;2;1;19;
Jordan Crawford;;25:13;8;14;2;4;3;6;0;4;4;3;0;0;2;2;21;
Jan Vesely;;21:50;2;5;0;0;0;0;2;2;4;3;2;0;1;2;4;
Jannero Pargo;;19:30;4;7;1;3;0;0;0;4;4;4;0;0;1;2;9;
Chris Singleton;;0:18;0;0;0;0;0;0;0;0;0;0;0;0;0;0;0;
Cartier Martin;;6:06;2;2;1;1;0;0;0;1;1;0;1;0;2;0;5;
