02-10;SAS-BKN;111-86;
25-35;26-22;30-14;30-15;
SAS
Kawhi Leonard;F;25:35;4;6;1;2;0;0;0;3;3;1;3;0;1;2;9;
Boris Diaw;F;28:05;4;4;2;2;0;1;1;1;2;1;1;0;2;0;10;
Tiago Splitter;C;31:44;4;10;0;0;5;9;3;6;9;2;1;0;0;3;13;
Danny Green;G;28:24;4;10;4;8;2;2;0;3;3;0;2;2;0;1;14;
Tony Parker;G;35:19;12;21;1;1;4;4;1;2;3;11;0;0;0;0;29;
Matt Bonner;;23:46;4;5;3;3;0;2;1;0;1;2;1;0;1;2;11;
Stephen Jackson;;19:20;2;3;0;0;0;0;0;2;2;1;1;1;0;1;4;
Gary Neal;;19:25;4;6;1;1;0;0;0;2;2;2;0;0;0;1;9;
DeJuan Blair;;8:47;3;3;0;0;0;0;0;1;1;0;0;0;0;3;6;
Nando De Colo;;12:41;2;3;0;0;0;0;0;1;1;1;1;0;1;0;4;
Aron Baynes;;3:38;0;0;0;0;2;2;0;1;1;0;0;0;0;1;2;
Patty Mills;;3:16;0;2;0;2;0;0;0;0;0;1;0;0;0;0;0;
BKN
Gerald Wallace;F;32:18;2;4;1;1;0;0;2;1;3;1;0;1;2;1;5;
Reggie Evans;F;18:38;0;2;0;0;1;6;1;8;9;0;1;0;0;2;1;
Brook Lopez;C;34:10;8;13;0;0;2;2;4;5;9;4;0;2;3;1;18;
Joe Johnson;G;35:41;8;16;1;4;2;2;0;2;2;2;0;1;2;2;19;
Deron Williams;G;37:26;5;11;2;3;3;3;0;1;1;3;0;0;3;2;15;
Keith Bogans;;21:18;3;7;2;6;0;0;0;1;1;0;1;0;1;0;8;
Kris Humphries;;20:06;4;7;0;0;0;0;1;6;7;1;0;0;2;3;8;
CJ Watson;;15:39;2;5;0;3;0;0;0;0;0;0;0;0;0;1;4;
Andray Blatche;;13:50;1;2;0;0;4;4;3;1;4;0;0;0;2;5;6;
MarShon Brooks;;3:38;1;2;0;1;0;0;0;0;0;0;0;0;0;0;2;
Mirza Teletovic;;3:38;0;1;0;1;0;0;1;2;3;1;0;0;0;0;0;
Tyshawn Taylor;;3:38;0;2;0;0;0;0;0;0;0;0;0;0;1;0;0;
