03-04;ATL-DEN;88-104;
27-28;23-30;23-23;15-23;
ATL
Anthony Tolliver;F;36:23;3;7;3;6;0;0;0;2;2;0;0;1;0;3;9;
Josh Smith;F;32:26;6;17;2;3;1;1;1;4;5;3;1;2;2;1;15;
Al Horford;C;33:38;9;16;0;0;0;2;5;8;13;4;1;2;2;0;18;
Dahntay Jones;G;35:04;2;7;0;1;0;0;1;1;2;3;0;0;1;2;4;
Jeff Teague;G;30:33;6;17;0;2;3;3;0;4;4;8;2;0;3;2;15;
John Jenkins;;23:34;4;12;1;6;3;3;2;0;2;0;0;1;2;0;12;
Johan Petro;;8:59;2;2;0;0;0;0;1;0;1;0;0;0;1;0;4;
Devin Harris;;20:56;4;10;1;6;2;2;0;2;2;2;0;2;2;2;11;
Ivan Johnson;;13:05;0;1;0;0;0;0;0;1;1;0;0;0;2;1;0;
Jeremy Tyler;;5:23;0;0;0;0;0;0;0;3;3;0;0;0;0;0;0;
DEN
Danilo Gallinari;F;26:55;3;6;1;2;0;0;1;4;5;1;0;0;2;0;7;
Kenneth Faried;F;25:50;5;11;0;0;0;0;4;9;13;0;1;0;3;5;10;
Kosta Koufos;C;20:30;3;4;0;0;1;2;0;7;7;0;0;1;1;3;7;
Andre Iguodala;G;34:42;5;8;2;3;0;0;2;4;6;6;1;0;3;1;12;
Ty Lawson;G;32:00;6;11;2;4;4;4;0;1;1;8;3;0;2;0;18;
Wilson Chandler;;27:23;6;13;0;1;1;1;1;4;5;3;0;0;1;2;13;
Corey Brewer;;27:30;11;20;0;3;0;0;1;3;4;3;2;0;2;4;22;
JaVale McGee;;17:02;4;5;0;0;1;2;2;2;4;0;0;5;1;2;9;
Andre Miller;;20:25;2;4;0;1;0;0;0;2;2;9;2;0;2;2;4;
Timofey Mozgov;;1:56;1;2;0;0;0;0;1;0;1;0;1;0;0;0;2;
Evan Fournier;;1:56;0;0;0;0;0;0;0;0;0;0;0;0;0;0;0;
Jordan Hamilton;;1:56;0;0;0;0;0;0;0;0;0;0;0;0;0;0;0;
Anthony Randolph;;1:56;0;2;0;1;0;0;0;0;0;0;0;0;0;0;0;
