11-17;TOR-BOS;89-107;
17-30;25-17;22-32;25-28;
TOR
Dominic McGuire;F;17:29;1;4;0;0;0;0;1;3;4;0;0;0;0;1;2;
Andrea Bargnani;F;26:17;5;14;1;5;4;5;1;1;2;2;0;1;4;2;15;
Jonas Valanciunas;C;19:20;1;4;0;0;1;1;0;2;2;0;0;0;2;6;3;
DeMar DeRozan;G;24:04;5;10;0;1;0;0;0;3;3;1;1;0;0;1;10;
Jose Calderon;G;28:10;3;7;2;3;2;3;0;2;2;9;1;0;3;1;10;
Amir Johnson;;15:56;0;1;0;0;1;2;1;2;3;1;0;0;0;4;1;
Terrence Ross;;23:56;4;6;2;4;0;1;0;4;4;1;1;1;3;2;10;
Linas Kleiza;;24:29;3;9;0;2;4;7;0;1;1;2;0;0;1;2;10;
John Lucas III;;25:52;5;11;3;7;2;2;0;0;0;3;1;0;2;2;15;
Ed Davis;;20:36;2;3;0;0;3;6;4;5;9;3;1;1;0;2;7;
Quincy Acy;;12:06;1;1;0;0;4;4;2;2;4;0;2;1;0;0;6;
Aaron Gray;;1:45;0;0;0;0;0;0;0;1;1;0;0;0;0;0;0;
BOS
Paul Pierce;F;25:21;6;15;1;5;6;6;0;6;6;2;0;0;1;1;19;
Brandon Bass;F;24:16;3;7;0;0;0;0;0;3;3;2;0;2;1;5;6;
Kevin Garnett;C;17:10;6;7;0;0;3;4;1;4;5;1;0;0;0;1;15;
Jason Terry;G;29:19;7;10;4;7;2;2;0;2;2;2;1;0;0;2;20;
Rajon Rondo;G;32:12;3;4;0;1;0;0;0;2;2;20;1;0;5;2;6;
Chris Wilcox;;24:45;4;8;0;0;0;1;2;0;2;1;1;0;2;4;8;
Jared Sullinger;;26:23;5;8;0;0;2;2;4;7;11;0;1;0;0;3;12;
Courtney Lee;;18:41;2;5;0;0;0;0;0;3;3;4;3;0;3;2;4;
Leandro Barbosa;;15:48;3;6;1;2;1;2;0;1;1;3;0;0;0;1;8;
Jeff Green;;26:05;4;6;0;0;1;2;0;2;2;2;0;0;1;2;9;
