01-05;MIL-IND;80-95;
21-21;26-31;17-25;16-18;
MIL
Luc Mbah a Moute;F;19:10;1;6;0;1;1;2;1;0;1;0;0;0;0;0;3;
Ekpe Udoh;F;28:10;2;3;0;0;0;0;1;3;4;0;0;2;1;2;4;
Larry Sanders;C;28:34;6;11;0;0;0;0;7;5;12;1;0;4;1;2;12;
Monta Ellis;G;35:42;8;19;2;4;3;4;1;3;4;3;2;0;4;2;21;
Brandon Jennings;G;33:02;4;15;1;5;3;4;0;4;4;5;3;0;2;1;12;
John Henson;;26:00;1;6;0;1;4;6;3;10;13;1;1;2;3;4;6;
Mike Dunleavy;;23:52;3;8;1;5;0;0;0;0;0;2;0;0;1;1;7;
Beno Udrih;;22:10;4;7;0;0;0;0;0;0;0;5;0;0;1;1;8;
Tobias Harris;;12:00;0;1;0;0;2;2;0;0;0;0;0;2;0;1;2;
Drew Gooden;;6:14;1;4;0;1;0;0;0;1;1;0;1;0;0;0;2;
Doron Lamb;;2:37;0;0;0;0;0;0;0;0;0;1;0;0;0;0;0;
Marquis Daniels;;2:29;1;2;1;1;0;0;0;0;0;0;0;0;0;0;3;
IND
Paul George;F;35:09;4;11;0;1;0;0;1;8;9;4;1;0;6;2;8;
David West;F;25:06;3;9;0;0;4;6;0;6;6;3;1;0;0;2;10;
Roy Hibbert;C;30:16;8;16;0;0;4;4;11;4;15;0;0;5;2;3;20;
Lance Stephenson;G;23:05;5;8;0;2;0;0;0;3;3;3;1;0;1;2;10;
George Hill;G;32:58;7;16;0;4;0;0;2;6;8;4;0;0;0;0;14;
Gerald Green;;18:00;2;10;1;7;0;0;0;1;1;2;0;0;0;4;5;
Jeff Ayres;;4:51;0;0;0;0;0;0;1;0;1;0;0;0;1;2;0;
Tyler Hansbrough;;20:59;3;6;0;0;3;8;3;3;6;0;0;1;0;1;9;
Orlando Johnson;;11:16;3;8;0;3;1;2;1;2;3;0;0;0;2;1;7;
D.J. Augustin;;20:48;3;5;2;3;0;0;0;2;2;2;2;0;0;0;8;
Ian Mahinmi;;15:37;2;3;0;0;0;0;3;2;5;1;0;0;0;1;4;
Ben Hansbrough;;1:55;0;0;0;0;0;0;0;0;0;0;0;0;0;0;0;
