02-06;PHX-NOH;84-93;
27-26;26-28;18-24;13-15;
PHX
PJ Tucker;F;26:58;3;5;0;0;0;0;2;3;5;1;1;1;1;1;6;
Luis Scola;F;21:42;4;13;0;1;3;3;1;1;2;2;1;0;1;0;11;
Marcin Gortat;C;29:33;7;10;0;0;0;0;1;6;7;1;0;1;1;2;14;
Jared Dudley;G;28:03;6;11;1;5;1;2;3;3;6;3;0;0;1;2;14;
Goran Dragic;G;32:19;4;11;0;3;5;5;0;2;2;6;0;1;4;4;13;
Markieff Morris;;26:18;1;3;0;1;0;0;1;4;5;1;1;1;2;1;2;
Jermaine O'Neal;;18:27;2;2;0;0;3;4;0;3;3;0;1;0;2;1;7;
Michael Beasley;;20:16;5;12;0;1;1;1;2;3;5;1;0;0;3;1;11;
Shannon Brown;;16:13;3;9;0;3;0;0;0;4;4;1;0;0;1;2;6;
Kendall Marshall;;20:12;0;2;0;1;0;0;1;0;1;3;0;0;0;3;0;
NOH
Al-Farouq Aminu;F;30:17;7;9;0;0;2;2;1;10;11;1;1;0;1;2;16;
Anthony Davis;F;19:55;4;7;0;0;0;2;0;1;1;1;1;3;2;2;8;
Robin Lopez;C;28:42;5;7;0;0;1;2;5;3;8;1;1;2;1;3;11;
Eric Gordon;G;32:06;3;14;0;4;3;4;0;0;0;2;1;0;2;0;9;
Greivis Vasquez;G;34:00;8;9;1;1;2;3;0;1;1;12;4;0;0;1;19;
Ryan Anderson;;30:55;4;10;3;6;3;3;1;3;4;3;0;0;3;2;14;
Jason Smith;;16:28;2;5;0;0;0;0;1;3;4;1;1;2;1;4;4;
Austin Rivers;;15:54;1;2;0;0;0;1;0;0;0;3;0;0;1;3;2;
Xavier Henry;;17:37;2;6;0;1;0;0;0;1;1;0;1;0;0;0;4;
Brian Roberts;;14:06;3;6;0;2;0;0;1;2;3;0;0;0;0;0;6;
