01-30;LAC-MIN;96-90;
23-25;29-23;24-23;20-19;
LAC
Caron Butler;F;35:13;7;12;2;4;3;4;1;4;5;1;1;0;2;2;19;
Blake Griffin;F;36:16;11;17;0;0;4;4;5;8;13;0;3;0;3;3;26;
DeAndre Jordan;C;31:34;6;8;0;0;4;10;4;8;12;0;0;2;0;1;16;
Willie Green;G;16:16;0;3;0;1;0;2;0;0;0;0;0;0;0;3;0;
Eric Bledsoe;G;39:09;3;14;0;1;4;4;1;2;3;10;6;1;5;2;10;
Jamal Crawford;;31:14;5;14;1;3;6;8;1;1;2;2;0;0;1;2;17;
Matt Barnes;;6:00;0;1;0;0;0;0;0;0;0;1;0;0;1;1;0;
Grant Hill;;16:08;1;3;0;0;2;4;0;0;0;2;1;1;3;0;4;
Lamar Odom;;17:29;1;3;0;0;0;0;1;6;7;0;0;0;0;3;2;
Ronny Turiaf;;10:41;1;1;0;0;0;0;1;2;3;0;0;0;0;1;2;
MIN
Andrei Kirilenko;F;32:08;3;10;1;4;7;8;0;4;4;4;2;1;1;0;14;
Derrick Williams;F;12:33;2;3;1;2;0;0;0;0;0;0;0;0;1;5;5;
Nikola Pekovic;C;37:07;8;15;0;0;1;2;2;10;12;1;0;1;1;3;17;
Luke Ridnour;G;23:34;3;7;1;2;1;1;0;2;2;2;0;0;3;2;8;
Ricky Rubio;G;27:28;4;9;0;1;1;2;1;2;3;4;2;0;2;3;9;
Dante Cunningham;;34:57;3;7;0;0;1;2;4;5;9;2;1;1;1;4;7;
Alexey Shved;;21:02;5;13;1;6;1;1;1;1;2;3;0;0;3;4;12;
Jose Juan Barea;;24:26;4;8;1;3;5;7;0;1;1;4;1;0;1;3;14;
Mickael Gelabale;;15:52;0;2;0;1;0;0;0;2;2;0;3;0;0;0;0;
Greg Stiemsma;;10:53;1;2;0;0;2;4;0;3;3;0;0;0;0;1;4;
