11-25;BOS-ORL;116-110;
28-22;30-26;22-34;22-20;14-8;
BOS
Paul Pierce;F;36:54;8;17;3;5;4;4;0;5;5;1;0;0;3;2;23;
Brandon Bass;F;35:20;5;14;0;0;3;4;5;7;12;2;1;0;2;3;13;
Kevin Garnett;C;35:34;10;17;0;1;4;5;3;7;10;1;2;0;3;1;24;
Jason Terry;G;27:26;2;6;1;4;0;0;0;2;2;3;3;0;3;1;5;
Rajon Rondo;G;42:27;7;15;0;1;1;2;1;8;9;16;2;0;1;4;15;
Chris Wilcox;;12:55;2;3;0;0;0;0;1;1;2;0;0;0;0;0;4;
Courtney Lee;;24:21;2;4;1;1;0;0;1;1;2;1;1;1;0;3;5;
Jared Sullinger;;19:25;5;12;0;0;1;1;6;0;6;1;0;0;0;4;11;
Jeff Green;;20:05;0;9;0;3;1;2;0;2;2;1;0;1;1;0;1;
Leandro Barbosa;;10:33;6;8;2;3;1;1;0;1;1;0;0;0;2;4;15;
ORL
Maurice Harkless;F;14:37;2;3;1;1;0;0;0;3;3;0;1;1;1;0;5;
Glen Davis;F;39:46;3;12;0;1;9;10;1;6;7;3;3;0;1;3;15;
Nikola Vucevic;C;16:53;3;4;0;0;0;0;0;3;3;1;1;1;1;2;6;
Arron Afflalo;G;43:29;7;19;1;5;0;0;1;1;2;7;2;2;1;2;15;
Jameer Nelson;G;34:48;8;17;3;8;1;1;1;4;5;2;1;1;5;6;20;
Josh McRoberts;;32:42;2;9;1;2;2;2;5;9;14;2;0;3;2;2;7;
Andrew Nicholson;;15:05;4;6;0;0;0;0;0;1;1;0;0;0;2;1;8;
Gustavo Ayon;;15:46;2;3;0;0;1;2;2;3;5;1;0;0;0;1;5;
JJ Redick;;33:42;8;13;3;6;2;2;0;1;1;2;0;0;1;2;21;
E'Twaun Moore;;18:12;2;4;2;3;2;2;0;1;1;2;1;0;4;0;8;
