12-27;DAL-OKC;105-111;
29-21;16-22;36-30;17-25;7-13;
DAL
Dahntay Jones;F;14:60;0;2;0;0;0;0;1;0;1;0;1;0;0;3;0;
Shawn Marion;F;34:06;5;12;0;1;4;4;3;6;9;7;0;1;1;3;14;
Chris Kaman;C;30:07;7;14;0;0;3;3;2;6;8;0;0;2;0;1;17;
O.J. Mayo;G;35:48;1;7;1;5;1;3;0;3;3;5;1;1;6;4;4;
Darren Collison;G;40:03;13;22;4;4;2;2;1;4;5;4;4;0;3;0;32;
Dirk Nowitzki;;26:29;3;11;1;4;2;2;0;6;6;1;0;1;1;1;9;
Elton Brand;;20:35;3;5;0;0;0;0;3;5;8;0;1;0;1;2;6;
Vince Carter;;23:34;3;10;3;6;0;0;0;3;3;1;1;0;0;3;9;
Chris Douglas-Roberts;;15:02;2;5;0;1;0;0;0;1;1;1;0;0;0;1;4;
Dominique Jones;;12:57;2;5;1;1;1;1;0;0;0;3;1;0;1;0;6;
Jae Crowder;;11:19;1;2;1;2;1;1;0;2;2;0;0;0;0;1;4;
OKC
Kevin Durant;F;48:48;13;28;4;8;10;10;2;6;8;5;1;3;4;3;40;
Serge Ibaka;F;41:36;7;10;0;0;5;8;8;9;17;0;0;5;1;1;19;
Kendrick Perkins;C;23:25;0;6;0;0;0;0;4;3;7;0;0;3;1;0;0;
Thabo Sefolosha;G;33:53;3;7;2;6;0;0;0;2;2;2;3;1;2;2;8;
Russell Westbrook;G;41:36;7;20;0;3;2;3;1;5;6;10;3;1;2;5;16;
Kevin Martin;;34:38;6;12;2;4;4;4;0;7;7;2;1;0;0;2;18;
Nick Collison;;18:16;0;1;0;0;2;2;1;1;2;2;0;0;0;1;2;
Hasheem Thabeet;;11:24;1;2;0;0;0;1;0;0;0;0;0;0;1;3;2;
Reggie Jackson;;11:24;2;7;2;4;0;0;1;6;7;2;0;0;1;1;6;
