01-28;ORL-BKN;77-97;
20-30;20-26;23-14;14-27;
ORL
Maurice Harkless;F;34:05;7;10;2;4;0;0;1;3;4;2;3;0;2;1;16;
Glen Davis;F;38:57;6;13;0;0;3;5;2;3;5;3;1;0;1;2;15;
Nikola Vucevic;C;37:47;9;13;0;0;0;0;3;6;9;1;0;2;1;3;18;
JJ Redick;G;37:32;2;13;1;8;0;0;1;5;6;10;1;0;3;0;5;
Jameer Nelson;G;37:56;3;12;3;8;0;0;1;3;4;7;2;0;3;3;9;
Gustavo Ayon;;10:53;1;3;0;0;0;0;0;2;2;1;0;2;0;1;2;
DeQuan Jones;;8:58;0;3;0;1;2;2;0;0;0;0;0;0;0;0;2;
E'Twaun Moore;;9:20;0;2;0;2;0;0;0;0;0;0;1;0;3;1;0;
Hedo Turkoglu;;11:51;2;5;0;3;0;0;0;0;0;0;1;0;1;1;4;
Ish Smith;;4:20;0;1;0;1;2;2;0;1;1;0;0;0;0;0;2;
Kyle O'Quinn;;4:20;2;3;0;0;0;0;2;0;2;0;0;1;0;0;4;
Andrew Nicholson;;4:01;0;1;0;0;0;0;1;2;3;0;0;0;1;0;0;
BKN
Gerald Wallace;F;26:12;3;3;1;1;0;0;1;3;4;3;0;0;3;0;7;
Reggie Evans;F;19:42;0;2;0;0;0;0;3;7;10;1;1;0;3;1;0;
Brook Lopez;C;27:56;6;8;0;0;4;4;1;4;5;0;0;1;4;3;16;
Joe Johnson;G;30:09;5;10;2;4;1;1;0;2;2;5;1;0;1;1;13;
Deron Williams;G;33:54;8;12;4;7;0;0;0;3;3;9;0;1;1;0;20;
Kris Humphries;;16:37;0;4;0;0;3;4;3;4;7;0;1;0;1;3;3;
Keith Bogans;;19:32;4;7;4;7;0;0;0;4;4;0;1;0;1;1;12;
MarShon Brooks;;17:51;4;8;0;2;0;0;1;1;2;1;3;0;2;0;8;
Andray Blatche;;20:04;3;11;0;1;2;3;1;3;4;0;1;1;2;2;8;
CJ Watson;;14:06;2;5;1;4;0;0;2;0;2;3;0;0;0;0;5;
Mirza Teletovic;;11:41;2;4;1;3;0;0;0;1;1;0;0;0;2;1;5;
Tyshawn Taylor;;2:16;0;0;0;0;0;0;0;1;1;1;0;0;0;1;0;
