01-01;ATL-NOH;95-86;
22-26;22-24;28-14;23-22;
ATL
Kyle Korver;F;30:43;4;8;4;7;2;2;0;3;3;2;0;0;1;1;14;
Josh Smith;F;37:14;11;20;1;3;0;0;2;11;13;7;3;4;1;2;23;
Al Horford;C;41:07;10;17;0;0;0;0;0;3;3;3;0;0;1;1;20;
Lou Williams;G;37:14;4;13;1;5;0;2;0;3;3;7;1;0;1;1;9;
Jeff Teague;G;40:01;2;8;0;2;0;2;1;2;3;8;2;2;1;3;4;
Zaza Pachulia;;19:58;5;8;0;0;2;2;6;4;10;0;0;1;0;0;12;
John Jenkins;;18:45;3;4;1;1;0;0;0;1;1;2;0;0;0;1;7;
Anthony Tolliver;;14:58;2;5;2;4;0;0;0;3;3;1;1;0;0;2;6;
NOH
Lance Thomas;F;15:15;1;3;0;0;0;0;2;1;3;0;0;0;0;1;2;
Anthony Davis;F;35:41;4;9;0;0;1;4;4;9;13;0;0;4;1;2;9;
Robin Lopez;C;25:30;5;9;0;0;0;0;3;2;5;1;0;0;1;1;10;
Austin Rivers;G;16:26;1;5;1;2;0;0;0;1;1;3;0;0;2;1;3;
Greivis Vasquez;G;38:37;7;15;1;2;2;4;1;8;9;10;0;1;2;1;17;
Eric Gordon;;23:46;5;17;0;3;1;4;0;2;2;3;1;0;4;3;11;
Ryan Anderson;;32:08;9;15;5;10;0;0;3;3;6;0;0;0;0;2;23;
Al-Farouq Aminu;;5:26;0;2;0;0;0;0;0;2;2;1;0;0;0;0;0;
Brian Roberts;;7:24;0;1;0;0;0;0;1;0;1;1;0;0;1;2;0;
Jason Smith;;12:26;1;3;0;0;0;0;0;0;0;0;2;0;1;4;2;
Roger Mason Jr.;;27:21;3;3;3;3;0;0;0;5;5;1;0;0;1;0;9;
