02-22;POR-LAL;107-111;
28-30;27-23;27-27;25-31;
POR
Nicolas Batum;F;37:34;9;14;2;5;2;3;1;7;8;4;3;0;2;2;22;
LaMarcus Aldridge;F;34:16;6;19;0;1;3;4;2;4;6;3;2;0;4;5;15;
JJ Hickson;C;34:58;11;15;0;0;0;0;2;9;11;2;0;0;3;2;22;
Wesley Matthews;G;35:53;5;10;4;7;1;2;0;2;2;8;1;0;2;4;15;
Damian Lillard;G;40:16;9;22;1;5;0;0;0;3;3;7;1;0;1;3;19;
Sasha Pavlovic;;3:05;0;0;0;0;0;0;0;1;1;0;1;0;0;0;0;
Meyers Leonard;;12:49;2;3;0;0;0;0;2;2;4;1;0;1;0;4;4;
Nolan Smith;;7:47;1;3;0;0;0;0;0;1;1;0;1;0;0;3;2;
Will Barton;;19:28;2;7;0;1;1;1;0;5;5;0;0;0;1;0;5;
Victor Claver;;13:54;1;1;1;1;0;2;0;1;1;0;0;1;1;5;3;
LAL
Metta World Peace;F;35:56;4;9;2;4;1;1;1;5;6;2;2;1;3;5;11;
Earl Clark;F;30:07;4;8;1;3;2;2;0;5;5;0;0;1;1;2;11;
Dwight Howard;C;37:46;7;14;0;0;5;12;5;11;16;2;1;2;2;4;19;
Kobe Bryant;G;35:51;15;23;1;3;9;9;2;5;7;4;2;0;5;1;40;
Steve Nash;G;33:33;2;11;0;1;0;1;1;4;5;6;1;0;3;0;4;
Antawn Jamison;;20:57;5;12;1;3;5;6;3;3;6;0;1;0;1;1;16;
Jodie Meeks;;21:25;3;5;1;3;3;3;0;2;2;2;1;0;1;0;10;
Steve Blake;;24:25;0;3;0;1;0;0;0;0;0;2;0;1;0;1;0;
