11-10;SAS-POR;112-109;
26-26;17-26;30-27;39-30;
SAS
Kawhi Leonard;F;22:33;5;6;0;1;0;0;0;3;3;1;3;0;3;4;10;
Tim Duncan;F;31:32;7;12;0;0;8;9;2;7;9;1;1;3;1;2;22;
Boris Diaw;C;14:53;0;0;0;0;0;0;0;0;0;2;0;0;1;3;0;
Danny Green;G;32:00;4;7;1;3;1;2;1;4;5;2;0;1;3;0;10;
Patty Mills;G;23:27;3;9;1;2;0;0;1;1;2;4;1;0;2;0;7;
Stephen Jackson;;30:36;3;8;2;5;5;6;0;3;3;3;2;0;3;2;13;
Tiago Splitter;;18:02;2;3;0;0;2;2;0;2;2;0;0;1;3;2;6;
Gary Neal;;31:47;11;16;2;3;3;4;1;6;7;1;0;0;1;3;27;
Manu Ginobili;;28:02;5;8;1;3;6;8;1;3;4;4;2;0;3;4;17;
Matt Bonner;;2:04;0;1;0;1;0;0;0;0;0;0;0;0;1;0;0;
Cory Joseph;;0:04;0;0;0;0;0;0;0;0;0;0;0;0;0;0;0;
Nando De Colo;;5:00;0;0;0;0;0;0;0;1;1;2;0;0;0;0;0;
POR
Nicolas Batum;F;39:03;11;18;5;7;6;6;1;6;7;4;2;1;3;4;33;
LaMarcus Aldridge;F;41:24;12;26;0;2;5;6;2;2;4;7;2;4;3;3;29;
JJ Hickson;C;34:23;5;8;0;0;3;4;5;9;14;0;1;0;0;5;13;
Wesley Matthews;G;37:26;4;11;1;3;1;2;1;2;3;4;2;0;2;4;10;
Damian Lillard;G;37:49;8;16;4;8;0;1;1;2;3;6;2;0;4;3;20;
Ronnie Price;;10:15;0;3;0;1;0;0;0;0;0;0;1;0;1;1;0;
Meyers Leonard;;13:29;1;3;0;0;0;0;1;2;3;0;0;0;1;2;2;
Luke Babbitt;;3:41;0;1;0;1;0;0;0;0;0;1;1;0;0;1;0;
Sasha Pavlovic;;16:41;1;2;0;0;0;0;1;2;3;1;3;0;0;0;2;
Will Barton;;2:59;0;1;0;0;0;0;0;0;0;0;0;0;0;0;0;
Jared Jeffries;;2:51;0;0;0;0;0;0;0;0;0;0;0;0;1;0;0;
