11-11;ORL-BKN;74-82;
17-35;18-15;18-13;21-19;
ORL
Arron Afflalo;F;40:48;7;17;0;3;5;5;0;7;7;5;1;1;1;1;19;
Glen Davis;F;38:03;9;21;0;0;1;2;2;8;10;1;3;2;2;4;19;
Nikola Vucevic;C;39:45;6;15;0;0;2;2;4;9;13;3;0;1;1;4;14;
JJ Redick;G;37:57;3;12;0;4;4;5;0;2;2;9;1;0;1;3;10;
E'Twaun Moore;G;40:39;3;11;1;5;1;2;1;1;2;1;0;0;4;4;8;
Josh McRoberts;;13:21;1;1;0;0;0;0;0;1;1;2;0;0;0;0;2;
Maurice Harkless;;10:57;0;2;0;0;0;0;2;1;3;0;0;0;1;3;0;
Ish Smith;;7:13;0;2;0;1;0;0;0;1;1;1;1;0;1;1;0;
Andrew Nicholson;;3:14;0;1;0;0;0;0;0;0;0;0;0;0;0;1;0;
Gustavo Ayon;;8:03;1;2;0;0;0;2;2;1;3;0;0;0;0;1;2;
BKN
Keith Bogans;F;18:25;0;5;0;4;0;0;1;2;3;3;0;0;0;0;0;
Kris Humphries;F;34:01;6;11;0;0;2;2;6;15;21;0;0;1;1;5;14;
Brook Lopez;C;34:55;9;18;0;0;2;2;1;2;3;3;0;3;7;3;20;
Joe Johnson;G;41:23;3;13;2;5;5;6;1;2;3;4;1;0;1;0;13;
Deron Williams;G;36:14;5;12;3;7;4;6;0;7;7;7;0;2;3;2;17;
CJ Watson;;23:49;2;9;1;7;2;3;0;1;1;1;2;0;0;2;7;
Reggie Evans;;14:15;1;1;0;0;2;6;2;5;7;0;2;0;1;1;4;
Andray Blatche;;12:13;1;6;0;0;0;0;1;6;7;0;0;1;2;2;2;
Jerry Stackhouse;;14:47;2;3;1;1;0;0;0;0;0;2;0;1;0;2;5;
Josh Childress;;9:51;0;0;0;0;0;0;0;3;3;0;0;0;0;0;0;
Tyshawn Taylor;;0:07;0;0;0;0;0;0;0;0;0;0;0;0;0;0;0;
