11-03;CLE-MIL;102-105;
27-23;22-32;30-21;23-29;
CLE
Alonzo Gee;F;35:59;6;11;2;3;4;4;0;3;3;6;2;0;3;1;18;
Tristan Thompson;F;29:59;2;5;0;0;5;8;4;2;6;0;1;0;0;3;9;
Anderson Varejao;C;35:51;10;13;0;0;0;0;2;15;17;0;1;0;0;1;20;
Dion Waiters;G;28:59;5;12;1;2;2;4;0;2;2;3;1;0;3;0;13;
Kyrie Irving;G;33:22;10;18;0;2;7;8;0;4;4;7;2;0;4;5;27;
CJ Miles;;14:54;0;6;0;3;0;0;0;1;1;1;0;0;3;4;0;
Tyler Zeller;;20:43;1;5;0;0;0;2;2;5;7;1;0;0;0;1;2;
Daniel Gibson;;20:36;2;6;1;3;0;2;0;0;0;0;1;0;0;4;5;
Luke Walton;;7:02;0;2;0;1;0;0;1;0;1;0;1;0;1;0;0;
Donald Sloan;;12:35;3;5;2;2;0;1;0;1;1;1;0;0;1;2;8;
MIL
Tobias Harris;F;13:18;2;3;0;1;0;0;2;1;3;0;0;0;2;2;4;
Ersan Ilyasova;F;26:43;1;8;0;4;1;2;1;2;3;2;0;0;1;4;3;
Samuel Dalembert;C;10:14;0;0;0;0;0;0;0;2;2;1;0;1;0;1;0;
Monta Ellis;G;36:29;8;20;1;5;6;8;0;2;2;4;1;2;5;0;23;
Brandon Jennings;G;37:14;5;13;1;5;2;2;0;4;4;13;2;1;4;0;13;
Mike Dunleavy;;34:42;10;12;6;7;3;5;0;12;12;6;2;1;1;1;29;
Beno Udrih;;16:46;5;10;1;2;0;0;0;2;2;5;1;0;0;1;11;
Larry Sanders;;29:59;8;9;0;0;1;2;0;7;7;0;0;4;1;6;17;
Ekpe Udoh;;23:24;2;4;0;0;1;2;0;0;0;1;1;0;1;2;5;
Doron Lamb;;5:31;0;0;0;0;0;0;0;0;0;0;1;0;0;0;0;
Joel Przybilla;;5:40;0;0;0;0;0;0;0;2;2;0;0;0;0;1;0;
