01-09;HOU-NOH;79-88;
22-18;14-16;33-25;10-29;
HOU
Chandler Parsons;F;35:58;3;10;2;7;0;0;3;5;8;1;1;0;4;0;8;
Marcus Morris;F;20:23;2;6;2;3;1;2;0;1;1;2;0;0;2;2;7;
Omer Asik;C;26:27;4;6;0;0;0;0;2;6;8;1;0;1;1;2;8;
James Harden;G;40:35;9;18;2;4;5;6;0;4;4;3;1;0;7;4;25;
Jeremy Lin;G;41:34;4;12;1;4;0;0;1;4;5;5;5;0;5;2;9;
Patrick Patterson;;27:37;3;8;0;2;0;0;3;7;10;1;0;1;0;4;6;
Carlos Delfino;;25:59;3;10;2;6;1;2;0;1;1;1;1;0;1;3;9;
Toney Douglas;;15:41;2;4;0;1;3;3;0;1;1;1;1;0;1;1;7;
Greg Smith;;5:46;0;1;0;0;0;0;1;0;1;0;0;1;1;2;0;
NOH
Al-Farouq Aminu;F;25:12;2;7;0;0;0;0;4;6;10;0;2;1;3;2;4;
Anthony Davis;F;19:00;3;5;0;0;0;0;1;2;3;1;3;2;0;1;6;
Robin Lopez;C;22:28;6;9;0;0;2;2;3;0;3;0;1;2;2;3;14;
Eric Gordon;G;27:36;2;12;0;4;1;2;0;1;1;6;0;0;5;1;5;
Greivis Vasquez;G;36:57;7;13;2;3;1;2;0;4;4;11;3;0;4;2;17;
Austin Rivers;;19:33;0;5;0;3;0;0;0;3;3;0;1;1;1;3;0;
Ryan Anderson;;27:18;0;7;0;4;0;0;1;4;5;0;0;0;0;0;0;
Jason Smith;;27:14;6;13;0;0;5;6;6;4;10;3;0;3;1;4;17;
Brian Roberts;;11:54;1;3;0;2;2;2;0;0;0;3;0;0;0;0;4;
Lance Thomas;;6:37;2;3;0;0;0;0;1;1;2;1;0;0;0;0;4;
Roger Mason Jr.;;16:11;6;7;3;3;2;2;0;5;5;1;1;1;0;1;17;
