11-10;WAS-IND;85-89;
22-23;27-26;23-21;13-19;
WAS
Trevor Ariza;F;26:09;2;5;0;2;0;0;0;6;6;2;4;1;2;1;4;
Trevor Booker;F;31:16;5;11;0;0;0;0;1;4;5;1;0;1;1;3;10;
Emeka Okafor;C;32:46;8;18;0;0;1;2;1;7;8;0;0;1;1;5;17;
Bradley Beal;G;35:15;6;11;3;3;2;3;1;5;6;2;1;1;3;1;17;
A.J. Price;G;36:30;5;12;2;7;0;0;0;3;3;14;0;0;0;2;12;
Jan Vesely;;3:53;0;1;0;0;0;0;0;1;1;1;0;0;0;2;0;
Jannero Pargo;;11:30;0;1;0;1;0;0;0;0;0;1;0;0;0;0;0;
Kevin Seraphin;;15:14;2;7;0;0;0;0;1;1;2;1;0;0;1;3;4;
Martell Webster;;20:27;2;4;2;4;2;2;0;4;4;1;0;1;2;0;8;
Jordan Crawford;;14:10;3;6;3;6;0;0;1;3;4;2;0;0;1;1;9;
Chris Singleton;;12:51;2;3;0;1;0;0;0;1;1;1;0;0;1;3;4;
IND
Paul George;F;36:41;8;12;2;5;2;2;0;7;7;3;0;0;2;1;20;
David West;F;35:08;4;16;0;0;3;3;2;2;4;2;0;1;0;1;11;
Roy Hibbert;C;26:01;3;15;0;0;1;2;8;4;12;1;1;2;4;3;7;
Lance Stephenson;G;30:38;5;7;2;2;0;0;0;4;4;2;0;0;1;2;12;
George Hill;G;34:43;3;9;1;3;1;2;0;2;2;5;0;0;1;2;8;
Gerald Green;;28:24;6;12;1;4;2;2;0;8;8;0;0;0;2;1;15;
Tyler Hansbrough;;20:36;1;2;0;0;4;12;2;4;6;0;2;0;1;1;6;
Ian Mahinmi;;14:15;3;4;0;0;1;1;2;2;4;1;1;1;1;1;7;
D.J. Augustin;;13:34;1;3;1;2;0;0;0;1;1;2;0;0;0;0;3;
