11-03;GSW-LAC;114-110;
33-24;24-29;28-26;29-31;
GSW
Harrison Barnes;F;19:54;4;6;0;0;2;2;0;1;1;1;0;0;0;5;10;
David Lee;F;29:16;4;8;0;0;0;0;1;11;12;4;0;0;1;4;8;
Festus Ezeli;C;27:50;2;4;0;0;4;10;3;2;5;0;0;1;1;4;8;
Klay Thompson;G;28:19;6;17;2;6;3;3;3;5;8;3;1;0;2;4;17;
Stephen Curry;G;43:02;6;16;2;7;9;10;0;4;4;4;3;0;5;4;23;
Richard Jefferson;;21:60;3;7;0;2;3;4;1;1;2;1;2;0;1;1;9;
Carl Landry;;32:14;11;16;0;0;1;4;6;4;10;2;0;1;2;5;23;
Jarrett Jack;;31:31;5;8;0;0;6;6;2;4;6;7;1;0;0;4;16;
Draymond Green;;5:24;0;2;0;1;0;0;0;0;0;0;0;0;1;2;0;
Andris Biedrins;;0:25;0;0;0;0;0;0;0;0;0;0;0;0;0;1;0;
Charles Jenkins;;0:05;0;0;0;0;0;0;0;0;0;0;0;0;0;0;0;
LAC
Caron Butler;F;31:35;8;10;4;5;0;1;0;1;1;1;0;1;2;3;20;
Blake Griffin;F;37:58;4;12;0;0;11;16;2;9;11;4;3;0;2;5;19;
DeAndre Jordan;C;22:14;2;4;0;0;0;2;3;5;8;0;0;2;1;6;4;
Willie Green;G;15:54;1;4;0;3;0;0;0;0;0;0;0;0;1;2;2;
Chris Paul;G;33:15;3;9;2;2;19;20;0;2;2;10;1;0;5;3;27;
Ryan Hollins;;17:50;1;1;0;0;2;2;0;4;4;0;0;1;2;2;4;
Matt Barnes;;24:24;0;3;0;3;1;2;1;1;2;2;0;1;0;3;1;
Jamal Crawford;;31:53;8;17;4;8;7;9;0;3;3;1;0;0;1;1;27;
Eric Bledsoe;;14:58;2;5;0;0;0;0;1;0;1;3;2;0;1;2;4;
Lamar Odom;;9:59;1;5;0;0;0;0;0;1;1;0;0;0;1;4;2;
