02-21;MIA-CHI;86-67;
22-22;23-13;20-19;21-13;
MIA
LeBron James;F;34:29;11;15;1;4;3;3;1;11;12;7;2;0;4;2;26;
Udonis Haslem;F;16:22;0;2;0;0;0;0;1;2;3;0;0;0;0;3;0;
Chris Bosh;C;32:06;5;9;0;1;2;4;2;2;4;0;3;0;3;2;12;
Dwyane Wade;G;36:45;8;15;0;0;1;2;2;6;8;5;2;2;5;0;17;
Mario Chalmers;G;27:28;4;10;0;2;0;0;0;3;3;5;1;0;2;2;8;
Shane Battier;;23:11;1;3;1;3;0;0;1;0;1;0;1;1;0;1;3;
Chris Andersen;;13:42;0;2;0;0;1;2;1;1;2;0;1;2;1;2;1;
Ray Allen;;29:12;4;11;1;3;2;3;0;0;0;2;2;1;2;2;11;
Norris Cole;;20:09;4;6;0;0;0;0;0;2;2;1;2;0;0;1;8;
Joel Anthony;;2:12;0;0;0;0;0;0;0;1;1;0;0;0;0;0;0;
Rashard Lewis;;2:12;0;0;0;0;0;0;0;0;0;0;0;0;0;0;0;
James Jones;;2:12;0;0;0;0;0;0;0;0;0;0;0;0;0;0;0;
CHI
Luol Deng;F;32:04;3;12;0;0;0;0;3;3;6;2;2;0;2;1;6;
Carlos Boozer;F;32:55;5;9;0;0;2;2;4;7;11;3;1;0;3;2;12;
Joakim Noah;C;38:06;5;11;0;0;1;2;4;4;8;8;3;2;4;2;11;
Richard Hamilton;G;22:38;3;8;0;3;1;1;0;1;1;3;0;0;3;2;7;
Nate Robinson;G;28:33;5;12;2;4;2;2;0;1;1;3;2;0;3;5;14;
Taj Gibson;;20:35;3;8;0;0;0;0;0;3;3;1;0;0;3;1;6;
Jimmy Butler;;21:23;0;3;0;0;0;0;2;1;3;0;0;1;1;0;0;
Marco Belinelli;;15:33;0;4;0;3;3;4;0;0;0;0;0;0;3;0;3;
Marquis Teague;;19:27;3;5;0;0;0;0;0;5;5;0;1;1;4;2;6;
Daequan Cook;;4:22;0;1;0;0;0;0;0;0;0;0;0;0;0;0;0;
Nazr Mohammed;;2:12;1;2;0;0;0;0;0;0;0;0;0;0;0;0;2;
Vladimir Radmanovic;;2:12;0;0;0;0;0;0;0;1;1;0;1;0;0;0;0;
