12-28;POR-LAL;87-104;
25-34;23-28;18-26;21-16;
POR
Nicolas Batum;F;34:12;5;11;0;5;0;0;2;3;5;8;0;1;1;2;10;
LaMarcus Aldridge;F;25:07;12;17;0;0;2;2;2;1;3;1;1;0;1;2;26;
JJ Hickson;C;18:27;0;7;0;0;2;2;5;3;8;2;1;1;1;2;2;
Victor Claver;G;8:55;1;1;1;1;0;0;0;2;2;0;0;0;1;0;3;
Damian Lillard;G;37:28;4;17;1;4;2;2;0;2;2;4;1;0;3;2;11;
Sasha Pavlovic;;17:53;2;5;1;3;0;0;0;0;0;1;1;0;0;3;5;
Meyers Leonard;;16:53;0;1;0;0;0;0;1;6;7;0;0;1;0;3;0;
Ronnie Price;;7:24;2;3;0;1;0;0;0;0;0;3;2;0;0;1;4;
Jared Jeffries;;14:41;1;4;0;0;2;4;1;2;3;2;0;0;0;4;4;
Will Barton;;23:39;5;10;0;1;1;2;0;6;6;0;1;2;0;4;11;
Luke Babbitt;;14:53;0;3;0;2;0;0;0;6;6;1;0;0;1;0;0;
Joel Freeland;;12:00;3;4;0;0;0;0;1;0;1;0;0;0;1;0;6;
Nolan Smith;;8:28;1;4;0;2;3;4;1;0;1;2;0;0;0;0;5;
LAL
Kobe Bryant;F;30:40;9;18;1;6;8;11;2;3;5;4;2;0;1;3;27;
Pau Gasol;F;30:14;6;9;2;3;1;2;1;8;9;5;0;3;1;2;15;
Dwight Howard;C;29:30;7;13;0;0;7;13;6;8;14;1;1;3;4;2;21;
Darius Morris;G;23:37;4;6;0;1;0;0;2;2;4;2;0;0;0;1;8;
Steve Nash;G;26:17;3;7;0;1;0;0;0;0;0;10;0;0;2;1;6;
Metta World Peace;;21:54;3;7;0;3;0;0;0;3;3;3;0;0;0;0;6;
Jordan Hill;;24:42;4;8;0;0;0;0;3;5;8;0;0;0;2;1;8;
Chris Duhon;;21:43;1;4;1;4;0;0;0;4;4;2;0;0;0;0;3;
Jodie Meeks;;17:59;3;9;3;6;0;0;2;0;2;2;1;0;1;3;9;
Devin Ebanks;;4:28;0;2;0;0;0;0;0;1;1;0;0;0;0;0;0;
Earl Clark;;4:28;0;2;0;0;0;0;0;1;1;0;0;1;0;1;0;
Robert Sacre;;4:28;0;1;0;0;1;2;0;1;1;0;0;0;0;1;1;
