02-11;BKN-IND;89-84;
20-13;15-27;23-14;18-22;13-8;
BKN
Gerald Wallace;F;46:03;4;8;2;4;1;2;0;11;11;2;2;2;2;5;11;
Reggie Evans;F;42:44;2;5;0;0;4;6;7;15;22;0;1;2;1;3;8;
Brook Lopez;C;41:53;8;19;0;0;9;9;4;4;8;0;0;2;1;3;25;
Joe Johnson;G;37:39;6;17;1;3;4;5;0;1;1;2;0;0;2;2;17;
CJ Watson;G;18:58;0;7;0;1;1;2;0;4;4;3;1;0;1;2;1;
Andray Blatche;;10:46;2;4;0;0;2;4;0;2;2;0;1;0;0;2;6;
Keith Bogans;;7:15;0;0;0;0;0;0;0;1;1;0;0;0;0;1;0;
Tyshawn Taylor;;34:23;5;9;0;0;2;4;0;2;2;2;0;0;2;2;12;
MarShon Brooks;;15:12;4;8;1;2;0;0;0;1;1;0;1;0;2;0;9;
Kris Humphries;;5:02;0;1;0;0;0;0;0;0;0;0;0;0;0;1;0;
Mirza Teletovic;;5:05;0;2;0;2;0;0;0;0;0;0;0;0;0;0;0;
IND
Paul George;F;39:15;1;10;1;5;2;2;1;5;6;0;2;2;2;6;5;
David West;F;24:55;2;11;0;0;3;4;1;5;6;3;1;1;2;2;7;
Roy Hibbert;C;35:05;5;18;0;0;2;5;6;4;10;0;0;3;1;4;12;
Lance Stephenson;G;40:06;6;12;1;2;1;1;1;3;4;1;1;0;1;4;14;
George Hill;G;39:32;9;18;1;7;3;4;0;4;4;6;1;0;0;4;22;
Tyler Hansbrough;;11:00;0;4;0;0;0;0;1;2;3;0;0;0;0;0;0;
Orlando Johnson;;12:54;1;3;1;3;0;0;0;3;3;2;0;0;0;0;3;
D.J. Augustin;;21:13;1;7;1;4;0;0;0;1;1;2;0;0;0;1;3;
Ian Mahinmi;;17:40;1;2;0;0;2;2;3;3;6;0;0;1;1;2;4;
Jeff Ayres;;17:20;7;11;0;1;0;0;4;6;10;1;0;0;1;3;14;
Gerald Green;;6:00;0;0;0;0;0;0;0;0;0;1;1;0;0;0;0;
