12-21;SAC-LAC;85-97;
21-29;18-24;23-20;23-24;
SAC
John Salmons;F;29:15;2;6;1;2;0;0;0;2;2;4;0;1;1;3;5;
Jason Thompson;F;26:46;5;7;0;0;0;0;3;5;8;2;0;2;3;4;10;
DeMarcus Cousins;C;19:30;4;9;0;0;1;2;0;5;5;3;2;1;2;0;9;
Marcus Thornton;G;24:55;4;9;2;5;1;1;0;4;4;1;1;0;1;0;11;
Aaron Brooks;G;20:33;2;6;1;4;1;1;0;0;0;2;0;1;3;4;6;
Charles Hayes;;25:14;1;3;0;0;0;0;2;5;7;3;0;0;2;4;2;
Isaiah Thomas;;27:27;4;13;2;7;2;2;2;0;2;1;0;0;2;3;12;
Jimmer Fredette;;23:05;4;10;2;3;6;7;0;0;0;2;3;0;0;1;16;
James Johnson;;23:15;5;12;0;1;0;3;1;2;3;0;0;3;0;2;10;
Thomas Robinson;;18:01;2;4;0;0;0;0;0;1;1;0;1;1;1;4;4;
Travis Outlaw;;1:59;0;0;0;0;0;0;0;0;0;0;0;0;1;0;0;
LAC
Caron Butler;F;21:40;2;7;1;4;0;0;0;2;2;1;0;0;0;0;5;
Blake Griffin;F;35:25;9;16;0;1;3;5;2;11;13;2;2;2;2;2;21;
DeAndre Jordan;C;21:03;2;7;0;0;1;2;2;6;8;0;2;2;3;2;5;
Willie Green;G;15:22;2;4;0;1;0;0;1;0;1;0;0;0;0;1;4;
Chris Paul;G;36:24;7;13;5;7;5;6;2;3;5;13;5;0;4;4;24;
Jamal Crawford;;22:03;2;12;0;1;1;2;1;2;3;3;1;0;1;1;5;
Matt Barnes;;29:42;5;12;1;5;2;2;4;1;5;1;0;3;1;1;13;
Lamar Odom;;26:57;3;6;0;3;2;3;1;8;9;3;0;3;0;4;8;
Eric Bledsoe;;18:49;2;6;0;1;2;2;1;2;3;1;3;3;7;1;6;
Ronny Turiaf;;12:35;3;4;0;0;0;2;2;2;4;0;0;0;1;1;6;
