03-04;CHA-POR;105-122;
25-31;30-37;24-23;26-31;
CHA
Michael Kidd-Gilchrist;F;27:51;8;11;0;0;1;2;5;5;10;0;0;0;0;2;17;
Byron Mullens;F;3:16;0;0;0;0;0;0;0;0;0;0;0;0;0;0;0;
Bismack Biyombo;C;26:27;4;10;0;0;0;0;5;4;9;0;1;0;0;1;8;
Gerald Henderson;G;28:26;6;16;0;2;2;2;2;1;3;0;0;0;1;2;14;
Kemba Walker;G;36:23;5;20;0;4;5;5;1;3;4;11;3;0;2;2;15;
Jeff Adrien;;22:09;2;5;0;0;0;0;3;2;5;1;0;0;1;2;4;
DeSagana Diop;;15:26;1;1;0;0;0;0;0;2;2;0;0;1;0;1;2;
Ramon Sessions;;27:19;8;11;0;1;2;3;0;0;0;3;1;0;1;1;18;
Jeff Taylor;;14:12;1;2;0;0;2;3;1;0;1;0;0;0;0;0;4;
Josh McRoberts;;22:35;4;9;0;1;1;1;3;5;8;3;0;1;1;4;9;
Ben Gordon;;15:56;6;12;1;2;1;2;1;1;2;3;0;0;2;1;14;
POR
Nicolas Batum;F;36:41;8;11;4;6;0;0;2;2;4;5;0;1;1;0;20;
LaMarcus Aldridge;F;35:01;8;16;0;0;7;9;5;9;14;5;0;3;3;5;23;
JJ Hickson;C;27:22;7;9;0;0;1;2;3;5;8;1;1;2;0;0;15;
Wesley Matthews;G;35:57;5;10;4;7;0;0;0;1;1;4;0;1;2;3;14;
Damian Lillard;G;38:06;8;15;3;8;1;2;0;3;3;7;2;0;2;1;20;
Eric Maynor;;23:32;5;8;0;1;0;0;0;2;2;3;0;0;1;2;10;
Meyers Leonard;;20:38;6;8;0;0;3;4;1;5;6;1;0;0;1;3;15;
Victor Claver;;17:54;2;5;1;2;0;0;0;2;2;3;0;1;1;2;5;
Joel Freeland;;3:44;0;0;0;0;0;0;0;1;1;0;0;1;0;0;0;
Will Barton;;1:05;0;0;0;0;0;0;0;0;0;0;0;0;0;0;0;
