03-18;DEN-CHI;119-118;
21-20;32-25;26-28;26-32;14-13;
DEN
Danilo Gallinari;F;38:47;2;7;1;3;6;9;2;5;7;3;0;0;0;3;11;
Kenneth Faried;F;15:21;4;8;0;0;0;0;2;0;2;0;0;1;1;2;8;
Kosta Koufos;C;21:08;2;7;0;0;0;0;6;3;9;0;1;0;0;2;4;
Andre Iguodala;G;38:06;3;14;2;6;4;4;1;9;10;1;2;3;2;2;12;
Ty Lawson;G;35:56;5;14;1;3;2;3;0;3;3;3;1;0;2;2;13;
Wilson Chandler;;39:01;13;21;1;2;8;9;2;7;9;4;2;0;2;2;35;
Corey Brewer;;25:21;7;13;2;6;0;2;2;2;4;2;3;0;3;2;16;
JaVale McGee;;22:02;6;8;0;0;0;0;2;1;3;0;1;1;0;1;12;
Andre Miller;;29:18;4;8;0;0;0;0;3;3;6;13;0;0;3;3;8;
CHI
Luol Deng;F;50:04;9;23;1;5;2;2;1;1;2;5;0;0;1;1;21;
Carlos Boozer;F;41:38;6;11;0;0;2;2;0;9;9;3;0;1;1;4;14;
Joakim Noah;C;35:27;7;10;0;0;0;0;3;9;12;6;0;7;5;3;14;
Marco Belinelli;G;51:13;7;20;0;4;4;4;2;6;8;2;4;0;0;5;18;
Nate Robinson;G;46:14;13;22;6;8;2;3;0;1;1;7;2;0;7;5;34;
Jimmy Butler;;32:25;4;7;1;2;6;8;4;3;7;4;1;3;0;2;15;
Marquis Teague;;3:38;0;2;0;2;0;0;1;0;1;0;0;0;0;0;0;
Nazr Mohammed;;4:23;1;1;0;0;0;0;1;1;2;2;0;0;0;1;2;
