03-12;BOS-CHA;74-100;
20-19;26-30;15-27;13-24;
BOS
Jeff Green;F;30:19;4;11;0;0;6;8;2;1;3;1;1;0;1;3;14;
Brandon Bass;F;24:18;4;6;0;0;2;2;1;6;7;2;2;1;0;2;10;
Kevin Garnett;C;20:39;2;10;0;1;1;2;1;1;2;1;0;0;1;1;5;
Courtney Lee;G;28:45;3;6;0;3;0;0;0;1;1;4;0;1;1;5;6;
Avery Bradley;G;27:52;4;11;2;2;0;0;0;4;4;0;0;1;1;1;10;
Chris Wilcox;;9:40;0;0;0;0;0;0;0;1;1;0;0;0;0;2;0;
Jason Terry;;23:48;2;5;0;3;1;2;0;1;1;4;1;1;2;0;5;
DJ White;;15:56;1;4;0;0;1;2;1;3;4;0;0;0;1;0;3;
Shavlik Randolph;;17:42;2;4;0;0;0;2;1;3;4;0;0;0;1;5;4;
Jordan Crawford;;27:22;4;6;1;3;5;5;0;1;1;2;0;0;2;2;14;
Terrence Williams;;13:39;1;3;1;1;0;2;0;1;1;1;0;0;3;0;3;
CHA
Michael Kidd-Gilchrist;F;31:58;4;8;0;0;1;4;2;6;8;2;0;2;1;2;9;
Josh McRoberts;F;31:08;5;6;1;1;2;2;3;7;10;2;1;0;1;3;13;
Bismack Biyombo;C;21:11;1;2;0;0;0;0;1;4;5;0;0;0;0;2;2;
Gerald Henderson;G;37:24;11;19;1;2;12;12;2;0;2;3;0;1;5;3;35;
Kemba Walker;G;34:27;4;11;0;2;2;4;1;2;3;4;4;0;1;0;10;
Byron Mullens;;11:05;1;3;0;0;0;0;1;2;3;3;0;0;0;0;2;
Brendan Haywood;;20:06;0;3;0;0;1;2;3;2;5;0;0;0;0;2;1;
Reggie Williams;;13:33;0;4;0;2;0;0;0;3;3;3;0;0;0;0;0;
Ben Gordon;;21:59;5;13;3;9;4;4;1;1;2;2;2;0;0;3;17;
Jeff Adrien;;12:30;3;6;0;0;2;2;2;5;7;1;1;0;2;3;8;
Jeff Taylor;;4:39;1;2;1;1;0;0;0;0;0;0;0;0;0;0;3;
