11-14;ATL-GSW;88-92;
21-22;25-32;14-17;28-21;
ATL
DeShawn Stevenson;F;30:59;3;9;1;6;0;0;0;2;2;3;0;1;1;1;7;
Josh Smith;F;40:35;6;16;0;0;4;4;1;9;10;4;3;2;3;2;16;
Zaza Pachulia;C;23:50;2;4;0;0;0;0;1;1;2;1;4;1;1;2;4;
Kyle Korver;G;37:52;5;6;2;3;2;2;0;3;3;3;1;0;0;2;14;
Jeff Teague;G;27:11;4;12;1;2;0;0;0;4;4;4;0;0;2;1;9;
Ivan Johnson;;21:32;7;8;0;0;1;4;3;1;4;0;2;0;2;5;15;
Lou Williams;;25:23;5;14;3;8;5;7;0;3;3;6;1;0;2;1;18;
Anthony Morrow;;12:19;1;5;0;2;1;1;0;0;0;0;0;0;0;0;3;
Anthony Tolliver;;11:45;0;3;0;2;0;0;0;1;1;0;0;0;0;2;0;
Johan Petro;;5:02;0;0;0;0;0;0;0;0;0;0;0;0;1;1;0;
Mike Scott;;3:33;1;1;0;0;0;0;0;0;0;0;0;0;0;1;2;
GSW
Harrison Barnes;F;39:40;6;11;1;2;6;8;3;10;13;1;1;0;3;2;19;
David Lee;F;37:07;8;17;0;1;2;3;4;6;10;5;0;0;5;3;18;
Festus Ezeli;C;17:36;1;2;0;0;0;0;1;1;2;1;0;0;1;0;2;
Klay Thompson;G;35:23;2;11;1;5;2;2;0;1;1;4;0;0;3;2;7;
Stephen Curry;G;32:31;4;12;0;5;4;4;0;1;1;7;3;0;4;3;12;
Andris Biedrins;;15:47;0;0;0;0;0;0;0;4;4;0;1;0;2;3;0;
Carl Landry;;22:41;3;6;0;0;4;4;1;4;5;1;1;0;3;5;10;
Jarrett Jack;;16:51;3;3;1;1;2;3;0;4;4;1;1;0;1;2;9;
Draymond Green;;9:37;2;3;1;2;0;0;1;0;1;0;0;1;0;0;5;
Charles Jenkins;;0:25;0;0;0;0;0;0;0;1;1;0;0;0;0;0;0;
Richard Jefferson;;12:21;4;6;1;2;1;1;0;2;2;3;0;0;1;2;10;
