01-18;GSW-SAS;88-95;
26-19;21-27;26-32;15-17;
GSW
Harrison Barnes;F;37:45;1;5;0;2;2;2;0;8;8;2;1;0;1;0;4;
David Lee;F;38:11;9;18;0;0;4;6;2;4;6;7;0;0;2;4;22;
Festus Ezeli;C;17:39;0;2;0;0;0;0;1;4;5;0;0;1;2;3;0;
Klay Thompson;G;39:10;7;20;4;11;3;3;0;3;3;3;2;0;2;1;21;
Jarrett Jack;G;43:04;9;17;0;3;2;2;0;2;2;10;0;0;1;3;20;
Andris Biedrins;;6:04;0;0;0;0;0;0;2;0;2;0;0;1;0;1;0;
Draymond Green;;16:41;3;5;0;0;0;0;0;7;7;0;0;0;0;4;6;
Carl Landry;;29:13;7;13;0;0;1;1;1;3;4;1;1;0;1;5;15;
Kent Bazemore;;6:24;0;0;0;0;0;0;0;4;4;0;0;0;0;0;0;
Charles Jenkins;;5:49;0;4;0;0;0;0;1;0;1;0;0;0;0;0;0;
SAS
Kawhi Leonard;F;27:43;0;4;0;2;0;0;0;5;5;1;0;0;1;1;0;
Tim Duncan;F;31:41;9;16;0;0;6;6;1;9;10;2;0;3;4;3;24;
Tiago Splitter;C;35:39;8;10;0;0;3;4;2;7;9;2;0;0;0;1;19;
Danny Green;G;29:02;4;9;3;7;2;3;1;3;4;0;0;0;0;2;13;
Tony Parker;G;36:50;10;18;0;0;5;5;0;2;2;8;1;0;4;0;25;
Boris Diaw;;22:09;0;1;0;1;0;0;2;7;9;5;0;0;0;3;0;
Stephen Jackson;;20:17;2;7;0;4;2;2;0;4;4;0;0;1;0;1;6;
Gary Neal;;20:15;3;12;2;6;0;0;0;0;0;0;0;0;0;0;8;
Patty Mills;;5:59;0;2;0;1;0;0;0;0;0;1;0;0;1;0;0;
Matt Bonner;;6:04;0;1;0;1;0;0;0;1;1;0;0;0;0;1;0;
Nando De Colo;;4:21;0;0;0;0;0;0;1;1;2;0;1;0;0;0;0;
