03-06;ORL-MIA;96-97;
18-25;22-30;34-22;22-20;
ORL
Maurice Harkless;F;38:52;5;9;2;4;0;0;1;2;3;0;3;2;2;6;12;
Andrew Nicholson;F;16:51;4;5;0;0;0;0;1;1;2;0;0;0;0;1;8;
Nikola Vucevic;C;42:08;11;16;0;0;3;3;9;12;21;4;1;0;2;6;25;
Arron Afflalo;G;35:09;5;16;0;5;3;3;0;4;4;5;2;0;2;3;13;
Jameer Nelson;G;43:07;6;18;3;11;1;1;1;1;2;14;3;0;6;2;16;
DeQuan Jones;;6:22;0;2;0;0;0;0;1;2;3;0;0;0;1;1;0;
Al Harrington;;6:19;2;5;0;3;0;0;0;2;2;1;0;0;1;2;4;
Tobias Harris;;29:09;6;15;1;3;3;5;2;5;7;1;1;1;3;6;16;
Beno Udrih;;4:51;1;2;0;1;0;0;0;0;0;1;0;0;0;1;2;
E'Twaun Moore;;17:12;0;1;0;1;0;0;0;1;1;0;0;0;0;2;0;
MIA
LeBron James;F;38:13;7;14;1;6;11;12;0;3;3;2;0;1;2;0;26;
Udonis Haslem;F;16:51;2;2;0;0;0;0;1;3;4;0;0;0;0;1;4;
Chris Bosh;C;33:22;5;15;0;1;7;8;2;8;10;3;2;2;4;1;17;
Dwyane Wade;G;38:39;10;16;0;1;4;4;3;3;6;3;4;1;2;2;24;
Mario Chalmers;G;23:05;2;8;1;6;0;0;0;1;1;5;1;0;0;4;5;
Shane Battier;;28:04;1;3;1;3;0;0;1;5;6;3;1;0;0;2;3;
Chris Andersen;;14:38;2;3;0;0;1;1;0;1;1;1;1;1;1;4;5;
Ray Allen;;22:59;1;8;1;7;2;2;0;2;2;1;2;1;1;0;5;
Norris Cole;;20:27;2;3;2;2;2;4;0;0;0;2;0;0;3;3;8;
Mike Miller;;3:42;0;2;0;2;0;0;0;0;0;0;0;1;1;0;0;
