01-14;OKC-PHX;102-90;
21-24;30-21;21-23;30-22;
OKC
Kevin Durant;F;42:55;15;30;2;5;9;9;0;5;5;2;0;2;0;2;41;
Nick Collison;F;15:32;1;3;0;0;0;0;0;0;0;1;1;1;1;1;2;
Kendrick Perkins;C;29:18;0;4;0;1;0;0;1;12;13;1;1;0;2;3;0;
Thabo Sefolosha;G;27:42;2;2;0;0;0;0;2;1;3;2;1;1;1;0;4;
Russell Westbrook;G;36:15;14;24;1;3;7;9;2;6;8;5;2;0;1;2;36;
Kevin Martin;;32:46;5;12;2;6;0;0;1;1;2;1;3;0;1;3;12;
Hasheem Thabeet;;21:40;2;5;0;0;1;2;1;5;6;1;1;2;4;5;5;
DeAndre Liggins;;14:14;0;1;0;1;0;2;1;0;1;0;0;0;0;2;0;
Perry Jones;;6:48;1;2;0;0;0;0;1;2;3;0;0;0;0;0;2;
Reggie Jackson;;11:45;0;1;0;1;0;0;0;1;1;3;0;0;0;0;0;
Jeremy Lamb;;1:05;0;0;0;0;0;0;0;0;0;0;0;0;0;0;0;
PHX
PJ Tucker;F;27:06;1;4;0;0;0;0;1;3;4;1;0;1;2;1;2;
Luis Scola;F;27:05;3;11;0;0;1;2;0;5;5;5;1;0;2;3;7;
Marcin Gortat;C;46:27;7;16;0;0;5;7;4;11;15;1;0;1;1;2;19;
Shannon Brown;G;43:20;9;15;2;6;1;1;1;2;3;3;1;2;3;2;21;
Goran Dragic;G;33:38;4;10;2;6;1;2;0;2;2;1;0;0;1;3;11;
Michael Beasley;;25:34;5;14;1;4;3;6;5;6;11;1;0;2;4;2;14;
Markieff Morris;;16:32;1;5;0;3;0;0;3;3;6;3;1;1;0;2;2;
Sebastian Telfair;;20:18;5;9;4;6;0;0;0;2;2;3;0;0;1;5;14;
