02-11;LAC-PHI;107-90;
30-22;26-11;32-26;19-31;
LAC
Matt Barnes;F;27:57;4;7;2;5;1;1;0;2;2;3;1;1;1;3;11;
Blake Griffin;F;27:49;9;14;0;0;2;4;3;6;9;5;1;0;4;3;20;
DeAndre Jordan;C;24:17;3;6;0;0;2;4;3;7;10;0;1;0;1;0;8;
Willie Green;G;19:27;3;8;0;2;0;0;1;2;3;0;0;1;0;2;6;
Chris Paul;G;24:34;9;11;1;3;2;2;0;2;2;11;5;0;1;1;21;
Jamal Crawford;;25:41;8;10;3;4;1;3;0;2;2;0;0;1;0;1;20;
Eric Bledsoe;;23:26;3;7;2;2;2;4;0;0;0;5;0;1;3;1;10;
Lamar Odom;;18:58;2;3;0;1;0;0;3;5;8;4;0;1;1;2;4;
Ryan Hollins;;20:11;2;4;0;0;0;2;1;2;3;1;0;2;2;0;4;
Grant Hill;;22:55;0;4;0;2;0;0;0;2;2;0;0;0;0;2;0;
Ronny Turiaf;;4:45;1;1;0;0;1;2;0;2;2;0;0;0;0;1;3;
PHI
Evan Turner;F;32:26;4;14;0;1;2;2;3;2;5;3;0;0;1;2;10;
Lavoy Allen;F;28:52;2;4;0;0;0;0;1;1;2;0;1;0;0;3;4;
Spencer Hawes;C;28:47;2;7;0;0;1;2;4;6;10;3;0;0;4;3;5;
Nick Young;G;34:07;10;18;4;7;5;6;0;2;2;5;3;0;2;2;29;
Jrue Holiday;G;29:13;4;14;2;4;0;0;2;1;3;9;1;0;3;1;10;
Jeremy Pargo;;23:40;4;12;1;3;1;4;0;1;1;0;0;0;1;3;10;
Arnett Moultrie;;26:14;4;5;0;0;0;0;4;2;6;0;2;0;0;1;8;
Dorell Wright;;14:49;2;3;1;1;0;0;1;1;2;3;0;0;1;0;5;
Royal Ivey;;12:00;3;5;1;2;0;0;0;2;2;1;0;0;1;1;7;
Damien Wilkins;;9:52;0;2;0;0;2;2;1;3;4;3;1;0;0;2;2;
