12-29;OKC-HOU;124-94;
31-26;37-24;28-24;28-20;
OKC
Kevin Durant;F;31:57;8;18;4;9;6;7;0;2;2;2;3;2;2;2;26;
Serge Ibaka;F;29:38;2;7;0;1;5;5;4;6;10;1;1;1;3;2;9;
Kendrick Perkins;C;20:41;1;2;0;0;0;0;1;6;7;3;0;3;1;1;2;
Thabo Sefolosha;G;30:16;6;10;1;4;2;2;0;4;4;1;3;2;0;2;15;
Russell Westbrook;G;30:23;11;22;2;5;4;5;2;6;8;8;3;0;5;0;28;
Nick Collison;;27:19;6;10;0;0;0;0;4;6;10;3;3;0;2;3;12;
Kevin Martin;;23:45;6;14;5;8;2;2;0;3;3;2;1;0;1;3;19;
Reggie Jackson;;18:17;3;6;0;1;2;2;0;3;3;1;1;0;4;0;8;
Hasheem Thabeet;;17:42;1;3;0;0;0;0;1;5;6;0;1;1;1;3;2;
Jeremy Lamb;;5:01;1;2;1;1;0;0;0;0;0;0;0;0;0;0;3;
Eric Maynor;;5:01;0;0;0;0;0;0;0;0;0;1;0;0;2;2;0;
HOU
Chandler Parsons;F;34:27;5;13;0;5;0;0;1;3;4;4;3;1;3;0;10;
Marcus Morris;F;32:05;9;14;4;6;2;2;2;4;6;0;1;0;1;3;24;
Omer Asik;C;20:53;2;4;0;0;0;2;1;7;8;0;0;0;1;3;4;
James Harden;G;31:17;6;17;2;7;11;14;0;3;3;1;2;0;4;3;25;
Jeremy Lin;G;24:23;3;8;0;3;1;1;0;2;2;7;1;0;4;2;7;
Toney Douglas;;32:58;6;13;2;4;3;4;0;2;2;3;5;0;1;3;17;
Greg Smith;;18:46;1;1;0;0;1;2;1;7;8;1;0;0;0;1;3;
Patrick Patterson;;10:22;0;5;0;2;2;2;1;1;2;0;0;0;1;0;2;
Cole Aldrich;;8:21;0;0;0;0;0;0;0;0;0;0;0;0;4;3;0;
Daequan Cook;;12:16;0;3;0;1;0;0;0;1;1;0;0;0;2;0;0;
Donatas Motiejunas;;7:06;0;3;0;2;0;0;0;0;0;1;0;1;1;1;0;
Scott Machado;;7:06;1;2;0;0;0;0;0;0;0;1;1;0;2;0;2;
