03-09;NOH-MEM;85-96;
19-25;22-22;19-31;25-18;
NOH
Al-Farouq Aminu;F;27:37;2;4;0;1;3;3;2;5;7;0;0;0;2;3;7;
Anthony Davis;F;37:56;9;20;0;0;2;2;4;14;18;2;0;0;2;2;20;
Robin Lopez;C;21:59;1;5;0;0;1;2;1;0;1;0;0;0;0;1;3;
Eric Gordon;G;27:38;4;7;1;1;2;2;0;0;0;3;0;0;0;1;11;
Greivis Vasquez;G;35:04;4;11;0;1;4;4;0;2;2;8;2;0;4;5;12;
Ryan Anderson;;30:46;7;18;1;5;2;2;2;5;7;0;0;1;1;1;17;
Roger Mason Jr.;;13:39;1;4;0;3;0;0;0;1;1;0;0;0;0;2;2;
Darius Miller;;17:20;0;0;0;0;0;0;0;1;1;1;0;0;0;2;0;
Brian Roberts;;17:03;4;7;0;1;1;2;0;2;2;3;1;0;1;1;9;
Henry Sims;;3:58;2;3;0;0;0;0;2;0;2;0;0;0;1;1;4;
Terrel Harris;;5:39;0;0;0;0;0;0;0;1;1;0;1;0;1;0;0;
Lance Thomas;;1:21;0;0;0;0;0;0;0;0;0;0;0;0;0;0;0;
MEM
Tayshaun Prince;F;36:49;5;11;0;0;3;4;2;5;7;0;0;0;0;1;13;
Ed Davis;F;29:53;6;11;0;0;0;2;4;5;9;0;1;5;1;4;12;
Marc Gasol;C;33:15;5;11;0;0;0;0;2;5;7;6;0;4;1;3;10;
Tony Allen;G;30:35;5;9;0;0;4;4;3;3;6;4;2;0;1;3;14;
Mike Conley;G;34:54;8;15;1;4;5;5;0;4;4;8;3;0;4;3;22;
Tony Wroten;;7:06;1;5;0;1;0;0;1;0;1;0;0;0;0;0;2;
Quincy Pondexter;;32:24;4;8;2;6;3;4;0;3;3;2;0;0;2;1;13;
Jerryd Bayless;;24:32;4;9;1;2;1;1;0;3;3;1;0;2;1;1;10;
Austin Daye;;4:38;0;1;0;0;0;0;0;1;1;0;0;0;0;0;0;
Jon Leuer;;4:33;0;1;0;0;0;0;1;0;1;0;1;0;0;0;0;
Dexter Pittman;;1:21;0;0;0;0;0;0;1;0;1;0;0;0;0;0;0;
