03-01;DAL-BKN;98-90;
22-21;26-28;29-14;21-27;
DAL
Shawn Marion;F;30:14;3;7;0;0;0;0;3;3;6;2;2;1;2;1;6;
Dirk Nowitzki;F;33:37;8;14;1;3;3;3;0;8;8;2;1;1;1;0;20;
Chris Kaman;C;22:48;4;8;0;0;0;0;1;3;4;1;3;1;1;1;8;
O.J. Mayo;G;36:56;6;12;3;4;2;3;0;3;3;3;1;0;2;3;17;
Darren Collison;G;24:47;4;7;1;4;0;0;0;3;3;0;1;0;4;3;9;
Vince Carter;;28:58;7;12;1;5;5;6;1;3;4;2;1;1;2;2;20;
Elton Brand;;25:12;4;9;0;0;0;0;0;2;2;3;2;2;0;4;8;
Jae Crowder;;14:16;1;2;1;1;0;0;0;0;0;2;1;0;1;0;3;
Mike James;;23:13;2;7;2;4;1;2;0;1;1;3;1;0;0;4;7;
BKN
Gerald Wallace;F;21:21;3;6;1;3;0;0;0;3;3;0;0;0;0;1;7;
Reggie Evans;F;19:14;0;2;0;0;0;0;3;8;11;2;0;0;2;1;0;
Brook Lopez;C;33:43;8;14;0;0;3;3;3;6;9;1;1;1;1;2;19;
Joe Johnson;G;29:36;5;12;1;4;0;0;0;2;2;6;0;0;4;1;11;
Deron Williams;G;37:42;8;18;2;6;6;7;0;4;4;2;4;0;7;0;24;
Kris Humphries;;13:54;1;1;0;0;0;2;0;6;6;1;0;0;0;2;2;
CJ Watson;;26:04;4;9;2;4;1;1;2;3;5;1;0;0;3;0;11;
Keith Bogans;;26:39;1;4;1;4;0;0;0;2;2;1;2;0;1;3;3;
Andray Blatche;;14:17;4;7;0;0;0;0;0;1;1;3;1;0;1;1;8;
MarShon Brooks;;2:48;0;1;0;0;0;0;0;0;0;0;0;0;0;1;0;
Mirza Teletovic;;14:42;2;4;0;2;1;1;1;0;1;1;0;0;0;4;5;
