01-18;WAS-DEN;112-108;
19-19;26-31;35-37;32-21;
WAS
Martell Webster;F;19:53;3;7;1;4;3;3;1;4;5;4;0;0;0;4;10;
Nene;F;28:33;3;8;0;0;1;5;1;3;4;1;3;1;3;2;7;
Emeka Okafor;C;21:10;5;7;0;0;0;0;1;6;7;0;3;2;3;2;10;
Bradley Beal;G;32:06;8;13;4;7;3;5;2;1;3;4;0;1;3;2;23;
A.J. Price;G;21:56;2;4;2;2;0;0;0;1;1;3;1;0;1;1;6;
Kevin Seraphin;;26:04;7;11;0;0;4;4;0;7;7;0;2;1;1;1;18;
John Wall;;26:04;4;9;0;1;6;6;1;3;4;12;0;2;6;4;14;
Jordan Crawford;;17:16;3;6;1;2;1;2;1;0;1;2;0;0;2;0;8;
Jan Vesely;;2:44;0;2;0;0;0;0;0;0;0;0;0;0;0;1;0;
Trevor Ariza;;27:13;5;10;3;7;1;1;0;5;5;0;0;1;0;0;14;
Trevor Booker;;17:01;1;3;0;0;0;2;5;3;8;0;0;1;1;3;2;
DEN
Danilo Gallinari;F;34:15;5;16;1;2;5;5;0;1;1;0;2;1;2;3;16;
Kenneth Faried;F;26:45;4;7;0;0;2;2;1;5;6;1;0;0;2;2;10;
Kosta Koufos;C;25:09;3;5;0;0;1;1;2;5;7;1;0;0;0;4;7;
Andre Iguodala;G;30:18;0;4;0;1;2;6;2;2;4;4;5;1;1;5;2;
Ty Lawson;G;35:37;11;16;4;5;3;4;0;1;1;6;2;0;5;2;29;
Corey Brewer;;28:06;7;14;2;6;1;4;0;2;2;3;3;0;0;0;17;
Wilson Chandler;;20:04;1;5;0;1;2;2;0;5;5;1;1;1;2;2;4;
JaVale McGee;;14:14;2;7;0;0;2;4;2;1;3;0;0;1;1;4;6;
Andre Miller;;25:32;8;10;0;1;1;3;2;3;5;1;0;0;1;1;17;
