02-08;PHX-OKC;96-127;
27-33;23-22;20-36;26-36;
PHX
PJ Tucker;F;16:02;0;3;0;0;0;0;1;3;4;2;0;0;0;1;0;
Luis Scola;F;17:01;3;9;0;0;0;0;0;1;1;0;1;1;1;1;6;
Marcin Gortat;C;26:06;1;2;0;0;0;0;1;4;5;0;0;0;2;2;2;
Jared Dudley;G;14:06;1;3;1;1;0;0;0;2;2;1;0;0;2;1;3;
Goran Dragic;G;35:35;8;15;2;5;1;1;1;1;2;6;0;0;4;3;19;
Shannon Brown;;20:08;2;7;0;0;1;4;1;4;5;1;0;0;1;1;5;
Markieff Morris;;24:21;3;9;0;2;1;1;2;3;5;2;1;1;1;2;7;
Michael Beasley;;29:07;10;16;3;4;2;2;2;5;7;2;1;0;3;2;25;
Jermaine O'Neal;;23:10;5;6;0;0;2;2;2;4;6;1;0;2;2;3;12;
Kendall Marshall;;18:53;2;5;1;3;0;0;0;1;1;2;0;0;0;2;5;
Sebastian Telfair;;5:22;2;3;0;1;4;5;1;0;1;1;1;0;0;0;8;
Wesley Johnson;;5:22;1;2;0;1;0;0;0;0;0;0;0;0;0;0;2;
Luke Zeller;;4:47;1;3;0;1;0;0;0;0;0;0;0;0;0;0;2;
OKC
Kevin Durant;F;30:46;5;11;4;5;7;7;0;6;6;4;2;1;0;0;21;
Serge Ibaka;F;27:46;3;8;1;1;2;2;2;3;5;4;0;3;1;2;9;
Kendrick Perkins;C;26:57;8;9;0;0;1;2;4;5;9;3;2;3;0;2;17;
Thabo Sefolosha;G;25:32;7;11;4;6;0;0;0;2;2;1;1;2;2;4;18;
Russell Westbrook;G;25:21;8;14;1;2;0;2;2;3;5;6;2;1;3;3;17;
Kevin Martin;;20:52;5;10;3;5;3;4;0;1;1;0;1;1;0;1;16;
Reggie Jackson;;17:17;1;2;0;0;0;0;0;1;1;3;0;0;0;1;2;
Nick Collison;;17:07;2;4;0;0;0;0;0;2;2;5;1;0;0;1;4;
DeAndre Liggins;;12:02;1;3;1;2;0;0;0;0;0;0;0;0;0;2;3;
Hasheem Thabeet;;17:22;2;3;0;0;0;0;0;5;5;1;0;0;1;2;4;
Perry Jones;;6:48;3;5;0;0;0;0;0;1;1;0;0;0;0;1;6;
Eric Maynor;;6:48;3;3;0;0;0;1;0;0;0;2;1;0;1;0;6;
Daniel Orton;;5:22;2;4;0;0;0;0;2;1;3;0;0;0;0;1;4;
