03-11;BKN-PHI;97-106;
28-24;18-29;29-29;22-24;
BKN
Gerald Wallace;F;25:37;2;8;0;3;0;0;1;0;1;1;1;0;1;3;4;
Reggie Evans;F;30:59;4;9;0;0;1;2;4;7;11;0;0;1;3;4;9;
Brook Lopez;C;32:39;8;13;0;0;3;3;3;3;6;0;0;1;1;3;19;
Joe Johnson;G;36:39;8;11;3;5;1;2;0;2;2;6;1;0;0;2;20;
Deron Williams;G;40:25;10;19;2;6;5;7;0;6;6;13;0;0;1;1;27;
Keith Bogans;;26:04;1;3;1;3;0;0;0;1;1;0;0;0;2;1;3;
Mirza Teletovic;;17:01;2;7;0;2;0;0;1;5;6;2;0;0;0;3;4;
Andray Blatche;;15:21;4;7;0;0;1;2;1;2;3;1;0;1;3;1;9;
CJ Watson;;12:52;1;3;0;0;0;0;1;3;4;5;1;0;0;1;2;
MarShon Brooks;;2:23;0;1;0;0;0;0;0;0;0;0;0;0;0;0;0;
PHI
Evan Turner;F;38:36;6;18;1;5;3;4;1;6;7;4;0;0;1;3;16;
Thaddeus Young;F;36:26;6;9;0;0;4;8;2;8;10;3;1;0;0;1;16;
Spencer Hawes;C;34:18;10;15;0;0;4;6;4;6;10;7;0;2;1;3;24;
Damien Wilkins;G;25:33;5;8;2;3;1;1;0;0;0;2;0;2;1;0;13;
Jrue Holiday;G;37:44;4;8;1;1;6;8;0;0;0;11;1;0;1;3;15;
Arnett Moultrie;;9:41;1;3;0;0;0;0;2;0;2;0;0;0;0;2;2;
Charles Jenkins;;15:18;0;2;0;0;0;0;0;2;2;2;1;0;0;0;0;
Lavoy Allen;;15:08;1;2;0;0;0;0;0;2;2;0;0;0;0;3;2;
Dorell Wright;;20:02;6;10;3;5;0;0;0;1;1;2;1;0;2;0;15;
Royal Ivey;;7:14;1;1;1;1;0;0;0;1;1;0;1;0;0;0;3;
