11-24;LAC-ATL;93-104;
24-21;17-30;19-34;33-19;
LAC
Caron Butler;F;25:05;1;6;1;3;0;0;1;1;2;0;2;0;1;2;3;
Blake Griffin;F;33:38;9;17;0;0;4;6;2;9;11;7;0;0;2;5;22;
DeAndre Jordan;C;26:40;4;8;0;0;0;2;2;3;5;0;0;1;1;1;8;
Willie Green;G;16:42;3;5;1;1;0;0;0;1;1;0;0;1;1;2;7;
Chris Paul;G;38:50;5;12;1;3;8;8;0;5;5;7;7;0;4;3;19;
Eric Bledsoe;;20:57;4;10;2;3;2;2;2;2;4;1;1;1;1;0;12;
Matt Barnes;;17:32;2;5;2;5;0;0;0;2;2;0;0;0;0;3;6;
Jamal Crawford;;32:22;3;8;1;2;5;5;0;3;3;0;0;0;2;0;12;
Lamar Odom;;16:11;0;2;0;2;0;0;0;2;2;2;1;0;0;3;0;
Ryan Hollins;;5:03;1;1;0;0;0;0;0;1;1;1;1;0;1;2;2;
Ronny Turiaf;;7:00;0;1;0;0;2;2;0;1;1;1;1;0;1;1;2;
ATL
Josh Smith;F;24:04;7;9;1;1;2;3;0;2;2;3;0;2;1;3;17;
Al Horford;F;34:16;5;11;0;0;0;1;3;5;8;3;0;0;3;3;10;
Zaza Pachulia;C;36:41;7;9;0;0;5;7;3;9;12;3;1;0;3;2;19;
Kyle Korver;G;26:24;2;7;2;7;2;2;0;2;2;1;1;0;1;0;8;
Jeff Teague;G;44:54;7;14;1;4;4;5;1;3;4;11;1;0;5;3;19;
Anthony Morrow;;24:40;3;8;1;1;2;2;0;2;2;0;1;0;1;2;9;
Ivan Johnson;;16:41;2;5;0;0;0;0;1;6;7;0;1;0;0;2;4;
Lou Williams;;24:35;5;9;2;4;6;6;0;1;1;5;0;0;3;3;18;
Mike Scott;;2:35;0;1;0;0;0;0;0;1;1;0;0;0;1;0;0;
Johan Petro;;2:35;0;2;0;0;0;0;0;0;0;0;0;0;0;0;0;
John Jenkins;;2:35;0;0;0;0;0;0;0;0;0;0;0;0;0;0;0;
