11-12;UTA-TOR;140-133;
26-28;26-29;30-30;22-17;11-11;10-10;15-8;
UTA
Marvin Williams;F;31:50;6;9;1;1;4;6;2;3;5;0;0;1;1;1;17;
Paul Millsap;F;33:40;7;11;1;1;6;6;1;6;7;2;0;1;1;2;21;
Al Jefferson;C;39:00;8;17;1;2;3;4;2;11;13;2;2;1;2;2;20;
Gordon Hayward;G;29:03;3;10;2;6;2;2;1;2;3;3;0;1;1;3;10;
Mo Williams;G;40:04;5;12;3;6;0;0;1;2;3;10;4;2;6;3;13;
Jamaal Tinsley;;12:54;0;1;0;0;0;0;0;0;0;4;0;0;2;0;0;
Derrick Favors;;34:57;5;11;0;0;3;6;2;2;4;0;2;3;2;4;13;
Randy Foye;;31:52;4;7;4;6;8;9;0;0;0;4;0;0;1;5;20;
Enes Kanter;;11:40;0;1;0;0;1;2;1;2;3;0;0;0;0;1;1;
TOR
Dominic McGuire;F;22:36;2;3;0;0;0;0;0;2;2;0;0;0;1;1;4;
Andrea Bargnani;F;38:44;5;14;1;2;7;7;2;5;7;0;1;2;2;2;18;
Jonas Valanciunas;C;16:00;3;3;0;0;4;4;1;0;1;1;1;0;1;4;10;
DeMar DeRozan;G;50:00;14;25;1;3;2;5;1;6;7;6;2;0;5;3;31;
Jose Calderon;G;39:59;5;13;1;3;2;2;0;1;1;16;2;0;4;1;13;
John Lucas III;;13:07;2;4;0;1;0;0;0;0;0;2;0;0;0;0;4;
Ed Davis;;17:16;2;4;0;0;0;0;6;3;9;0;2;1;1;2;4;
Amir Johnson;;33:58;5;7;0;0;1;3;6;6;12;2;2;1;1;5;11;
Linas Kleiza;;30:18;7;16;3;7;3;3;2;5;7;1;1;0;0;6;20;
Terrence Ross;;3:02;0;1;0;0;0;0;0;0;0;0;0;0;0;0;0;
