02-24;SAS-PHX;97-87;
19-21;35-19;24-21;19-26;
SAS
Kawhi Leonard;F;33:16;5;13;1;4;5;6;1;8;9;2;3;1;1;3;16;
Tim Duncan;F;27:55;5;12;0;0;0;0;2;6;8;3;0;0;3;3;10;
Tiago Splitter;C;27:56;5;7;0;0;4;5;1;4;5;1;0;0;3;2;14;
Danny Green;G;22:21;3;7;2;5;0;0;0;2;2;2;2;1;1;1;8;
Nando De Colo;G;27:04;1;4;0;0;2;2;0;2;2;1;1;1;1;2;4;
Boris Diaw;;21:07;5;5;0;0;2;2;0;4;4;3;0;1;0;4;12;
Manu Ginobili;;24:02;1;5;0;0;10;15;0;3;3;6;3;1;4;2;12;
Patty Mills;;22:33;5;11;1;4;5;5;0;2;2;1;0;0;1;3;16;
Matt Bonner;;16:46;1;4;0;2;0;0;0;0;0;1;0;0;0;4;2;
Stephen Jackson;;14:44;1;4;1;2;0;0;0;1;1;2;1;0;2;0;3;
Aron Baynes;;2:16;0;0;0;0;0;0;0;0;0;0;0;0;1;2;0;
PHX
PJ Tucker;F;33:35;3;11;0;1;0;0;1;3;4;0;2;0;2;5;6;
Luis Scola;F;21:57;3;7;0;0;9;10;1;5;6;2;0;0;3;5;15;
Marcin Gortat;C;40:05;10;15;0;0;1;1;2;10;12;3;1;3;4;2;21;
Jared Dudley;G;36:06;3;7;0;1;3;3;1;3;4;4;0;1;0;3;9;
Goran Dragic;G;37:43;3;14;2;4;2;4;0;1;1;11;3;1;5;4;10;
Markieff Morris;;16:59;3;9;0;0;3;4;3;4;7;1;2;0;1;6;9;
Jermaine O'Neal;;12:59;2;5;0;0;2;3;3;4;7;0;0;2;3;0;6;
Wesley Johnson;;3:06;0;1;0;0;0;0;0;0;0;0;0;0;1;0;0;
Kendall Marshall;;4:43;1;1;1;1;0;0;0;0;0;0;0;0;1;0;3;
Michael Beasley;;3:20;0;1;0;0;0;0;0;1;1;0;0;0;0;2;0;
Marcus Morris;;20:30;2;7;0;1;3;6;2;3;5;0;2;1;0;0;7;
Diante Garrett;;8:57;0;3;0;1;1;2;0;0;0;3;1;0;0;0;1;
