02-04;SAC-UTA;91-98;
22-20;21-24;23-18;18-22;7-14;
SAC
John Salmons;F;36:22;1;9;0;4;0;0;0;3;3;2;1;1;1;3;2;
Jason Thompson;F;44:58;9;18;0;0;5;8;5;5;10;0;2;1;1;4;23;
DeMarcus Cousins;C;19:07;5;8;0;0;0;0;0;6;6;2;2;1;3;2;10;
Tyreke Evans;G;39:40;7;15;0;3;6;10;2;0;2;3;0;0;2;3;20;
Isaiah Thomas;G;37:46;6;13;2;4;3;3;0;2;2;3;1;0;1;1;17;
Marcus Thornton;;25:30;3;12;1;6;2;2;1;2;3;1;2;0;0;1;9;
Thomas Robinson;;14:48;2;4;0;0;0;0;2;2;4;0;0;0;0;3;4;
Jimmer Fredette;;13:08;0;5;0;3;2;2;1;1;2;1;1;0;3;1;2;
James Johnson;;7:25;1;1;0;0;0;0;1;1;2;0;1;1;1;1;2;
Charles Hayes;;26:16;1;2;0;0;0;0;3;2;5;1;1;0;1;2;2;
UTA
Marvin Williams;F;41:32;2;5;2;3;2;2;0;6;6;2;0;0;1;1;8;
Paul Millsap;F;36:17;6;11;0;0;2;2;0;4;4;2;3;3;2;4;14;
Al Jefferson;C;38:01;7;17;0;1;1;2;1;11;12;5;1;2;4;1;15;
Randy Foye;G;36:08;6;12;3;5;5;6;0;0;0;6;0;0;3;4;20;
Jamaal Tinsley;G;21:46;0;1;0;1;0;0;0;1;1;5;0;0;2;2;0;
Alec Burks;;31:14;5;7;2;2;2;2;0;3;3;4;2;1;4;1;14;
Derrick Favors;;23:49;5;7;0;0;3;4;2;7;9;1;1;1;1;3;13;
Enes Kanter;;14:22;2;4;0;0;0;0;1;3;4;0;1;1;2;1;4;
DeMarre Carroll;;21:52;5;8;0;0;0;0;1;1;2;0;0;0;1;2;10;
