01-28;CHA-CHI;85-93;
18-21;22-28;15-14;30-30;
CHA
Michael Kidd-Gilchrist;F;28:39;2;9;0;0;2;2;0;5;5;0;0;0;0;2;6;
Jeff Adrien;F;35:05;5;7;0;0;4;6;5;5;10;1;0;2;1;4;14;
Bismack Biyombo;C;29:17;4;6;0;0;0;1;1;8;9;1;2;1;2;1;8;
Gerald Henderson;G;27:33;4;12;0;1;2;3;0;2;2;0;0;0;2;2;10;
Kemba Walker;G;39:54;6;17;2;6;4;4;1;3;4;6;0;0;0;0;18;
Tyrus Thomas;;6:36;0;3;0;0;0;0;1;1;2;0;0;0;0;1;0;
Ramon Sessions;;26:28;2;9;0;0;3;3;0;2;2;4;1;0;1;3;7;
Ben Gordon;;27:34;7;15;4;5;0;0;1;2;3;0;0;0;3;2;18;
Brendan Haywood;;17:30;2;3;0;0;0;2;2;2;4;0;0;2;1;3;4;
Jeff Taylor;;1:24;0;0;0;0;0;0;0;0;0;0;0;0;0;2;0;
CHI
Luol Deng;F;31:02;3;8;2;4;4;5;2;2;4;3;0;1;2;1;12;
Carlos Boozer;F;26:49;6;13;0;0;1;4;1;3;4;1;0;0;1;4;13;
Joakim Noah;C;44:52;6;12;0;0;1;1;6;12;18;7;1;5;3;1;13;
Richard Hamilton;G;14:57;1;5;0;0;0;0;0;1;1;0;0;0;1;2;2;
Kirk Hinrich;G;25:50;2;8;2;5;2;2;0;0;0;4;1;1;0;3;8;
Nate Robinson;;25:30;6;12;3;5;0;0;2;5;7;4;3;3;1;5;15;
Marco Belinelli;;15:27;2;5;0;3;0;0;0;1;1;1;0;0;0;0;4;
Taj Gibson;;24:19;2;5;0;0;3;6;1;6;7;0;0;3;2;2;7;
Jimmy Butler;;31:14;7;10;0;1;5;7;3;3;6;2;0;1;1;2;19;
