02-06;LAC-ORL;86-76;
17-17;23-25;24-13;22-21;
LAC
Caron Butler;F;22:46;3;10;1;5;0;0;0;1;1;1;1;0;0;1;7;
Lamar Odom;F;27:04;3;6;1;1;1;2;1;4;5;4;6;0;3;4;8;
DeAndre Jordan;C;33:56;6;11;0;0;1;3;5;9;14;0;0;0;3;3;13;
Willie Green;G;23:30;3;9;0;2;0;0;0;1;1;2;0;0;0;1;6;
Eric Bledsoe;G;41:14;9;21;2;4;7;10;0;6;6;3;6;3;4;1;27;
Matt Barnes;;31:16;2;11;2;6;2;4;1;4;5;2;0;0;2;0;8;
Grant Hill;;25:14;2;8;0;0;0;0;0;3;3;3;2;0;0;1;4;
Ronny Turiaf;;10:53;0;0;0;0;0;0;3;2;5;1;1;1;1;1;0;
Ryan Hollins;;24:07;5;6;0;0;3;3;3;5;8;1;0;2;1;4;13;
ORL
Maurice Harkless;F;38:12;2;11;0;2;2;2;1;8;9;0;1;2;1;3;6;
Andrew Nicholson;F;26:39;3;5;0;0;0;0;2;3;5;1;0;1;2;1;6;
Nikola Vucevic;C;34:49;7;21;0;0;1;2;5;9;14;1;2;1;2;2;15;
E'Twaun Moore;G;38:24;3;16;1;6;0;0;0;3;3;5;1;0;5;2;7;
Jameer Nelson;G;38:17;6;16;3;9;3;3;0;5;5;4;1;0;4;5;18;
Ish Smith;;15:09;3;8;2;2;1;2;0;3;3;1;0;0;2;0;9;
Kyle O'Quinn;;19:27;4;6;0;0;2;2;5;4;9;3;1;1;0;3;10;
Josh McRoberts;;13:58;0;1;0;1;1;2;0;0;0;1;0;0;1;2;1;
Gustavo Ayon;;15:05;2;3;0;0;0;1;1;1;2;0;0;0;1;2;4;
