02-24;CHI-OKC;72-102;
16-24;20-25;18-31;18-22;
CHI
Luol Deng;F;30:04;6;14;1;2;0;0;4;0;4;1;1;1;1;1;13;
Carlos Boozer;F;23:45;1;5;0;0;0;0;2;5;7;1;2;0;3;2;2;
Joakim Noah;C;32:34;2;9;0;0;4;8;4;5;9;2;1;1;1;1;8;
Richard Hamilton;G;17:35;2;7;0;0;1;1;1;3;4;0;0;0;2;1;5;
Nate Robinson;G;30:19;2;14;1;8;8;9;0;3;3;5;3;0;1;0;13;
Marco Belinelli;;23:19;4;8;1;3;0;0;0;1;1;1;0;0;1;3;9;
Taj Gibson;;18:16;2;11;0;0;4;4;3;2;5;0;0;1;1;1;8;
Marquis Teague;;17:41;1;6;0;2;1;2;0;0;0;2;1;1;3;1;3;
Jimmy Butler;;18:02;1;3;0;1;0;0;0;2;2;1;1;0;2;3;2;
Nazr Mohammed;;12:00;3;5;0;0;0;0;1;5;6;1;1;0;1;2;6;
Vladimir Radmanovic;;9:25;1;3;1;1;0;0;1;2;3;0;0;1;1;2;3;
Daequan Cook;;7:01;0;1;0;1;0;0;0;0;0;0;0;0;0;1;0;
OKC
Kevin Durant;F;31:42;6;19;1;4;6;6;2;14;16;6;0;2;4;0;19;
Serge Ibaka;F;30:19;7;12;1;2;2;2;5;5;10;0;1;3;1;2;17;
Kendrick Perkins;C;25:12;0;2;0;0;0;0;1;7;8;1;0;2;1;3;0;
Thabo Sefolosha;G;23:26;3;5;1;2;4;4;1;0;1;1;1;0;1;3;11;
Russell Westbrook;G;31:46;10;17;1;2;2;2;0;1;1;3;1;0;3;2;23;
Kevin Martin;;19:58;1;5;1;4;2;2;0;3;3;2;1;0;1;3;5;
Nick Collison;;14:14;2;3;0;0;0;0;1;1;2;2;2;0;3;1;4;
Reggie Jackson;;16:14;3;6;0;2;1;1;0;2;2;0;0;0;1;1;7;
Hasheem Thabeet;;11:15;0;0;0;0;1;2;1;1;2;0;0;1;2;2;1;
Jeremy Lamb;;12:00;2;3;1;1;4;4;1;1;2;0;1;0;0;1;9;
Perry Jones;;9:25;1;4;0;0;0;0;0;1;1;0;1;0;0;0;2;
Daniel Orton;;8:54;1;3;0;0;2;4;2;2;4;1;0;1;0;1;4;
DeAndre Liggins;;5:35;0;0;0;0;0;0;0;0;0;1;1;0;0;0;0;
