02-08;LAL-CHA;100-93;
20-30;21-23;28-25;31-15;
LAL
Metta World Peace;F;30:34;5;14;0;4;1;1;3;2;5;1;2;2;0;2;11;
Earl Clark;F;34:47;7;14;1;4;2;3;2;8;10;0;2;1;2;3;17;
Dwight Howard;C;37:43;4;7;0;0;4;6;0;11;11;1;1;3;2;4;12;
Kobe Bryant;G;37:33;6;15;0;2;8;8;0;7;7;8;0;1;3;0;20;
Steve Nash;G;33:02;6;12;2;6;3;3;0;2;2;7;1;0;4;3;17;
Antawn Jamison;;18:39;3;6;1;2;2;4;1;4;5;0;0;3;1;3;9;
Jodie Meeks;;30:01;5;7;4;4;0;0;0;4;4;2;0;0;0;2;14;
Steve Blake;;17:41;0;5;0;4;0;0;0;2;2;4;0;0;1;0;0;
CHA
Michael Kidd-Gilchrist;F;24:37;1;5;0;0;2;4;3;7;10;2;2;1;3;1;4;
Byron Mullens;F;39:14;8;18;1;4;3;3;2;10;12;1;1;1;3;4;20;
Bismack Biyombo;C;32:31;4;5;0;0;0;0;2;8;10;2;1;0;1;3;8;
Gerald Henderson;G;39:21;8;17;0;1;4;6;1;9;10;3;3;1;1;5;20;
Kemba Walker;G;37:31;7;15;1;3;3;4;0;1;1;8;2;1;1;2;18;
Ramon Sessions;;29:06;5;12;1;2;1;2;0;2;2;7;0;0;0;1;12;
Jeff Taylor;;11:39;1;2;0;1;0;0;0;0;0;0;1;0;1;2;2;
Ben Gordon;;23:37;4;13;1;3;0;0;0;0;0;7;0;0;0;1;9;
Brendan Haywood;;2:24;0;2;0;0;0;0;0;1;1;0;0;0;0;1;0;
