03-05;DEN-SAC;120-113;
24-22;26-28;36-29;34-34;
DEN
Danilo Gallinari;F;36:29;7;11;5;6;4;4;1;3;4;4;0;0;1;1;23;
Kenneth Faried;F;21:23;9;15;0;0;1;2;3;9;12;1;1;1;1;4;19;
Kosta Koufos;C;23:50;6;9;0;0;3;3;4;4;8;1;0;1;1;4;15;
Andre Iguodala;G;32:38;2;6;1;3;1;4;2;3;5;7;5;0;3;2;6;
Ty Lawson;G;34:57;8;16;2;6;6;12;0;3;3;7;1;0;3;5;24;
JaVale McGee;;21:02;4;7;0;0;0;1;1;1;2;0;0;4;2;5;8;
Wilson Chandler;;21:29;1;7;0;1;2;2;1;3;4;1;3;0;0;0;4;
Corey Brewer;;20:48;1;3;0;0;3;4;0;1;1;2;2;0;0;3;5;
Andre Miller;;27:24;8;11;0;0;0;0;1;0;1;7;0;0;1;2;16;
SAC
John Salmons;F;32:08;4;9;3;7;0;0;1;3;4;2;0;1;2;5;11;
Jason Thompson;F;28:43;9;11;0;0;0;0;2;4;6;2;1;0;2;5;18;
DeMarcus Cousins;C;27:29;1;12;0;1;6;10;3;10;13;3;0;5;3;3;8;
Tyreke Evans;G;32:10;2;5;1;4;2;2;0;1;1;2;0;0;2;3;7;
Isaiah Thomas;G;34:07;6;13;3;6;8;9;1;2;3;8;1;1;2;2;23;
Charles Hayes;;19:50;1;4;0;0;0;0;2;5;7;1;1;0;1;1;2;
Marcus Thornton;;34:38;12;21;5;11;3;3;2;2;4;2;0;0;1;1;32;
Jimmer Fredette;;12:29;1;5;0;1;2;2;0;0;0;2;2;0;0;2;4;
Patrick Patterson;;10:56;2;3;0;1;2;2;2;0;2;0;0;0;1;0;6;
James Johnson;;7:30;1;2;0;0;0;0;1;2;3;1;0;0;3;1;2;
