01-23;PHX-SAC;106-96;
30-27;19-30;25-20;32-19;
PHX
PJ Tucker;F;22:38;2;6;0;0;0;0;1;1;2;1;1;0;1;1;4;
Luis Scola;F;29:29;9;13;0;0;3;4;1;6;7;4;1;0;4;5;21;
Marcin Gortat;C;31:41;5;6;0;0;2;2;2;2;4;0;1;2;1;1;12;
Jared Dudley;G;22:01;3;9;0;3;2;3;2;3;5;3;1;0;2;3;8;
Goran Dragic;G;30:43;5;12;0;1;2;2;0;0;0;11;1;1;1;2;12;
Markieff Morris;;25:52;4;10;2;6;0;0;0;2;2;3;2;1;1;3;10;
Shannon Brown;;28:55;4;9;1;1;3;3;1;1;2;3;4;0;0;2;12;
Sebastian Telfair;;17:17;3;7;2;5;0;0;0;0;0;4;2;0;0;1;8;
Michael Beasley;;22:01;8;15;1;1;2;2;2;4;6;1;1;0;1;3;19;
Wesley Johnson;;7:26;0;3;0;2;0;0;1;1;2;0;0;0;0;1;0;
Luke Zeller;;1:58;0;0;0;0;0;0;0;0;0;0;0;0;0;0;0;
SAC
John Salmons;F;31:08;2;2;0;0;2;6;0;2;2;0;0;2;0;2;6;
Jason Thompson;F;10:01;2;6;0;0;0;0;2;1;3;1;0;0;1;3;4;
DeMarcus Cousins;C;37:05;7;18;1;1;0;0;5;10;15;5;2;1;6;5;15;
Tyreke Evans;G;33:21;6;14;1;1;3;4;3;3;6;4;2;1;3;0;16;
Isaiah Thomas;G;28:57;2;10;0;3;2;2;0;0;0;7;0;0;3;3;6;
Thomas Robinson;;25:51;6;9;0;0;0;2;5;9;14;2;1;0;3;0;12;
Marcus Thornton;;15:04;2;5;1;4;3;3;0;0;0;1;1;0;0;3;8;
Aaron Brooks;;14:46;2;3;1;1;3;4;0;0;0;1;0;1;4;3;8;
Charles Hayes;;10:55;0;0;0;0;0;0;0;2;2;0;0;0;0;0;0;
James Johnson;;21:38;6;9;0;0;2;3;3;3;6;1;1;4;4;2;14;
Travis Outlaw;;7:22;2;2;1;1;0;0;0;1;1;0;1;0;0;1;5;
Jimmer Fredette;;3:52;1;1;0;0;0;0;0;0;0;1;0;0;0;0;2;
