12-15;MEM-UTA;99-86;
19-21;25-33;28-10;27-22;
MEM
Rudy Gay;F;35:03;5;13;1;4;3;3;0;1;1;1;2;0;2;0;14;
Zach Randolph;F;37:32;10;16;0;0;5;5;5;11;16;1;3;1;4;4;25;
Marc Gasol;C;32:34;5;10;0;0;6;9;2;6;8;0;2;2;0;4;16;
Tony Allen;G;29:19;3;7;0;0;1;2;2;2;4;1;0;0;0;1;7;
Mike Conley;G;37:32;4;11;2;4;2;3;1;3;4;8;1;0;2;0;12;
Hamed Haddadi;;12:05;1;5;0;0;0;0;4;4;8;1;0;0;1;4;2;
Wayne Ellington;;15:04;3;6;0;0;0;0;0;1;1;1;1;0;0;0;6;
Quincy Pondexter;;16:34;1;2;1;2;2;2;0;0;0;2;0;0;0;3;5;
Jerryd Bayless;;10:28;2;7;0;1;0;0;2;0;2;1;0;0;1;0;4;
Marreese Speights;;13:49;4;8;0;0;0;0;2;2;4;0;0;1;2;0;8;
UTA
Marvin Williams;F;23:27;2;6;0;3;2;2;0;2;2;1;0;1;2;2;6;
Paul Millsap;F;29:42;4;8;0;1;4;5;3;1;4;2;0;0;0;3;12;
Al Jefferson;C;33:32;8;17;1;1;4;4;0;8;8;1;1;1;3;3;21;
Randy Foye;G;22:36;2;5;0;2;0;0;2;3;5;1;2;0;2;2;4;
Mo Williams;G;31:20;3;9;1;3;0;0;0;2;2;7;0;0;2;5;7;
Gordon Hayward;;29:20;3;8;1;3;4;5;1;1;2;5;0;0;3;2;11;
Derrick Favors;;18:18;2;4;0;0;0;2;0;4;4;0;1;1;0;2;4;
DeMarre Carroll;;20:37;2;5;1;1;3;4;0;5;5;0;2;0;0;0;8;
Enes Kanter;;14:28;4;4;0;0;2;2;0;2;2;0;1;0;2;0;10;
Jamaal Tinsley;;16:40;1;8;1;3;0;0;1;0;1;3;0;1;1;1;3;
