11-03;DEN-MIA;116-119;
34-35;32-29;25-23;25-32;
DEN
Kenneth Faried;F;36:05;11;15;0;0;0;1;7;5;12;1;1;0;1;5;22;
Danilo Gallinari;F;36:36;3;17;1;9;6;9;1;5;6;2;0;0;0;1;13;
Kosta Koufos;C;13:44;1;4;0;0;0;0;1;3;4;0;0;0;0;2;2;
Andre Iguodala;G;39:35;9;15;2;5;2;4;1;4;5;3;1;1;5;2;22;
Ty Lawson;G;40:50;7;15;0;0;0;0;2;2;4;6;2;1;4;2;14;
JaVale McGee;;22:42;6;9;0;0;4;5;4;5;9;0;0;1;0;4;16;
Andre Miller;;27:39;8;10;0;0;1;1;1;1;2;1;0;0;3;1;17;
Corey Brewer;;22:49;4;10;2;7;0;0;1;4;5;0;1;0;0;4;10;
MIA
Shane Battier;F;21:01;2;5;2;5;2;2;1;1;2;1;0;0;0;2;8;
LeBron James;F;39:12;8;17;0;1;4;4;1;8;9;11;0;2;0;2;20;
Chris Bosh;C;39:23;15;22;1;3;9;10;3;4;7;2;1;0;2;1;40;
Dwyane Wade;G;33:48;5;12;0;1;4;6;1;2;3;4;2;4;1;1;14;
Mario Chalmers;G;34:02;3;7;0;2;3;4;0;3;3;5;3;1;2;2;9;
Ray Allen;;28:40;8;12;6;10;1;1;1;4;5;1;2;1;1;2;23;
Mike Miller;;16:09;1;3;1;3;0;0;0;3;3;1;0;0;0;1;3;
Udonis Haslem;;5:16;0;1;0;0;0;0;0;0;0;0;0;0;1;1;0;
Rashard Lewis;;15:10;1;2;0;0;0;0;0;0;0;1;1;0;0;3;2;
Joel Anthony;;7:19;0;2;0;0;0;0;0;0;0;0;0;0;1;1;0;
