02-13;UTA-MIN;97-93;
10-17;32-23;26-23;29-30;
UTA
Marvin Williams;F;15:48;0;1;0;0;0;0;0;7;7;0;0;1;0;1;0;
Paul Millsap;F;35:35;7;15;0;1;7;11;4;4;8;2;0;2;2;4;21;
Al Jefferson;C;34:03;9;18;0;0;2;3;1;10;11;1;3;1;1;1;20;
Randy Foye;G;26:47;2;11;1;5;5;5;0;0;0;2;1;1;1;2;10;
Jamaal Tinsley;G;15:36;1;2;1;1;0;0;0;2;2;2;0;0;1;0;3;
Derrick Favors;;20:03;3;6;0;0;1;2;2;4;6;1;0;2;0;5;7;
Earl Watson;;23:50;2;7;0;1;2;2;1;4;5;5;0;0;4;1;6;
Alec Burks;;29:47;4;9;0;1;1;1;2;4;6;7;2;0;3;4;9;
DeMarre Carroll;;24:34;5;9;0;2;1;1;2;3;5;0;0;1;0;2;11;
Enes Kanter;;13:57;5;9;0;0;0;0;1;2;3;0;1;1;2;2;10;
MIN
Mickael Gelabale;F;24:04;1;3;0;2;0;0;0;2;2;0;0;0;1;2;2;
Derrick Williams;F;36:34;7;17;2;5;8;11;4;12;16;0;0;1;1;3;24;
Nikola Pekovic;C;39:42;7;16;0;0;5;8;7;6;13;0;1;1;1;2;19;
Luke Ridnour;G;37:20;7;15;2;6;2;2;1;2;3;2;0;0;1;6;18;
Ricky Rubio;G;40:16;3;13;0;3;12;13;2;7;9;10;4;1;2;1;18;
Alexey Shved;;10:32;0;4;0;1;0;0;0;0;0;0;0;0;1;0;0;
Jose Juan Barea;;23:48;2;10;1;5;1;2;0;1;1;6;1;0;2;0;6;
Dante Cunningham;;19:46;2;6;0;0;2;2;0;2;2;0;2;0;1;4;6;
Greg Stiemsma;;7:58;0;1;0;0;0;0;0;3;3;0;0;0;0;1;0;
Chris Johnson;;0:01;0;0;0;0;0;0;0;0;0;0;0;0;0;0;0;
