03-02;MIN-POR;94-109;
19-31;25-20;27-32;23-26;
MIN
Mickael Gelabale;F;22:35;2;4;0;1;0;0;1;2;3;0;0;0;0;2;4;
Derrick Williams;F;39:53;9;20;0;4;5;8;1;7;8;0;0;3;1;2;23;
Greg Stiemsma;C;14:13;0;2;0;0;0;0;4;2;6;0;1;0;1;4;0;
Luke Ridnour;G;38:24;7;15;0;1;4;6;0;2;2;6;0;0;0;3;18;
Ricky Rubio;G;37:51;3;10;0;1;6;6;2;7;9;9;3;0;5;4;12;
Chris Johnson;;13:34;2;5;0;0;1;2;1;1;2;0;0;1;0;1;5;
Jose Juan Barea;;27:18;5;14;1;3;3;4;0;5;5;2;2;0;0;0;14;
Alexey Shved;;17:52;0;3;0;2;2;4;2;2;4;1;0;0;0;1;2;
Dante Cunningham;;28:20;6;14;0;0;4;6;3;5;8;1;2;1;1;0;16;
POR
Nicolas Batum;F;34:41;4;12;2;7;2;2;2;5;7;3;2;3;1;3;12;
LaMarcus Aldridge;F;29:40;7;16;0;0;3;5;3;5;8;4;0;2;1;4;17;
JJ Hickson;C;27:01;7;8;0;0;4;7;4;12;16;3;0;0;4;5;18;
Wesley Matthews;G;23:12;4;7;1;2;0;0;0;2;2;3;0;0;0;4;9;
Damian Lillard;G;39:16;9;18;2;5;4;4;2;4;6;4;0;0;0;3;24;
Eric Maynor;;31:10;3;7;1;2;0;0;0;1;1;12;0;0;4;3;7;
Meyers Leonard;;20:59;6;7;0;0;0;2;2;6;8;0;0;0;2;2;12;
Victor Claver;;13:59;4;6;1;2;1;2;1;2;3;2;1;1;0;3;10;
Will Barton;;15:41;0;7;0;2;0;0;1;0;1;1;1;0;0;2;0;
Joel Freeland;;4:21;0;2;0;0;0;0;2;1;3;0;0;1;1;1;0;
