12-14;DAL-TOR;74-95;
25-24;16-30;14-15;19-26;
DAL
Dahntay Jones;F;24:28;1;4;0;1;0;1;0;1;1;1;0;0;0;0;2;
Shawn Marion;F;29:20;4;7;0;1;4;4;1;12;13;3;2;0;1;2;12;
Chris Kaman;C;26:44;7;18;0;0;1;2;1;4;5;0;0;1;3;2;15;
O.J. Mayo;G;28:35;2;8;0;4;6;6;0;2;2;3;1;0;6;3;10;
Derek Fisher;G;33:01;3;9;0;3;2;2;0;3;3;5;0;0;2;0;8;
Darren Collison;;22:15;1;4;0;2;2;2;0;1;1;1;0;0;2;1;4;
Vince Carter;;25:46;1;8;0;2;2;2;1;1;2;0;0;0;1;2;4;
Elton Brand;;15:09;1;1;0;0;0;0;0;5;5;0;1;0;0;3;2;
Brandan Wright;;14:04;6;6;0;0;1;2;0;0;0;0;0;0;0;1;13;
Dominique Jones;;8:24;1;3;0;0;2;2;1;2;3;4;0;0;2;1;4;
Bernard James;;6:07;0;0;0;0;0;0;0;3;3;0;0;0;0;2;0;
Rodrigue Beaubois;;6:07;0;1;0;0;0;0;0;0;0;0;0;0;0;0;0;
TOR
Mickael Pietrus;F;17:14;2;7;1;5;2;3;0;2;2;0;1;0;3;2;7;
Ed Davis;F;23:15;3;5;0;0;0;0;3;5;8;3;1;0;0;1;6;
Jonas Valanciunas;C;16:12;0;3;0;0;1;4;2;4;6;1;2;0;0;2;1;
DeMar DeRozan;G;31:35;6;13;1;3;1;2;0;4;4;4;0;1;2;2;14;
Jose Calderon;G;28:25;5;9;2;4;2;3;1;3;4;3;1;2;1;1;14;
Alan Anderson;;21:16;0;8;0;3;2;2;2;3;5;2;1;0;1;2;2;
Amir Johnson;;24:40;1;3;0;0;2;2;2;5;7;1;3;0;1;3;4;
Linas Kleiza;;29:42;7;13;5;11;1;2;0;5;5;0;0;0;0;3;20;
John Lucas III;;22:49;3;8;1;3;0;0;0;1;1;6;1;0;1;1;7;
Terrence Ross;;22:41;6;14;2;7;4;4;4;1;5;2;1;0;1;3;18;
Quincy Acy;;2:11;1;1;0;0;0;0;0;0;0;0;0;0;0;0;2;
