12-01;SAC-LAC;81-116;
17-28;17-30;24-29;23-29;
SAC
John Salmons;F;36:08;4;12;0;3;1;2;0;4;4;4;0;0;2;1;9;
Jason Thompson;F;30:25;6;10;0;0;4;4;4;8;12;4;0;0;0;3;16;
DeMarcus Cousins;C;17:49;3;9;0;0;2;3;1;5;6;1;0;0;2;2;8;
Marcus Thornton;G;38:15;7;11;6;9;0;0;0;2;2;2;0;0;1;1;20;
Aaron Brooks;G;22:09;1;6;0;3;0;0;0;1;1;2;0;0;2;3;2;
Charles Hayes;;22:52;1;2;0;0;0;0;3;5;8;4;0;2;0;4;2;
Thomas Robinson;;16:54;1;3;0;0;0;0;1;1;2;1;0;0;2;1;2;
Francisco Garcia;;9:45;1;1;1;1;0;0;0;0;0;1;2;0;2;2;3;
Isaiah Thomas;;16:38;4;11;2;4;4;4;0;1;1;0;0;0;3;1;14;
James Johnson;;3:40;0;0;0;0;0;0;0;0;0;0;0;0;2;0;0;
Travis Outlaw;;9:39;1;5;0;2;2;4;1;1;2;0;0;0;1;1;4;
Jimmer Fredette;;15:46;0;6;0;1;1;1;0;2;2;4;0;1;0;0;1;
LAC
Caron Butler;F;22:48;4;9;3;8;0;0;0;1;1;1;1;0;0;0;11;
Blake Griffin;F;28:38;5;10;0;0;4;5;1;8;9;2;1;0;0;2;14;
DeAndre Jordan;C;23:13;6;12;0;0;1;4;3;3;6;0;1;2;0;2;13;
Chauncey Billups;G;18:12;2;5;2;4;0;0;0;2;2;3;1;0;0;1;6;
Chris Paul;G;21:48;6;8;2;3;0;0;1;4;5;5;1;0;1;2;14;
Jamal Crawford;;29:48;7;14;3;5;0;0;0;2;2;6;1;0;2;1;17;
Eric Bledsoe;;26:12;6;11;0;0;2;3;0;1;1;4;4;2;1;2;14;
Lamar Odom;;21:09;3;6;0;1;0;0;2;3;5;5;0;0;0;2;6;
Matt Barnes;;25:12;5;7;2;3;0;0;0;2;2;1;1;0;1;1;12;
Ronny Turiaf;;17:23;2;3;0;0;1;2;1;4;5;0;1;2;0;1;5;
Ryan Hollins;;5:37;1;1;0;0;2;2;0;3;3;0;0;0;0;1;4;
