01-14;MIN-DAL;98-113;
19-26;26-29;25-36;28-22;
MIN
Andrei Kirilenko;F;31:35;3;9;0;3;4;4;6;3;9;3;1;1;1;0;10;
Dante Cunningham;F;38:55;6;18;0;0;0;0;3;3;6;0;0;0;1;0;12;
Nikola Pekovic;C;32:06;8;11;0;0;4;10;4;8;12;0;1;0;1;3;20;
Alexey Shved;G;21:55;1;7;1;3;4;4;0;1;1;3;0;1;1;3;7;
Luke Ridnour;G;21:49;3;9;1;4;0;0;0;1;1;2;0;0;2;2;7;
Ricky Rubio;;26:05;2;3;0;0;2;2;3;2;5;6;0;0;2;2;6;
Jose Juan Barea;;26:11;6;13;4;7;5;5;0;3;3;5;0;0;3;2;21;
Derrick Williams;;25:30;4;10;0;3;1;2;2;2;4;0;2;0;1;1;9;
Greg Stiemsma;;15:54;2;5;0;0;2;2;2;3;5;0;0;0;3;2;6;
DAL
Shawn Marion;F;26:30;2;8;0;1;1;2;3;5;8;3;0;0;1;1;5;
Dirk Nowitzki;F;33:18;5;12;0;3;0;0;0;2;2;6;0;0;0;0;10;
Chris Kaman;C;15:12;5;6;0;0;0;0;0;3;3;2;0;0;0;4;10;
O.J. Mayo;G;38:26;8;11;3;4;1;1;0;7;7;9;2;0;1;2;20;
Darren Collison;G;35:53;7;11;1;1;8;8;0;2;2;9;3;0;3;2;23;
Elton Brand;;29:58;10;13;0;0;0;0;0;6;6;3;1;0;0;4;20;
Vince Carter;;22:02;3;5;1;1;3;3;1;3;4;1;1;1;0;4;10;
Dahntay Jones;;10:08;1;2;0;1;0;0;0;0;0;0;0;0;1;1;2;
Rodrigue Beaubois;;10:53;1;3;0;0;2;2;0;1;1;0;0;0;1;3;4;
Brandan Wright;;2:50;0;0;0;0;0;0;0;0;0;0;0;0;0;0;0;
Jae Crowder;;13:05;3;4;1;2;0;0;0;0;0;0;0;0;1;1;7;
Mike James;;1:45;1;2;0;0;0;0;0;0;0;0;0;0;1;1;2;
