02-27;SAC-ORL;125-101;
36-22;31-22;31-24;27-33;
SAC
John Salmons;F;22:11;7;9;4;5;3;3;0;1;1;5;0;0;0;2;21;
Jason Thompson;F;22:02;3;7;0;0;2;2;1;6;7;0;0;0;0;1;8;
DeMarcus Cousins;C;23:51;4;10;0;0;5;6;1;5;6;4;0;1;0;3;13;
Tyreke Evans;G;26:21;7;11;0;0;3;4;0;3;3;7;4;0;1;0;17;
Isaiah Thomas;G;13:48;1;2;0;1;0;0;0;0;0;2;1;0;0;3;2;
Jimmer Fredette;;27:26;5;9;3;4;0;0;0;1;1;4;2;0;2;2;13;
Marcus Thornton;;22:47;6;13;2;8;6;7;0;8;8;2;0;0;2;2;20;
Charles Hayes;;24:18;0;1;0;0;0;0;0;2;2;1;0;0;2;2;0;
Patrick Patterson;;25:49;5;8;0;1;3;4;3;4;7;0;0;1;2;2;13;
James Johnson;;19:38;5;10;0;1;0;2;2;1;3;2;3;1;3;3;10;
Toney Douglas;;11:49;3;4;1;2;1;1;0;2;2;4;2;0;1;2;8;
ORL
Maurice Harkless;F;27:53;5;7;1;2;1;2;0;4;4;0;0;0;1;5;12;
Andrew Nicholson;F;17:04;3;6;0;0;2;2;2;2;4;0;1;2;0;2;8;
Nikola Vucevic;C;21:46;2;7;0;0;0;0;0;2;2;2;0;0;2;1;4;
Arron Afflalo;G;34:06;6;15;0;2;3;3;0;7;7;6;1;0;6;3;15;
E'Twaun Moore;G;23:05;4;8;3;5;0;0;0;1;1;5;0;0;1;2;11;
Tobias Harris;;30:56;9;12;1;2;4;5;2;4;6;2;2;0;2;5;23;
Beno Udrih;;32:28;3;9;1;2;7;7;1;1;2;8;2;0;4;2;14;
Kyle O'Quinn;;14:00;3;4;0;0;0;0;1;5;6;1;0;0;1;5;6;
DeQuan Jones;;13:11;0;4;0;2;0;0;0;1;1;1;0;0;1;0;0;
Al Harrington;;12:14;1;7;0;4;1;2;1;3;4;0;0;0;0;3;3;
Doron Lamb;;13:17;1;4;0;0;3;4;1;0;1;0;0;0;0;2;5;
