03-13;MEM-LAC;96-85;
24-24;30-28;21-17;21-16;
MEM
Tayshaun Prince;F;38:38;9;15;0;0;0;0;3;3;6;0;1;0;2;1;18;
Zach Randolph;F;39:38;5;11;0;0;3;4;4;4;8;1;1;0;1;4;13;
Marc Gasol;C;39:09;10;14;0;0;1;2;0;4;4;2;5;0;4;4;21;
Tony Allen;G;31:07;2;7;0;1;3;3;2;4;6;2;0;1;2;3;7;
Mike Conley;G;40:12;5;11;2;6;5;6;1;2;3;11;1;1;1;2;17;
Jerryd Bayless;;17:04;2;5;1;2;2;2;0;1;1;3;0;0;0;1;7;
Ed Davis;;13:49;1;2;0;0;0;1;0;1;1;0;0;1;0;4;2;
Quincy Pondexter;;15:26;3;3;3;3;2;3;0;2;2;1;0;0;0;2;11;
Tony Wroten;;4:57;0;0;0;0;0;0;0;0;0;0;0;0;2;4;0;
LAC
Matt Barnes;F;38:37;5;15;2;9;2;2;3;4;7;3;1;1;1;5;14;
Blake Griffin;F;36:31;8;15;0;1;6;7;4;2;6;5;0;1;3;4;22;
DeAndre Jordan;C;20:07;2;2;0;0;0;0;0;2;2;0;0;0;0;2;4;
Chauncey Billups;G;26:57;4;8;2;5;0;0;1;3;4;1;0;0;1;0;10;
Chris Paul;G;39:07;7;12;1;3;9;9;1;2;3;9;2;1;5;4;24;
Jamal Crawford;;32:55;1;10;0;4;0;0;0;2;2;1;0;0;1;0;2;
Lamar Odom;;28:43;3;8;1;4;0;0;3;5;8;1;2;1;0;4;7;
Grant Hill;;12:30;1;1;0;0;0;0;0;0;0;1;0;0;1;1;2;
Ronny Turiaf;;4:33;0;1;0;0;0;0;1;1;2;1;0;0;0;2;0;
