01-14;LAC-MEM;99-73;
25-19;28-15;20-18;26-21;
LAC
Caron Butler;F;26:32;3;5;3;4;0;0;0;1;1;0;1;0;1;1;9;
Blake Griffin;F;24:48;3;8;0;0;4;6;2;4;6;5;0;0;3;3;10;
DeAndre Jordan;C;20:46;3;6;0;0;0;2;3;4;7;0;0;3;1;3;6;
Willie Green;G;20:43;3;6;0;1;0;0;0;1;1;2;1;0;0;0;6;
Eric Bledsoe;G;28:26;4;9;0;0;6;9;2;1;3;4;2;1;0;3;14;
Lamar Odom;;32:34;2;8;0;2;2;2;0;7;7;3;0;1;1;3;6;
Jamal Crawford;;27:17;5;14;0;2;6;6;0;1;1;2;1;1;1;0;16;
Matt Barnes;;23:50;6;11;2;5;2;2;2;6;8;0;2;0;2;0;16;
Grant Hill;;17:12;3;5;0;0;2;2;1;3;4;4;0;1;1;2;8;
Ronny Turiaf;;11:07;1;1;0;0;1;1;0;3;3;0;1;2;0;3;3;
Ryan Hollins;;6:45;2;3;0;0;1;2;1;2;3;0;0;0;0;1;5;
MEM
Tony Allen;F;33:30;3;9;0;1;2;2;3;3;6;4;2;1;1;4;8;
Zach Randolph;F;35:42;5;16;0;1;5;9;10;2;12;1;0;0;1;3;15;
Marc Gasol;C;33:39;4;13;0;0;0;0;4;6;10;2;1;1;2;3;8;
Wayne Ellington;G;29:57;4;9;3;6;0;0;1;5;6;1;1;0;1;2;11;
Mike Conley;G;29:41;2;11;1;5;0;0;0;0;0;1;2;0;3;3;5;
Darrell Arthur;;22:44;4;10;0;1;2;2;1;2;3;1;0;0;1;2;10;
Jerryd Bayless;;16:22;1;4;1;3;0;0;0;1;1;1;2;0;3;4;3;
Marreese Speights;;11:17;1;5;0;0;0;0;3;2;5;0;0;1;0;4;2;
Josh Selby;;9:07;1;5;1;2;0;0;0;0;0;0;0;0;2;1;3;
Hamed Haddadi;;3:42;0;0;0;0;0;0;0;0;0;0;0;0;0;0;0;
Tony Wroten;;14:19;2;7;0;1;4;4;2;3;5;3;0;0;0;0;8;
