12-21;ATL-PHI;80-99;
23-30;22-21;19-21;16-27;
ATL
DeShawn Stevenson;F;16:28;0;2;0;2;0;0;0;1;1;1;0;0;0;0;0;
Josh Smith;F;27:30;8;16;1;2;0;1;2;4;6;3;1;0;4;2;17;
Al Horford;C;36:20;2;10;0;0;3;4;2;6;8;3;0;3;2;0;7;
Kyle Korver;G;21:48;4;9;2;6;1;1;3;2;5;1;0;0;0;2;11;
Jeff Teague;G;21:47;2;4;1;3;0;0;0;0;0;3;1;0;2;4;5;
Lou Williams;;28:10;4;12;2;7;3;3;1;0;1;4;2;0;4;2;13;
Anthony Morrow;;19:13;1;2;1;1;0;0;0;0;0;2;1;0;0;0;3;
Zaza Pachulia;;28:12;4;7;0;0;1;1;4;4;8;2;2;0;4;2;9;
Ivan Johnson;;17:38;2;6;0;0;0;0;0;4;4;0;0;0;0;1;4;
Mike Scott;;6:42;1;4;0;0;1;2;1;1;2;1;0;0;0;0;3;
Anthony Tolliver;;6:42;0;2;0;2;0;0;0;0;0;0;0;0;0;1;0;
John Jenkins;;4:45;3;3;2;2;0;0;0;2;2;0;0;0;0;0;8;
Johan Petro;;4:45;0;2;0;0;0;0;0;0;0;0;0;0;1;1;0;
PHI
Evan Turner;F;41:23;10;17;1;2;0;0;1;4;5;6;0;0;2;2;21;
Thaddeus Young;F;40:00;9;16;0;0;0;0;4;7;11;4;5;0;1;1;18;
Lavoy Allen;C;35:41;3;7;0;0;0;0;4;3;7;3;1;1;3;0;6;
Jason Richardson;G;32:53;7;12;3;6;0;2;0;8;8;7;2;1;0;1;17;
Jrue Holiday;G;36:15;5;13;1;5;0;0;2;2;4;7;1;0;2;1;11;
Nick Young;;9:35;1;4;0;1;0;0;0;0;0;0;0;0;1;0;2;
Spencer Hawes;;20:14;5;10;1;1;1;1;3;5;8;2;0;2;1;3;12;
Dorell Wright;;19:49;2;5;1;3;2;4;0;1;1;2;0;0;1;2;7;
Damien Wilkins;;4:10;2;2;1;1;0;0;1;0;1;0;0;0;1;1;5;
