01-28;IND-DEN;101-102;
29-24;24-31;21-27;27-20;
IND
Paul George;F;44:02;9;17;4;9;1;1;3;7;10;5;4;1;3;5;23;
David West;F;35:12;8;15;0;0;1;2;1;4;5;4;0;0;2;4;17;
Roy Hibbert;C;32:35;3;12;0;0;2;2;4;7;11;2;0;2;3;4;8;
Lance Stephenson;G;37:34;8;13;2;3;2;2;3;5;8;4;1;1;2;4;20;
George Hill;G;39:24;4;12;3;6;1;2;0;1;1;6;0;1;3;2;12;
Orlando Johnson;;10:17;3;5;2;2;0;0;1;1;2;0;0;0;1;2;8;
Tyler Hansbrough;;12:48;1;2;0;0;1;2;1;0;1;0;0;0;1;5;3;
Ian Mahinmi;;15:25;2;5;0;0;2;4;3;2;5;0;1;0;2;1;6;
D.J. Augustin;;12:43;1;4;0;3;2;2;0;0;0;2;0;0;1;0;4;
DEN
Danilo Gallinari;F;37:35;9;16;3;6;6;7;0;3;3;3;1;1;0;3;27;
Kenneth Faried;F;12:12;2;2;0;0;0;0;1;5;6;2;0;0;0;4;4;
Kosta Koufos;C;35:40;4;8;0;0;1;2;2;9;11;0;0;3;1;4;9;
Andre Iguodala;G;37:50;4;11;0;0;5;10;4;6;10;7;1;0;1;1;13;
Ty Lawson;G;40:49;7;17;1;3;3;4;0;4;4;7;5;0;3;2;18;
Anthony Randolph;;4:27;0;3;0;0;0;0;0;1;1;0;0;0;0;1;0;
Corey Brewer;;29:33;5;11;3;5;3;4;1;2;3;1;3;0;0;1;16;
Timofey Mozgov;;25:11;4;7;0;0;2;2;1;2;3;2;0;0;4;3;10;
Andre Miller;;16:44;2;3;0;0;1;1;0;0;0;1;0;0;5;4;5;
