12-17;SAS-OKC;93-107;
26-30;22-23;16-29;29-25;
SAS
Danny Green;F;19:37;2;5;1;4;0;0;0;1;1;2;0;0;0;2;5;
Tim Duncan;F;23:55;5;10;0;0;2;2;0;5;5;1;1;1;1;2;12;
Tiago Splitter;C;21:35;5;7;0;0;0;2;1;2;3;1;1;2;1;1;10;
Gary Neal;G;28:19;3;11;2;5;0;0;1;3;4;1;1;0;2;2;8;
Tony Parker;G;25:32;4;11;0;1;6;7;1;1;2;7;0;0;1;1;14;
Stephen Jackson;;19:01;2;4;1;2;0;0;1;3;4;1;0;0;3;2;5;
Boris Diaw;;23:19;2;5;0;0;2;4;2;3;5;0;2;1;2;4;6;
Nando De Colo;;23:20;6;9;0;2;2;2;0;2;2;6;1;0;2;3;14;
James Anderson;;16:11;3;9;1;3;0;0;1;1;2;1;2;0;3;0;7;
Matt Bonner;;11:37;1;2;0;1;0;0;0;3;3;1;0;0;0;1;2;
DeJuan Blair;;15:34;2;3;0;0;3;4;2;4;6;2;1;0;0;1;7;
Patty Mills;;12:00;1;3;1;2;0;0;0;0;0;0;0;0;1;0;3;
OKC
Kevin Durant;F;39:24;6;13;0;2;7;7;0;6;6;4;1;3;4;1;19;
Serge Ibaka;F;38:57;10;16;0;0;5;6;5;12;17;1;0;3;3;2;25;
Kendrick Perkins;C;21:46;3;9;0;0;3;3;2;2;4;1;1;0;0;4;9;
Thabo Sefolosha;G;24:16;1;8;0;5;0;0;0;3;3;1;2;1;0;2;2;
Russell Westbrook;G;36:44;6;18;1;2;9;11;1;5;6;9;3;0;1;2;22;
Kevin Martin;;32:11;7;10;3;5;3;3;0;1;1;1;0;0;1;4;20;
Eric Maynor;;11:16;0;1;0;0;0;0;0;1;1;3;0;0;2;0;0;
Nick Collison;;24:58;4;7;0;0;0;0;6;4;10;1;2;0;1;4;8;
Hasheem Thabeet;;6:40;1;2;0;0;0;0;1;0;1;0;0;0;0;2;2;
Jeremy Lamb;;1:16;0;0;0;0;0;0;0;0;0;0;0;0;0;0;0;
Reggie Jackson;;1:16;0;0;0;0;0;0;0;0;0;1;0;0;0;0;0;
DeAndre Liggins;;1:16;0;1;0;0;0;0;0;0;0;0;0;0;0;0;0;
