03-10;DET-LAC;97-129;
22-32;30-38;18-28;27-31;
DET
Kyle Singler;F;28:57;2;4;0;1;2;2;0;4;4;1;0;0;1;2;6;
Jason Maxiell;F;18:34;1;4;0;0;1;2;2;1;3;1;1;0;1;2;3;
Greg Monroe;C;32:49;2;8;0;0;6;10;3;2;5;4;0;0;3;3;10;
Brandon Knight;G;19:24;3;9;2;6;2;2;0;0;0;3;0;0;2;3;10;
Jose Calderon;G;28:57;6;8;4;5;2;3;0;2;2;4;1;0;3;1;18;
Rodney Stuckey;;22:51;2;3;0;0;3;4;0;1;1;5;0;0;0;1;7;
Jonas Jerebko;;27:59;5;9;1;1;3;4;3;5;8;3;1;0;2;4;14;
Will Bynum;;19:03;3;7;3;4;1;4;0;1;1;2;2;0;2;1;10;
Khris Middleton;;19:03;2;5;0;3;5;6;0;2;2;1;0;1;0;1;9;
Charlie Villanueva;;4:38;2;3;1;2;0;0;0;1;1;0;0;0;0;1;5;
Viacheslav Kravtsov;;12:00;2;3;0;0;1;5;1;0;1;1;0;3;0;2;5;
Kim English;;5:45;0;1;0;1;0;0;0;0;0;0;0;0;0;0;0;
LAC
Caron Butler;F;24:40;6;13;3;7;0;0;1;4;5;3;3;0;1;2;15;
Blake Griffin;F;21:21;9;12;0;1;4;7;1;7;8;3;0;1;2;3;22;
DeAndre Jordan;C;27:03;5;5;0;0;3;5;2;5;7;1;0;2;0;3;13;
Chauncey Billups;G;23:20;3;9;2;7;2;2;0;1;1;6;1;0;1;1;10;
Chris Paul;G;31:11;9;12;0;1;2;2;0;1;1;14;2;0;0;4;20;
Lamar Odom;;19:26;1;3;0;2;0;0;0;2;2;1;4;1;0;2;2;
Matt Barnes;;23:24;5;5;5;5;1;2;1;2;3;1;1;0;0;1;16;
Grant Hill;;21:27;2;4;1;2;0;0;0;0;0;3;0;0;3;3;5;
Willie Green;;18:01;4;6;3;3;0;0;0;3;3;0;0;0;0;1;11;
Maalik Wayns;;10:39;1;3;0;0;0;0;0;0;0;5;2;0;0;5;2;
Ronny Turiaf;;10:39;2;4;0;0;0;2;0;2;2;0;0;0;1;2;4;
Ryan Hollins;;8:49;3;4;0;0;3;5;1;2;3;0;0;0;1;1;9;
