02-12;HOU-GSW;116-107;
30-34;27-22;31-23;28-28;
HOU
Chandler Parsons;F;37:22;9;15;3;6;0;3;2;6;8;9;1;1;2;3;21;
Patrick Patterson;F;29:35;6;9;0;2;0;0;0;2;2;0;0;1;0;2;12;
Omer Asik;C;33:21;6;8;0;0;1;3;3;12;15;2;0;0;0;5;13;
James Harden;G;38:40;7;22;2;8;11;11;1;6;7;5;3;0;5;0;27;
Jeremy Lin;G;28:43;3;11;0;2;8;8;1;1;2;10;0;0;0;3;14;
Patrick Beverley;;19:17;3;6;1;4;0;0;1;2;3;5;2;0;0;4;7;
Carlos Delfino;;23:25;4;8;2;5;0;0;0;3;3;1;1;1;1;0;10;
Marcus Morris;;21:40;5;11;2;7;0;0;2;5;7;0;1;0;3;4;12;
Cole Aldrich;;7:59;0;1;0;0;0;0;0;1;1;0;0;0;0;0;0;
GSW
Harrison Barnes;F;27:03;2;3;0;1;3;4;0;2;2;1;0;1;2;4;7;
David Lee;F;34:36;3;10;0;0;6;8;2;10;12;4;0;1;2;6;12;
Andrew Bogut;C;26:43;3;7;0;0;0;0;4;8;12;4;0;1;2;4;6;
Klay Thompson;G;39:11;9;21;1;5;3;5;1;2;3;1;1;1;3;2;22;
Stephen Curry;G;34:37;10;19;2;5;5;6;0;5;5;6;1;0;1;4;27;
Jarrett Jack;;32:09;7;14;4;7;4;4;0;3;3;5;1;0;2;1;22;
Carl Landry;;20:08;1;6;0;0;0;0;0;4;4;2;1;0;0;1;2;
Draymond Green;;17:32;3;4;1;2;2;4;1;3;4;2;2;1;1;0;9;
Richard Jefferson;;8:02;0;0;0;0;0;0;0;1;1;0;0;1;0;0;0;
