12-30;BOS-SAC;96-118;
18-24;31-30;24-30;23-34;
BOS
Paul Pierce;F;25:24;8;15;4;8;0;0;0;1;1;3;0;0;3;4;20;
Kevin Garnett;F;27:59;7;13;0;0;2;2;1;11;12;6;0;0;1;2;16;
Jason Collins;C;17:35;0;2;0;0;0;0;0;1;1;0;1;1;0;5;0;
Jason Terry;G;33:03;7;12;2;4;4;4;1;2;3;0;1;0;1;1;20;
Rajon Rondo;G;35:47;1;6;0;3;0;0;0;5;5;10;1;0;3;1;2;
Jeff Green;;31:02;5;17;1;4;5;7;2;1;3;1;0;1;2;1;16;
Brandon Bass;;20:01;3;5;0;0;0;0;3;0;3;0;0;0;1;5;6;
Jared Sullinger;;23:21;2;5;0;0;6;6;2;4;6;1;1;0;0;3;10;
Courtney Lee;;20:45;0;6;0;2;0;0;0;0;0;3;3;1;1;1;0;
Leandro Barbosa;;4:09;1;3;0;1;0;0;0;0;0;1;0;0;0;0;2;
Jarvis Varnado;;0:53;2;2;0;0;0;0;1;0;1;0;0;0;0;0;4;
SAC
John Salmons;F;32:33;9;12;2;4;3;3;1;5;6;4;0;0;0;1;23;
Jason Thompson;F;32:01;8;11;0;0;4;8;3;3;6;0;1;2;1;3;20;
DeMarcus Cousins;C;31:08;4;12;0;0;4;4;2;8;10;10;1;0;2;5;12;
Marcus Thornton;G;18:37;2;7;1;3;0;0;0;3;3;0;0;0;1;1;5;
Isaiah Thomas;G;39:37;10;15;3;7;4;5;0;4;4;5;1;0;2;2;27;
Thomas Robinson;;6:13;1;1;0;0;0;0;1;1;2;0;0;2;2;2;2;
Francisco Garcia;;16:12;2;7;1;2;0;0;0;0;0;0;1;0;0;1;5;
Jimmer Fredette;;22:28;4;9;2;3;0;0;0;1;1;5;0;0;0;1;10;
Charles Hayes;;16:16;0;2;0;0;2;2;2;4;6;1;2;1;1;3;2;
James Johnson;;21:56;3;5;1;1;3;3;1;5;6;3;2;3;3;2;10;
Tyler Honeycutt;;2:59;1;1;0;0;0;0;0;1;1;0;0;0;1;0;2;
