03-15;MIN-HOU;100-108;
27-22;30-17;23-35;20-34;
MIN
Mickael Gelabale;F;30:36;5;8;0;2;0;0;3;4;7;5;1;0;0;2;10;
Derrick Williams;F;31:09;7;14;2;5;3;4;3;1;4;1;0;0;4;3;19;
Greg Stiemsma;C;31:55;6;7;0;0;0;0;1;4;5;1;0;4;0;4;12;
Luke Ridnour;G;28:53;4;8;1;4;1;1;0;6;6;3;0;0;3;5;10;
Ricky Rubio;G;38:50;4;13;0;3;6;8;1;6;7;7;2;1;3;3;14;
Dante Cunningham;;21:44;3;10;0;0;0;0;0;1;1;1;1;0;0;2;6;
Alexey Shved;;19:07;2;7;1;5;3;4;0;3;3;4;0;0;2;1;8;
Jose Juan Barea;;26:34;8;12;2;5;1;1;1;1;2;3;2;0;1;2;19;
Chris Johnson;;11:12;0;2;0;0;2;2;0;1;1;0;0;2;0;3;2;
HOU
Chandler Parsons;F;39:19;6;12;2;5;0;0;0;4;4;2;1;0;2;4;14;
Donatas Motiejunas;F;25:08;2;6;0;3;0;0;0;2;2;3;0;0;1;1;4;
Omer Asik;C;22:40;3;7;0;0;0;0;5;6;11;0;0;1;4;2;6;
James Harden;G;43:15;8;16;5;10;16;18;0;7;7;8;0;0;5;5;37;
Jeremy Lin;G;38:44;8;15;3;8;5;6;0;1;1;8;4;0;3;2;24;
Greg Smith;;22:22;5;7;0;0;2;4;1;3;4;0;0;0;1;1;12;
Patrick Beverley;;9:16;0;0;0;0;0;0;1;0;1;1;0;0;0;2;0;
Carlos Delfino;;28:40;3;9;1;5;2;2;4;6;10;2;1;1;0;1;9;
Francisco Garcia;;4:45;0;0;0;0;0;0;0;0;0;1;0;0;1;1;0;
Thomas Robinson;;5:51;1;2;0;0;0;1;1;3;4;0;1;0;1;1;2;
