03-18;GSW-NOH;93-72;
19-22;26-14;24-25;24-11;
GSW
Harrison Barnes;F;21:28;2;4;0;0;3;4;0;2;2;0;0;0;0;1;7;
David Lee;F;29:54;7;9;0;0;6;6;4;7;11;4;0;1;3;3;20;
Andrew Bogut;C;30:30;4;6;0;0;0;0;1;8;9;5;1;4;1;3;8;
Klay Thompson;G;33:13;5;15;3;6;0;0;0;5;5;1;1;0;4;3;13;
Stephen Curry;G;38:40;10;19;6;9;4;4;1;6;7;3;0;0;7;3;30;
Carl Landry;;16:52;2;4;0;0;0;0;0;1;1;0;1;0;0;3;4;
Jarrett Jack;;30:59;4;9;1;2;0;1;0;2;2;5;1;0;1;2;9;
Festus Ezeli;;12:50;0;0;0;0;0;0;0;4;4;0;0;1;0;0;0;
Draymond Green;;12:51;0;1;0;0;0;0;0;2;2;2;1;1;0;1;0;
Richard Jefferson;;7:17;0;1;0;1;0;0;0;1;1;1;0;0;0;1;0;
Kent Bazemore;;5:28;1;2;0;1;0;0;0;0;0;0;1;0;0;0;2;
NOH
Al-Farouq Aminu;F;12:30;0;4;0;0;2;2;2;1;3;0;1;0;0;1;2;
Anthony Davis;F;31:54;7;12;0;0;2;2;4;3;7;0;2;1;3;1;16;
Robin Lopez;C;21:46;2;10;0;0;0;0;2;0;2;1;0;0;0;1;4;
Roger Mason Jr.;G;19:42;1;7;1;4;0;0;1;1;2;1;2;0;0;1;3;
Greivis Vasquez;G;32:28;6;11;1;2;1;1;1;2;3;9;2;0;4;3;14;
Darius Miller;;35:30;2;5;0;0;0;0;0;5;5;2;0;1;2;3;4;
Ryan Anderson;;28:32;7;19;1;6;6;6;3;6;9;1;1;0;0;2;21;
Brian Roberts;;15:32;0;5;0;2;2;2;0;2;2;1;0;0;3;0;2;
Lou Amundson;;12:41;1;3;0;0;0;0;0;3;3;1;1;1;0;0;2;
Terrel Harris;;28:18;2;7;0;3;0;0;0;5;5;1;1;2;1;1;4;
Lance Thomas;;1:08;0;0;0;0;0;0;0;0;0;0;0;0;0;0;0;
