11-17;MIA-PHX;97-88;
23-23;29-29;23-19;22-17;
MIA
LeBron James;F;40:43;8;20;1;3;4;7;0;7;7;3;2;0;1;1;21;
Shane Battier;F;33:59;4;8;4;8;0;0;0;2;2;1;0;1;0;2;12;
Chris Bosh;C;37:19;9;11;0;0;6;9;0;9;9;3;1;2;5;4;24;
Mike Miller;G;23:44;4;8;1;3;0;0;1;4;5;5;1;0;1;1;9;
Mario Chalmers;G;31:25;5;7;1;2;0;0;0;2;2;3;3;0;2;4;11;
Rashard Lewis;;10:39;2;3;1;2;0;0;0;2;2;0;0;0;2;0;5;
Udonis Haslem;;17:53;1;3;0;0;0;0;2;4;6;0;1;0;2;3;2;
Ray Allen;;24:42;3;4;0;0;3;3;1;2;3;3;0;0;3;3;9;
Norris Cole;;16:09;2;7;0;1;0;0;0;0;0;2;2;0;3;3;4;
Joel Anthony;;3:27;0;0;0;0;0;0;0;0;0;0;0;0;0;0;0;
PHX
Michael Beasley;F;36:49;7;17;0;2;0;0;1;7;8;1;1;1;4;1;14;
Luis Scola;F;14:37;1;5;0;0;1;2;0;1;1;0;0;1;1;1;3;
Marcin Gortat;C;23:32;2;5;0;0;0;0;1;5;6;0;2;1;2;0;4;
Jared Dudley;G;17:39;1;5;1;2;1;2;1;0;1;0;1;0;0;1;4;
Goran Dragic;G;29:35;5;12;0;4;2;4;1;4;5;8;4;0;2;2;12;
Markieff Morris;;27:30;6;9;2;2;2;2;3;1;4;1;2;0;2;3;16;
Jermaine O'Neal;;24:02;4;4;0;0;2;2;0;6;6;0;2;0;0;2;10;
Shannon Brown;;24:28;6;14;0;5;2;3;0;4;4;2;0;0;2;2;14;
Sebastian Telfair;;24:44;2;7;2;3;3;4;1;1;2;4;1;0;3;2;9;
PJ Tucker;;17:04;0;1;0;0;2;2;1;0;1;0;0;0;0;4;2;
