12-29;WAS-CHI;77-87;
26-22;13-23;24-25;14-17;
WAS
Martell Webster;F;36:51;4;10;2;3;0;0;1;5;6;1;0;0;0;0;10;
Nene;F;24:35;4;11;0;0;2;6;1;8;9;2;0;0;2;1;10;
Emeka Okafor;C;35:34;5;11;0;0;1;2;6;12;18;1;0;2;2;3;11;
Bradley Beal;G;33:51;5;15;0;3;4;4;1;4;5;3;1;0;3;2;14;
Garrett Temple;G;41:12;3;11;0;2;2;2;3;6;9;5;1;1;4;3;8;
Kevin Seraphin;;27:43;5;11;0;0;2;2;3;3;6;1;0;1;3;3;12;
Jan Vesely;;8:08;1;2;0;0;0;0;1;0;1;1;0;0;0;2;2;
Shelvin Mack;;20:57;3;8;0;0;1;2;0;2;2;5;0;0;1;0;7;
Cartier Martin;;11:09;1;6;1;2;0;0;0;0;0;0;0;0;1;2;3;
CHI
Luol Deng;F;37:27;4;13;1;3;2;3;1;5;6;4;1;0;0;1;11;
Carlos Boozer;F;29:31;5;12;0;0;5;7;2;10;12;1;1;1;1;0;15;
Joakim Noah;C;36:57;4;11;0;0;1;2;4;7;11;5;1;1;2;4;9;
Richard Hamilton;G;14:42;4;9;1;2;0;0;0;0;0;1;0;0;0;0;9;
Kirk Hinrich;G;33:24;3;6;2;4;2;2;0;6;6;7;1;1;2;4;10;
Marco Belinelli;;33:18;7;16;2;3;1;2;0;2;2;3;0;1;1;3;17;
Taj Gibson;;16:27;3;7;0;0;0;0;1;2;3;1;0;2;1;3;6;
Nazr Mohammed;;13:05;0;3;0;0;0;0;4;4;8;0;1;0;0;3;0;
Nate Robinson;;14:29;3;8;1;3;0;0;0;0;0;2;1;0;0;2;7;
Jimmy Butler;;10:33;1;2;0;1;1;2;1;0;1;0;0;0;1;1;3;
Marquis Teague;;0:07;0;0;0;0;0;0;0;0;0;0;0;0;0;1;0;
