01-14;CLE-SAC;118-124;
24-31;33-38;30-24;31-31;
CLE
Alonzo Gee;F;31:30;2;3;1;1;1;2;0;3;3;1;1;1;0;2;6;
Tristan Thompson;F;37:37;7;14;0;0;3;4;8;7;15;4;0;0;1;5;17;
Tyler Zeller;C;34:18;3;7;0;0;7;8;5;1;6;0;1;4;0;4;13;
CJ Miles;G;20:40;7;14;3;6;0;0;1;0;1;0;1;0;0;3;17;
Kyrie Irving;G;36:28;6;19;0;2;3;4;0;1;1;4;3;0;6;2;15;
Dion Waiters;;29:11;12;18;3;3;6;8;1;1;2;5;0;0;0;2;33;
Luke Walton;;16:22;2;8;1;3;0;2;1;3;4;1;0;0;2;3;5;
Shaun Livingston;;15:01;1;3;0;0;0;0;1;1;2;3;0;0;1;0;2;
Omri Casspi;;11:10;4;5;0;1;2;2;2;2;4;0;0;0;0;2;10;
Kevin Jones;;7:43;0;1;0;0;0;0;0;0;0;0;0;0;0;1;0;
SAC
John Salmons;F;32:23;5;12;1;4;3;4;2;0;2;4;2;1;0;2;14;
Jason Thompson;F;22:00;2;9;0;0;2;2;3;1;4;1;0;0;0;4;6;
DeMarcus Cousins;C;31:52;7;14;0;0;12;12;3;11;14;6;2;3;3;5;26;
Tyreke Evans;G;25:13;6;6;2;2;4;4;1;3;4;0;0;0;2;2;18;
Isaiah Thomas;G;31:22;2;8;0;3;2;2;0;2;2;6;1;0;1;3;6;
Thomas Robinson;;27:54;6;10;0;0;0;0;4;3;7;2;0;1;0;3;12;
Marcus Thornton;;29:30;8;14;3;6;1;2;0;1;1;1;2;0;3;2;20;
Francisco Garcia;;11:54;1;1;0;0;0;0;0;1;1;2;0;1;0;1;2;
Charles Hayes;;14:14;1;2;0;0;2;4;3;1;4;1;1;0;1;3;4;
Jimmer Fredette;;13:38;5;8;3;4;3;3;0;1;1;1;0;1;1;3;16;
