01-29;NOH-LAL;106-111;
24-25;18-29;31-29;33-28;
NOH
Al-Farouq Aminu;F;16:39;0;4;0;0;0;0;0;2;2;0;1;0;0;4;0;
Anthony Davis;F;22:04;7;12;0;0;4;4;0;3;3;0;2;0;0;4;18;
Robin Lopez;C;33:18;7;10;0;0;2;3;6;3;9;2;1;0;3;4;16;
Eric Gordon;G;31:57;7;12;6;8;5;5;0;2;2;2;1;0;1;2;25;
Greivis Vasquez;G;32:36;7;16;0;1;1;1;0;5;5;15;0;0;1;2;15;
Ryan Anderson;;28:07;6;15;3;7;1;1;0;6;6;0;1;0;1;2;16;
Lance Thomas;;17:43;0;1;0;0;0;0;0;4;4;1;0;0;1;1;0;
Jason Smith;;14:42;1;6;0;0;3;3;2;0;2;0;0;0;1;2;5;
Austin Rivers;;22:51;3;8;0;1;3;4;0;2;2;0;2;0;1;3;9;
Brian Roberts;;12:06;0;6;0;1;0;0;0;2;2;1;0;0;0;1;0;
Darius Miller;;4:39;1;1;0;0;0;0;0;0;0;0;0;0;0;0;2;
Roger Mason Jr.;;3:18;0;1;0;1;0;0;0;0;0;0;0;0;0;0;0;
LAL
Metta World Peace;F;22:36;1;8;1;6;0;0;2;2;4;1;0;0;0;1;3;
Earl Clark;F;35:16;8;11;4;5;0;0;1;11;12;4;0;0;6;2;20;
Dwight Howard;C;36:42;9;13;0;0;6;11;0;4;4;2;5;4;3;3;24;
Kobe Bryant;G;34:23;5;12;0;4;4;4;3;5;8;11;0;0;2;1;14;
Steve Nash;G;34:35;4;5;3;4;1;2;0;4;4;5;0;0;1;2;12;
Pau Gasol;;21:22;1;4;0;0;5;8;2;5;7;7;0;0;1;4;7;
Antawn Jamison;;24:12;6;14;1;5;3;4;1;6;7;0;0;0;0;0;16;
Steve Blake;;13:25;1;2;0;1;0;0;0;2;2;4;0;0;1;4;2;
Jodie Meeks;;17:29;4;10;3;8;2;4;0;2;2;0;2;0;0;0;13;
