03-10;MIL-SAC;115-113;
26-29;35-21;24-30;30-33;
MIL
Luc Mbah a Moute;F;17:14;3;6;1;1;0;0;0;2;2;0;0;0;0;1;7;
Ekpe Udoh;F;24:56;4;7;0;0;2;4;1;6;7;1;1;4;1;3;10;
Samuel Dalembert;C;26:04;4;6;0;0;2;4;2;9;11;0;2;2;0;5;10;
Monta Ellis;G;41:54;9;24;0;5;11;12;0;4;4;9;0;1;3;3;29;
Brandon Jennings;G;37:29;4;11;1;4;7;8;1;0;1;8;0;0;1;3;16;
Mike Dunleavy;;27:16;5;10;4;7;2;4;1;3;4;0;0;1;2;0;16;
Gustavo Ayon;;13:55;6;9;0;0;0;0;4;3;7;0;2;0;0;4;12;
Marquis Daniels;;25:52;3;8;1;2;2;2;0;1;1;2;1;0;1;1;9;
John Henson;;16:17;2;5;0;0;2;4;2;5;7;2;0;0;0;2;6;
Drew Gooden;;9:03;0;1;0;0;0;0;0;0;0;0;0;0;1;2;0;
SAC
John Salmons;F;35:39;2;8;1;5;0;2;0;4;4;4;0;0;1;2;5;
Jason Thompson;F;37:20;8;13;0;0;2;2;2;6;8;2;1;1;1;2;18;
DeMarcus Cousins;C;28:17;10;12;0;0;4;4;0;10;10;1;1;0;0;4;24;
Tyreke Evans;G;31:13;8;17;1;3;3;4;1;4;5;3;2;0;2;4;20;
Isaiah Thomas;G;34:40;4;16;1;5;5;6;1;4;5;9;0;0;2;4;14;
Marcus Thornton;;25:05;4;9;1;3;0;0;1;1;2;1;2;0;0;2;9;
Patrick Patterson;;16:37;1;6;1;2;1;2;2;1;3;1;0;2;0;2;4;
Charles Hayes;;4:17;1;1;0;0;0;0;0;0;0;0;0;0;1;1;2;
Travis Outlaw;;2:35;0;2;0;1;0;0;0;0;0;0;0;0;0;0;0;
Jimmer Fredette;;9:11;5;6;1;2;3;4;1;0;1;0;0;0;0;2;14;
Toney Douglas;;12:12;0;1;0;1;0;0;0;2;2;1;0;0;3;2;0;
Cole Aldrich;;2:54;1;3;0;0;1;1;2;1;3;1;1;0;0;0;3;
