01-12;UTA-DET;90-87;
13-26;26-24;25-11;26-26;
UTA
DeMarre Carroll;F;23:43;2;5;0;1;1;1;1;1;2;2;2;0;0;4;5;
Paul Millsap;F;32:46;6;13;0;0;5;6;2;5;7;1;0;0;2;1;17;
Al Jefferson;C;36:13;10;18;0;0;0;0;2;8;10;3;4;0;0;1;20;
Randy Foye;G;34:46;6;9;3;5;2;2;0;1;1;0;2;1;5;4;17;
Jamaal Tinsley;G;6:03;0;1;0;1;0;0;0;0;0;0;0;0;0;0;0;
Earl Watson;;25:38;0;3;0;0;2;2;1;2;3;6;1;0;2;3;2;
Derrick Favors;;19:07;3;5;0;0;1;4;0;3;3;2;1;0;1;3;7;
Gordon Hayward;;28:48;2;8;0;1;2;3;2;0;2;5;1;1;1;2;6;
Alec Burks;;25:06;5;7;2;2;0;0;0;3;3;2;1;0;3;4;12;
Enes Kanter;;7:50;2;2;0;0;0;0;1;0;1;0;0;1;2;0;4;
DET
Tayshaun Prince;F;33:11;3;8;0;0;2;2;0;3;3;3;0;0;1;1;8;
Jason Maxiell;F;26:17;2;5;0;0;3;4;1;5;6;3;0;3;1;3;7;
Greg Monroe;C;32:17;6;9;0;0;0;0;2;9;11;3;2;0;7;2;12;
Kyle Singler;G;19:43;2;2;0;0;0;0;0;1;1;2;0;0;1;2;4;
Brandon Knight;G;35:11;7;16;2;7;0;0;0;3;3;1;1;0;2;1;16;
Rodney Stuckey;;22:24;2;6;2;4;3;4;0;2;2;2;1;0;1;1;9;
Andre Drummond;;20:53;4;5;0;0;1;4;3;2;5;1;1;1;2;4;9;
Charlie Villanueva;;16:29;1;5;1;3;1;3;0;0;0;1;1;0;1;2;4;
Austin Daye;;14:53;1;3;1;2;2;2;1;0;1;1;0;2;1;3;5;
Will Bynum;;18:42;6;6;0;0;1;2;0;0;0;4;3;0;0;3;13;
