02-27;GSW-NYK;105-109;
18-27;37-31;26-26;24-25;
GSW
Harrison Barnes;F;19:26;1;4;1;1;0;0;0;3;3;0;0;0;2;4;3;
Draymond Green;F;27:02;2;4;0;1;0;0;0;5;5;1;1;1;1;5;4;
Andris Biedrins;C;7:57;0;1;0;0;0;0;1;3;4;0;0;0;0;1;0;
Stephen Curry;G;48:00;18;28;11;13;7;7;0;6;6;7;3;0;4;3;54;
Klay Thompson;G;35:56;3;13;0;6;0;0;1;3;4;0;1;1;0;5;6;
Jarrett Jack;;37:23;6;15;2;5;0;0;1;3;4;2;0;0;4;0;14;
Carl Landry;;32:23;3;4;0;0;9;10;1;2;3;3;0;0;5;2;15;
Festus Ezeli;;17:14;2;2;0;0;0;0;1;5;6;0;0;2;1;1;4;
Richard Jefferson;;14:38;1;1;1;1;2;4;0;3;3;1;1;0;0;2;5;
NYK
Carmelo Anthony;F;40:12;10;26;2;7;13;15;1;0;1;8;0;0;2;3;35;
Iman Shumpert;F;21:58;1;6;0;3;0;0;0;0;0;2;6;0;3;4;2;
Tyson Chandler;C;42:15;5;9;0;0;6;7;10;18;28;1;2;1;0;1;16;
Raymond Felton;G;39:23;3;10;2;5;2;6;2;2;4;4;4;1;2;3;10;
Jason Kidd;G;18:33;0;4;0;4;0;0;1;1;2;1;0;1;0;1;0;
J.R. Smith;;35:03;10;19;6;11;0;0;0;5;5;1;0;0;1;5;26;
Amar'e Stoudemire;;19:32;6;7;0;0;2;2;1;3;4;0;0;0;2;3;14;
Steve Novak;;8:48;0;4;0;2;3;3;0;1;1;1;0;0;0;1;3;
Pablo Prigioni;;8:37;1;2;1;2;0;0;1;0;1;1;0;0;0;2;3;
Kenyon Martin;;4:48;0;0;0;0;0;0;0;0;0;0;0;0;0;0;0;
James White;;0:51;0;0;0;0;0;0;0;0;0;0;0;0;0;0;0;
