12-22;IND-NOH;81-75;
11-18;18-28;24-7;28-22;
IND
Paul George;F;38:02;6;15;1;5;4;5;1;11;12;4;2;0;3;5;17;
David West;F;34:17;11;20;0;2;3;4;4;3;7;2;0;0;1;1;25;
Roy Hibbert;C;28:07;3;8;0;0;0;2;3;6;9;1;1;5;1;4;6;
Lance Stephenson;G;34:17;5;10;0;2;0;0;2;0;2;3;1;0;0;1;10;
George Hill;G;39:02;3;8;3;5;3;4;1;4;5;6;0;1;3;4;12;
Ian Mahinmi;;19:53;3;7;0;0;0;1;1;3;4;0;0;3;1;3;6;
Tyler Hansbrough;;13:43;2;3;0;0;0;0;1;1;2;1;0;1;1;2;4;
Sam Young;;20:30;0;2;0;1;0;0;0;3;3;0;0;0;1;0;0;
Ben Hansbrough;;4:59;0;1;0;1;0;0;0;0;0;0;0;0;3;1;0;
D.J. Augustin;;7:10;0;3;0;1;1;2;0;0;0;3;1;0;0;0;1;
NOH
Lance Thomas;F;22:18;1;2;0;0;0;0;1;0;1;0;1;0;1;2;2;
Anthony Davis;F;33:50;5;14;0;0;0;0;4;5;9;1;0;1;0;2;10;
Robin Lopez;C;37:58;11;16;0;0;2;2;4;7;11;1;2;6;0;4;24;
Austin Rivers;G;29:23;3;12;0;0;1;2;2;5;7;1;0;0;1;2;7;
Greivis Vasquez;G;35:37;6;17;1;4;1;1;1;3;4;8;1;0;2;4;14;
Ryan Anderson;;26:14;2;9;2;5;0;0;0;1;1;1;2;1;1;4;6;
Roger Mason Jr.;;15:30;2;3;0;1;0;0;0;2;2;1;1;0;3;2;4;
Dominic McGuire;;6:43;0;0;0;0;0;0;0;1;1;2;1;0;0;1;0;
Brian Roberts;;12:23;1;4;1;1;0;0;0;1;1;3;2;1;3;0;3;
Xavier Henry;;20:04;2;5;0;0;1;2;3;2;5;0;0;1;1;3;5;
