11-14;UTA-BOS;93-98;
25-20;21-24;24-29;23-25;
UTA
Marvin Williams;F;25:21;2;6;1;2;2;2;1;1;2;1;0;2;0;0;7;
Paul Millsap;F;40:24;9;21;0;1;2;4;3;9;12;4;1;2;2;4;20;
Al Jefferson;C;34:38;6;12;0;1;1;2;4;10;14;3;0;0;3;2;13;
Gordon Hayward;G;31:21;5;9;2;2;2;2;4;2;6;3;0;1;0;3;14;
Mo Williams;G;38:29;6;19;2;6;0;1;0;1;1;5;0;1;4;1;14;
Derrick Favors;;25:58;2;5;0;0;10;14;5;4;9;1;1;0;0;2;14;
Randy Foye;;22:28;2;6;2;3;3;3;0;1;1;1;1;0;0;2;9;
Enes Kanter;;11:51;1;4;0;0;0;0;1;2;3;0;0;0;2;2;2;
Jamaal Tinsley;;9:31;0;0;0;0;0;0;0;0;0;0;0;0;1;3;0;
BOS
Paul Pierce;F;29:13;7;17;3;7;6;7;0;2;2;2;2;1;2;1;23;
Brandon Bass;F;32:11;4;8;0;0;0;0;0;3;3;0;0;2;0;3;8;
Kevin Garnett;C;29:40;4;10;0;0;3;4;0;8;8;4;2;1;0;2;11;
Jason Terry;G;21:53;0;1;0;0;3;3;0;2;2;2;1;0;3;2;3;
Rajon Rondo;G;25:18;3;9;0;1;0;0;1;2;3;10;1;0;0;1;6;
Chris Wilcox;;18:20;3;3;0;0;1;2;1;4;5;0;1;0;1;1;7;
Jeff Green;;27:17;5;9;0;0;6;7;1;3;4;2;0;0;2;2;16;
Jared Sullinger;;15:49;1;1;0;0;0;0;1;1;2;0;0;0;0;3;2;
Courtney Lee;;17:37;3;6;0;1;0;0;0;2;2;1;1;0;1;1;6;
Leandro Barbosa;;22:42;6;8;1;1;3;6;0;2;2;3;0;0;0;1;16;
