01-04;CHI-MIA;96-89;
26-22;23-26;26-18;21-23;
CHI
Luol Deng;F;43:22;2;9;0;2;2;2;1;3;4;5;2;0;0;2;6;
Carlos Boozer;F;42:09;12;17;0;0;3;5;6;6;12;1;0;1;3;1;27;
Joakim Noah;C;36:31;5;11;0;0;3;4;6;6;12;4;1;0;3;3;13;
Richard Hamilton;G;17:11;3;6;1;2;0;0;0;2;2;1;0;0;4;2;7;
Kirk Hinrich;G;29:11;3;8;2;5;2;2;0;4;4;8;1;1;3;4;10;
Marco Belinelli;;17:48;3;8;1;3;0;0;0;0;0;0;0;0;1;1;7;
Taj Gibson;;17:20;1;6;0;0;3;4;5;4;9;0;0;0;1;2;5;
Nate Robinson;;18:49;5;9;1;2;2;2;0;0;0;1;3;0;0;2;13;
Jimmy Butler;;17:39;2;6;0;0;4;5;1;4;5;2;0;0;0;3;8;
MIA
LeBron James;F;41:05;8;14;1;5;13;16;0;6;6;2;1;0;2;2;30;
Udonis Haslem;F;20:26;2;3;0;0;0;0;1;2;3;0;2;0;0;3;4;
Chris Bosh;C;37:55;5;12;0;2;4;4;1;4;5;5;1;2;4;4;14;
Dwyane Wade;G;32:52;7;11;1;1;7;9;0;3;3;4;2;0;3;3;22;
Mario Chalmers;G;25:05;2;6;1;3;0;0;0;1;1;3;1;0;1;2;5;
Shane Battier;;25:60;1;6;1;5;0;0;0;1;1;1;1;0;0;2;3;
Joel Anthony;;7:11;0;1;0;0;0;0;0;0;0;0;0;0;0;0;0;
Ray Allen;;23:16;2;3;1;2;0;0;2;3;5;2;0;0;2;4;5;
Norris Cole;;15:56;3;8;0;1;0;2;0;4;4;0;0;0;0;2;6;
Mike Miller;;10:14;0;1;0;1;0;0;0;0;0;0;0;0;0;0;0;
