01-06;WAS-MIA;71-99;
19-27;25-25;16-17;11-30;
WAS
Martell Webster;F;25:14;4;11;1;6;1;2;1;5;6;0;2;0;1;4;10;
Nene;F;22:11;1;6;0;0;3;5;2;4;6;0;0;0;1;3;5;
Emeka Okafor;C;18:58;2;6;0;0;1;2;3;6;9;2;1;0;0;0;5;
Bradley Beal;G;34:16;4;14;1;3;0;3;0;3;3;4;2;0;1;1;9;
Garrett Temple;G;31:41;0;7;0;3;0;0;1;2;3;7;1;0;3;2;0;
Kevin Seraphin;;30:52;6;15;0;0;2;2;1;2;3;2;0;1;0;0;14;
Cartier Martin;;25:34;5;8;3;6;0;0;1;2;3;2;0;0;0;3;13;
Jordan Crawford;;14:54;1;7;0;2;0;0;0;2;2;3;0;0;0;0;2;
Shelvin Mack;;16:55;3;4;1;1;0;0;1;1;2;0;1;0;1;1;7;
Jan Vesely;;17:39;3;3;0;0;0;0;0;2;2;0;0;1;1;1;6;
Chris Singleton;;1:46;0;0;0;0;0;0;0;0;0;0;0;0;0;0;0;
MIA
LeBron James;F;34:57;9;17;2;3;4;4;1;1;2;7;0;1;1;0;24;
Udonis Haslem;F;28:40;1;4;0;0;0;0;2;10;12;2;3;0;0;2;2;
Chris Bosh;C;31:52;6;11;0;0;5;5;1;8;9;2;0;4;1;2;17;
Dwyane Wade;G;29:13;7;14;0;1;0;1;1;6;7;1;1;1;2;2;14;
Mario Chalmers;G;25:03;1;7;1;5;2;2;0;4;4;2;1;0;3;1;5;
Shane Battier;;17:43;0;5;0;5;0;0;1;0;1;1;0;0;1;0;0;
Ray Allen;;24:15;8;12;3;4;1;1;3;3;6;0;1;1;0;1;20;
Joel Anthony;;5:02;0;0;0;0;0;0;0;1;1;0;0;0;0;0;0;
Norris Cole;;19:38;2;7;0;0;0;0;1;2;3;4;0;0;1;3;4;
Mike Miller;;21:51;4;5;2;3;3;3;0;4;4;1;0;1;0;1;13;
James Jones;;1:46;0;0;0;0;0;0;0;1;1;0;0;0;0;0;0;
