11-07;MEM-MIL;108-90;
23-22;33-21;25-25;27-22;
MEM
Rudy Gay;F;34:45;7;20;0;3;3;4;1;4;5;2;2;0;3;1;17;
Zach Randolph;F;36:16;7;12;0;0;4;5;4;9;13;1;1;0;3;1;18;
Marc Gasol;C;36:42;5;8;0;0;4;6;3;6;9;5;1;1;1;3;14;
Tony Allen;G;16:36;3;6;0;1;0;0;0;5;5;0;1;2;3;4;6;
Mike Conley;G;32:55;5;9;0;3;3;3;0;2;2;12;0;0;2;1;13;
Wayne Ellington;;18:28;2;3;1;2;0;0;1;2;3;2;0;0;0;2;5;
Marreese Speights;;21:59;9;13;0;0;0;1;1;8;9;1;0;2;1;4;18;
Jerryd Bayless;;13:05;3;4;2;3;0;0;0;1;1;3;1;0;0;2;8;
Quincy Pondexter;;23:08;3;6;3;4;0;0;1;1;2;1;1;0;0;2;9;
Tony Wroten;;3:05;0;1;0;0;0;0;0;0;0;0;0;0;0;0;0;
Josh Selby;;3:05;0;1;0;0;0;0;0;0;0;1;0;0;1;0;0;
MIL
Tobias Harris;F;24:19;3;7;0;0;2;2;3;3;6;1;0;1;0;2;8;
Ersan Ilyasova;F;20:59;3;7;1;2;0;2;0;4;4;1;0;0;0;2;7;
Samuel Dalembert;C;15:22;2;2;0;0;0;0;1;2;3;0;1;2;1;1;4;
Monta Ellis;G;36:26;5;18;1;5;4;6;0;4;4;7;2;1;0;2;15;
Brandon Jennings;G;36:43;6;20;2;4;5;5;1;2;3;5;4;0;2;1;19;
Mike Dunleavy;;23:42;4;10;2;3;0;0;0;2;2;2;1;0;1;2;10;
Larry Sanders;;26:26;4;8;0;0;2;2;5;6;11;3;1;3;4;4;10;
Doron Lamb;;16:39;1;5;0;0;0;0;0;0;0;2;0;0;1;0;2;
Ekpe Udoh;;10:01;0;1;0;0;0;0;1;0;1;0;0;0;0;1;0;
John Henson;;17:00;1;5;0;0;1;4;3;0;3;1;1;2;1;3;3;
Joel Przybilla;;6:12;1;2;0;0;0;0;1;2;3;0;0;0;0;0;2;
Marquis Daniels;;6:12;5;6;0;1;0;0;1;0;1;0;0;0;0;0;10;
