01-13;MIL-TOR;107-96;
16-34;31-15;27-29;33-18;
MIL
Luc Mbah a Moute;F;17:41;4;5;0;1;0;0;1;1;2;1;0;0;0;1;8;
Ersan Ilyasova;F;25:39;3;6;1;2;2;2;0;5;5;1;1;0;2;4;9;
Larry Sanders;C;27:56;4;6;0;0;3;6;3;5;8;1;0;2;1;4;11;
Monta Ellis;G;33:46;7;17;1;3;2;2;0;1;1;3;1;1;2;4;17;
Brandon Jennings;G;31:43;5;13;2;5;7;7;2;2;4;10;0;0;2;2;19;
Ekpe Udoh;;20:04;1;2;0;0;0;0;0;2;2;1;0;1;0;4;2;
Beno Udrih;;16:17;2;5;1;2;0;0;1;1;2;7;0;0;2;0;5;
John Henson;;22:21;8;13;0;1;3;4;1;5;6;0;0;2;2;3;19;
Mike Dunleavy;;30:19;5;8;3;4;2;2;0;2;2;5;0;0;1;3;15;
Marquis Daniels;;14:14;1;2;0;1;0;0;0;0;0;0;3;0;0;0;2;
TOR
Landry Fields;F;29:11;1;5;0;1;1;2;1;0;1;2;0;0;1;4;3;
Ed Davis;F;36:28;8;12;0;0;4;7;7;5;12;2;1;0;1;5;20;
Amir Johnson;C;43:53;9;16;0;0;4;4;5;9;14;4;3;2;4;4;22;
DeMar DeRozan;G;37:20;7;19;0;2;9;10;2;3;5;2;0;0;1;4;23;
Jose Calderon;G;31:06;9;15;3;4;0;0;0;2;2;8;1;0;0;1;21;
Alan Anderson;;28:33;2;10;0;5;1;2;1;1;2;1;1;0;3;2;5;
Quincy Acy;;13:12;0;3;0;0;2;2;1;1;2;0;0;0;1;1;2;
Kyle Lowry;;16:54;0;4;0;1;0;0;0;2;2;6;1;0;1;0;0;
Terrence Ross;;3:23;0;1;0;0;0;0;0;0;0;0;0;0;3;0;0;
