01-01;DAL-WAS;103-94;
23-29;25-23;35-19;20-23;
DAL
Vince Carter;F;29:48;9;14;2;5;3;4;1;3;4;2;1;0;2;4;23;
Shawn Marion;F;30:28;5;7;1;1;0;0;3;11;14;4;1;0;2;5;11;
Chris Kaman;C;26:03;6;11;0;0;0;0;0;7;7;1;1;3;1;4;12;
O.J. Mayo;G;35:47;6;10;3;4;0;0;1;0;1;5;2;0;0;3;15;
Darren Collison;G;38:54;4;13;1;4;6;7;0;3;3;8;0;0;1;2;15;
Jae Crowder;;9:33;0;0;0;0;0;2;0;0;0;0;0;0;1;0;0;
Dirk Nowitzki;;16:59;5;7;1;2;0;0;0;2;2;1;0;0;1;2;11;
Elton Brand;;21:17;2;8;0;0;0;0;2;6;8;1;0;1;0;2;4;
Chris Douglas-Roberts;;7:04;0;1;0;0;2;2;0;1;1;1;0;0;0;0;2;
Rodrigue Beaubois;;9:25;2;6;1;4;0;2;0;0;0;2;0;0;1;1;5;
Dahntay Jones;;14:43;2;5;1;2;0;0;1;1;2;0;1;0;1;2;5;
WAS
Martell Webster;F;30:43;4;11;2;8;4;4;2;4;6;1;0;0;3;0;14;
Nene;F;25:10;2;10;0;0;3;3;1;4;5;3;1;1;2;3;7;
Emeka Okafor;C;26:44;5;10;0;0;4;6;5;6;11;1;0;0;2;3;14;
Bradley Beal;G;35:06;7;16;4;7;4;7;2;2;4;2;0;1;2;2;22;
Garrett Temple;G;23:29;1;6;1;4;3;4;1;2;3;3;1;1;1;4;6;
Jan Vesely;;16:03;1;2;0;0;0;0;0;4;4;0;0;0;0;1;2;
Kevin Seraphin;;24:43;4;8;0;0;2;2;0;2;2;2;0;1;1;3;10;
Shelvin Mack;;24:31;3;5;1;2;0;0;1;2;3;6;0;0;0;4;7;
Jordan Crawford;;23:41;4;9;1;3;0;0;0;2;2;4;0;0;3;3;9;
Cartier Martin;;9:50;1;2;1;2;0;0;0;4;4;1;1;0;0;0;3;
