02-04;CHA-MIA;94-99;
21-22;22-25;20-19;31-33;
CHA
Jeff Taylor;F;28:23;4;8;2;5;0;0;0;2;2;0;1;1;0;4;10;
Jeff Adrien;F;14:46;4;7;0;0;0;1;0;3;3;1;0;1;2;2;8;
Bismack Biyombo;C;23:23;1;4;0;0;0;0;4;5;9;1;0;1;2;3;2;
Gerald Henderson;G;37:38;5;11;0;1;2;2;3;4;7;1;2;0;1;2;12;
Kemba Walker;G;22:01;4;9;1;4;2;2;2;1;3;3;2;0;3;5;11;
Ramon Sessions;;35:46;4;9;0;1;10;10;0;3;3;2;1;1;2;2;18;
Byron Mullens;;28:07;5;14;2;5;0;0;2;7;9;1;2;1;2;1;12;
Ben Gordon;;27:48;6;16;2;7;2;3;1;0;1;4;0;0;1;4;16;
Reggie Williams;;13:15;1;2;1;2;0;0;0;2;2;0;0;0;0;0;3;
Brendan Haywood;;8:54;0;0;0;0;2;2;0;1;1;0;0;0;0;1;2;
MIA
LeBron James;F;38:00;13;14;0;0;5;6;0;8;8;8;2;0;5;1;31;
Udonis Haslem;F;17:56;1;2;0;0;0;0;1;3;4;1;0;0;0;2;2;
Chris Bosh;C;29:57;11;18;0;0;1;3;2;2;4;1;1;0;0;3;23;
Dwyane Wade;G;37:57;7;19;0;1;6;10;6;6;12;4;1;2;5;3;20;
Mario Chalmers;G;21:05;1;6;0;3;1;1;0;1;1;2;0;1;0;3;3;
Chris Andersen;;15:33;2;3;0;0;0;1;1;5;6;1;1;0;1;1;4;
Shane Battier;;24:10;2;5;1;4;0;0;1;1;2;0;0;0;0;1;5;
Ray Allen;;26:09;2;8;0;4;3;3;0;0;0;1;1;2;0;2;7;
Norris Cole;;29:13;2;6;0;0;0;0;1;1;2;5;0;0;0;2;4;
