12-18;NOH-GSW;96-103;
21-31;29-28;22-23;24-21;
NOH
Lance Thomas;F;20:21;2;2;0;0;0;0;0;3;3;0;0;0;1;3;4;
Anthony Davis;F;38:58;4;7;0;0;7;7;5;11;16;1;4;1;3;4;15;
Robin Lopez;C;14:42;3;5;0;0;0;0;0;1;1;0;1;0;1;4;6;
Austin Rivers;G;31:22;6;11;0;3;0;0;0;2;2;4;0;0;3;4;12;
Greivis Vasquez;G;34:21;8;13;4;5;0;0;0;5;5;11;3;0;4;1;20;
Ryan Anderson;;40:42;8;22;4;14;8;8;0;0;0;0;1;0;1;3;28;
Dominic McGuire;;25:42;2;3;0;0;0;0;2;4;6;3;0;1;0;2;4;
Roger Mason Jr.;;16:43;1;5;0;2;2;2;0;0;0;1;2;1;1;1;4;
Brian Roberts;;13:39;1;7;1;3;0;0;0;0;0;3;0;0;0;2;3;
Al-Farouq Aminu;;3:30;0;0;0;0;0;0;0;0;0;0;0;0;0;0;0;
GSW
Harrison Barnes;F;19:23;0;5;0;1;0;0;0;2;2;1;0;1;0;1;0;
David Lee;F;37:44;10;16;0;0;6;7;3;6;9;4;1;1;2;4;26;
Festus Ezeli;C;10:56;1;2;0;0;0;2;3;3;6;2;0;0;1;0;2;
Klay Thompson;G;35:10;5;15;3;8;6;6;0;4;4;2;3;0;1;2;19;
Stephen Curry;G;39:17;5;13;1;3;2;2;2;3;5;3;0;0;2;2;13;
Draymond Green;;23:42;2;4;0;1;2;2;2;4;6;2;3;0;1;1;6;
Jarrett Jack;;33:46;4;10;1;3;7;8;1;2;3;10;0;0;2;2;16;
Carl Landry;;25:39;5;8;0;0;6;7;5;4;9;1;1;0;3;3;16;
Charles Jenkins;;8:52;2;5;1;2;0;0;0;0;0;0;0;0;2;0;5;
Richard Jefferson;;5:28;0;0;0;0;0;0;0;0;0;0;0;0;0;0;0;
Kent Bazemore;;0:05;0;0;0;0;0;0;0;0;0;0;0;0;0;0;0;
