01-14;ORL-WAS;91-120;
22-28;31-31;24-37;14-24;
ORL
DeQuan Jones;F;20:05;3;5;0;0;0;0;0;2;2;0;0;0;2;0;6;
Andrew Nicholson;F;15:38;3;8;0;0;0;0;1;1;2;0;1;0;1;4;6;
Nikola Vucevic;C;33:03;6;10;0;0;1;2;3;10;13;1;1;0;1;4;13;
Arron Afflalo;G;37:06;1;11;0;1;0;0;0;2;2;3;1;0;0;2;2;
Jameer Nelson;G;34:10;6;17;3;7;4;4;0;2;2;12;3;0;4;2;19;
JJ Redick;;21:17;4;8;2;6;2;2;1;0;1;4;0;0;0;0;12;
Glen Davis;;17:44;6;8;0;0;1;2;1;3;4;1;0;2;1;1;13;
Kyle O'Quinn;;7:48;2;3;0;0;0;0;1;3;4;0;0;0;0;1;4;
Maurice Harkless;;10:54;2;4;0;1;0;0;1;0;1;0;0;0;1;1;4;
Josh McRoberts;;12:52;2;4;0;0;1;2;3;2;5;0;0;0;0;0;5;
Ish Smith;;13:50;1;4;0;2;0;0;0;1;1;2;1;1;3;1;2;
E'Twaun Moore;;15:33;1;5;0;1;3;3;0;1;1;0;0;0;1;0;5;
WAS
Martell Webster;F;19:02;2;3;1;2;3;3;0;2;2;3;2;0;2;4;8;
Nene;F;15:46;1;4;0;0;0;0;0;3;3;0;0;0;0;1;2;
Emeka Okafor;C;27:25;8;13;0;0;3;4;2;9;11;2;0;1;1;1;19;
Bradley Beal;G;29:42;7;10;1;1;2;2;1;1;2;2;1;0;2;2;17;
A.J. Price;G;28:11;5;9;3;5;5;6;1;0;1;6;2;0;1;1;18;
Kevin Seraphin;;28:13;8;15;0;0;2;2;1;4;5;4;0;3;2;5;18;
John Wall;;19:49;3;8;0;0;6;6;1;0;1;6;1;0;2;0;12;
Trevor Ariza;;24:38;4;7;1;2;0;0;0;5;5;2;1;2;1;0;9;
Jan Vesely;;24:36;5;7;0;0;0;2;2;5;7;4;1;0;0;5;10;
Garrett Temple;;18:18;3;5;1;1;0;0;0;4;4;3;0;0;0;2;7;
Chris Singleton;;4:20;0;1;0;0;0;0;1;0;1;0;0;0;0;0;0;
