03-07;OKC-NYK;95-94;
35-26;24-30;16-25;20-13;
OKC
Serge Ibaka;F;40:00;5;7;0;1;2;2;2;7;9;0;0;5;2;5;12;
Kevin Durant;F;44:24;9;20;2;6;14;15;0;8;8;6;0;1;7;1;34;
Kendrick Perkins;C;20:07;1;3;0;0;0;0;1;7;8;0;0;1;0;3;2;
Thabo Sefolosha;G;30:30;1;2;0;1;0;0;1;0;1;0;2;1;1;1;2;
Russell Westbrook;G;36:10;8;22;1;4;4;6;1;5;6;5;2;0;5;3;21;
Kevin Martin;;32:24;4;6;3;5;5;6;0;4;4;4;2;0;0;0;16;
Nick Collison;;10:01;0;1;0;0;0;0;1;1;2;1;0;0;0;2;0;
Derek Fisher;;14:34;0;4;0;2;0;0;0;2;2;0;1;0;1;1;0;
Reggie Jackson;;11:50;3;5;2;2;0;0;1;1;2;0;1;0;0;1;8;
NYK
Kurt Thomas;F;5:04;1;2;0;0;0;0;0;2;2;0;0;0;0;0;2;
James White;F;12:21;2;5;2;3;0;0;0;0;0;0;0;0;0;1;6;
Tyson Chandler;C;35:17;3;4;0;0;3;3;3;7;10;1;1;0;4;3;9;
Raymond Felton;G;38:09;6;16;1;8;3;3;0;1;1;3;1;0;4;2;16;
Iman Shumpert;G;26:56;1;7;0;4;0;0;0;1;1;0;1;0;0;3;2;
Amar'e Stoudemire;;28:55;5;16;0;0;6;6;6;2;8;0;0;2;0;2;16;
J.R. Smith;;36:11;14;29;6;13;2;2;0;3;3;3;3;0;2;3;36;
Jason Kidd;;26:49;0;2;0;1;0;0;1;9;10;3;2;1;1;0;0;
Steve Novak;;13:18;1;2;1;2;0;0;1;1;2;0;1;0;1;1;3;
Kenyon Martin;;16:60;2;3;0;0;0;0;1;0;1;0;1;0;1;6;4;
