02-02;UTA-POR;99-105;
23-24;23-19;21-29;32-33;
UTA
Marvin Williams;F;32:29;7;13;1;3;0;0;2;4;6;2;2;0;0;4;15;
Paul Millsap;F;36:47;7;16;0;1;4;4;4;4;8;5;1;0;0;5;18;
Al Jefferson;C;32:55;6;13;0;0;0;0;0;6;6;5;0;1;0;2;12;
Randy Foye;G;36:53;7;15;6;12;3;4;0;0;0;3;2;0;0;1;23;
Jamaal Tinsley;G;32:57;2;8;0;2;2;2;0;3;3;6;0;0;2;3;6;
Derrick Favors;;21:22;4;7;0;0;1;2;3;4;7;1;1;0;1;3;9;
Alec Burks;;18:51;1;6;1;1;2;2;0;2;2;1;1;0;0;1;5;
Enes Kanter;;12:13;0;7;0;0;0;0;1;3;4;0;0;0;0;1;0;
DeMarre Carroll;;15:35;5;5;0;0;1;2;0;1;1;1;2;1;1;2;11;
POR
Nicolas Batum;F;38:52;4;7;2;4;2;3;1;9;10;9;0;1;4;3;12;
LaMarcus Aldridge;F;41:37;8;18;0;0;2;6;3;8;11;1;0;2;3;1;18;
JJ Hickson;C;36:24;6;11;0;0;9;11;3;8;11;2;1;1;2;2;21;
Victor Claver;G;17:56;1;4;1;1;0;0;2;1;3;1;0;0;0;1;3;
Damian Lillard;G;40:22;9;17;3;5;2;2;0;3;3;8;0;0;4;3;23;
Luke Babbitt;;24:03;2;5;2;4;2;2;0;5;5;0;0;1;1;3;8;
Meyers Leonard;;6:22;0;0;0;0;0;0;0;2;2;0;0;0;1;2;0;
Nolan Smith;;18:15;5;7;2;3;1;2;1;0;1;2;1;0;1;2;13;
Will Barton;;16:09;3;6;0;1;1;2;0;3;3;2;0;1;0;0;7;
