02-06;SAS-MIN;104-94;
21-23;26-18;21-23;36-30;
SAS
Kawhi Leonard;F;31:00;7;13;2;3;3;3;1;9;10;1;2;1;0;3;19;
Boris Diaw;F;25:56;1;6;0;3;0;0;0;1;1;1;2;1;1;2;2;
Tiago Splitter;C;24:27;3;5;0;0;6;6;3;4;7;2;1;1;4;4;12;
Danny Green;G;32:21;9;14;8;12;2;3;1;2;3;3;3;0;2;2;28;
Tony Parker;G;35:09;11;23;0;1;9;9;1;4;5;8;2;0;2;0;31;
Gary Neal;;14:58;2;8;0;3;0;0;0;2;2;1;0;0;0;0;4;
Stephen Jackson;;16:47;2;4;0;2;0;0;0;4;4;0;1;0;2;2;4;
Matt Bonner;;23:29;1;2;0;1;0;0;0;3;3;1;0;1;0;1;2;
DeJuan Blair;;10:55;1;4;0;0;0;0;1;3;4;1;1;0;0;2;2;
Nando De Colo;;12:49;0;1;0;0;0;0;0;1;1;6;1;0;1;1;0;
Aron Baynes;;10:51;0;1;0;0;0;0;0;0;0;0;0;1;1;3;0;
Patty Mills;;1:18;0;0;0;0;0;0;0;1;1;0;0;0;0;2;0;
MIN
Mickael Gelabale;F;33:44;4;7;2;3;0;0;2;1;3;0;0;0;0;2;10;
Derrick Williams;F;27:52;5;12;2;5;3;4;1;11;12;0;0;0;1;1;15;
Nikola Pekovic;C;35:17;5;9;0;0;11;12;4;6;10;0;0;1;4;2;21;
Luke Ridnour;G;27:36;4;7;0;0;2;2;0;5;5;1;2;0;2;3;10;
Ricky Rubio;G;36:33;3;13;0;1;3;4;0;4;4;11;3;0;3;4;9;
Jose Juan Barea;;24:41;6;15;3;5;0;0;0;4;4;2;1;0;1;3;15;
Alexey Shved;;17:34;3;9;1;4;0;0;2;2;4;2;0;1;2;0;7;
Dante Cunningham;;25:50;2;7;0;0;0;0;2;4;6;0;1;1;1;2;4;
Greg Stiemsma;;10:53;1;2;0;0;1;1;1;0;1;0;0;2;1;2;3;
