01-08;LAL-HOU;112-125;
34-28;28-31;26-38;24-28;
LAL
Kobe Bryant;F;41:26;8;22;2;8;2;2;2;3;5;7;3;0;5;3;20;
Metta World Peace;F;29:10;9;14;4;5;2;2;2;4;6;0;4;0;5;4;24;
Robert Sacre;C;27:32;4;10;0;0;2;2;0;3;3;1;0;4;0;4;10;
Darius Morris;G;17:02;5;7;2;2;0;0;1;1;2;2;0;0;1;2;12;
Steve Nash;G;33:55;6;10;0;3;4;4;1;4;5;10;0;0;2;1;16;
Antawn Jamison;;24:15;3;7;1;4;0;0;0;2;2;0;1;0;0;2;7;
Jodie Meeks;;32:01;4;10;3;7;1;1;1;2;3;1;1;0;1;2;12;
Earl Clark;;20:34;2;8;0;0;1;2;2;7;9;3;0;1;0;2;5;
Chris Duhon;;14:05;2;3;2;2;0;0;0;2;2;1;1;0;2;1;6;
HOU
Chandler Parsons;F;42:49;8;13;2;2;2;2;1;4;5;3;1;1;2;1;20;
Marcus Morris;F;19:49;4;8;0;1;1;1;1;1;2;1;1;0;1;2;9;
Omer Asik;C;21:42;1;2;0;0;0;2;1;4;5;1;0;2;1;2;2;
James Harden;G;39:31;11;19;1;4;8;8;0;6;6;9;0;0;4;2;31;
Jeremy Lin;G;34:49;7;13;2;6;3;6;0;6;6;5;4;0;7;3;19;
Toney Douglas;;28:25;4;9;1;4;2;2;1;4;5;3;0;0;2;3;11;
Patrick Patterson;;18:39;4;5;0;1;1;1;2;2;4;0;0;1;0;0;9;
Greg Smith;;8:22;1;3;0;0;1;1;1;2;3;0;0;0;0;1;3;
Carlos Delfino;;23:16;7;14;5;7;0;0;2;4;6;3;2;0;1;1;19;
James Anderson;;1:19;0;0;0;0;0;0;0;0;0;1;0;0;0;0;0;
Donatas Motiejunas;;1:19;1;1;0;0;0;0;0;0;0;0;0;0;0;0;2;
