02-13;CHI-BOS;69-71;
15-24;21-11;13-8;20-28;
CHI
Luol Deng;F;34:58;4;10;0;2;0;0;2;3;5;0;1;1;1;1;8;
Carlos Boozer;F;34:20;5;14;0;0;1;1;3;8;11;0;0;0;3;3;11;
Joakim Noah;C;43:27;3;8;0;0;4;5;2;14;16;2;1;2;5;3;10;
Richard Hamilton;G;18:10;1;6;0;1;0;1;0;1;1;2;0;0;2;2;2;
Nate Robinson;G;29:08;2;7;1;4;1;2;0;3;3;6;2;0;1;3;6;
Jimmy Butler;;25:44;4;11;0;2;3;4;4;2;6;0;1;1;4;1;11;
Taj Gibson;;15:50;2;3;0;1;0;0;1;2;3;1;0;0;2;3;4;
Marquis Teague;;18:52;2;6;0;2;1;2;0;2;2;3;0;0;1;1;5;
Marco Belinelli;;19:27;4;9;2;5;2;2;1;1;2;1;0;0;1;2;12;
Daequan Cook;;0:04;0;0;0;0;0;0;0;0;0;0;0;0;0;0;0;
BOS
Paul Pierce;F;33:42;2;12;2;5;2;4;1;5;6;6;1;0;3;2;8;
Brandon Bass;F;40:06;6;13;0;0;2;2;2;7;9;2;1;1;2;4;14;
Kevin Garnett;C;26:05;6;12;0;0;0;0;4;7;11;3;1;0;0;2;12;
Avery Bradley;G;25:57;4;12;0;1;2;2;1;1;2;1;2;0;1;6;10;
Courtney Lee;G;27:41;3;7;1;1;0;0;0;0;0;0;2;0;0;2;7;
Jeff Green;;36:29;2;8;0;4;4;4;0;5;5;2;0;2;2;1;8;
Jason Collins;;13:07;0;1;0;0;0;0;0;3;3;1;1;0;0;2;0;
Jason Terry;;25:50;5;11;2;4;0;0;0;1;1;3;1;1;1;1;12;
Chris Wilcox;;11:04;0;0;0;0;0;0;0;2;2;0;0;0;1;1;0;
