03-08;DAL-DET;102-99;
22-17;28-25;26-29;26-28;
DAL
Jae Crowder;F;25:41;1;3;0;2;0;2;0;0;0;5;1;0;0;1;2;
Dirk Nowitzki;F;31:22;6;14;0;1;0;0;0;7;7;2;0;0;2;2;12;
Chris Kaman;C;14:37;5;7;0;0;0;2;0;6;6;3;1;0;3;4;10;
O.J. Mayo;G;34:52;7;15;5;9;3;4;1;4;5;3;1;0;0;0;22;
Mike James;G;28:35;4;8;4;6;0;0;0;1;1;3;0;0;3;3;12;
Elton Brand;;30:58;4;6;0;0;1;2;1;5;6;3;1;1;0;2;9;
Darren Collison;;28:47;3;9;0;2;5;5;0;3;3;8;0;0;2;1;11;
Brandan Wright;;18:50;7;10;0;0;0;0;2;4;6;2;1;3;0;0;14;
Vince Carter;;26:18;4;6;2;2;0;0;0;7;7;0;1;1;2;2;10;
DET
Kyle Singler;F;27:40;3;11;1;6;2;3;1;3;4;0;3;1;1;3;9;
Jason Maxiell;F;34:05;4;10;0;0;4;6;6;7;13;0;1;1;0;3;12;
Greg Monroe;C;33:56;5;13;0;1;4;5;0;10;10;4;1;0;2;0;14;
Brandon Knight;G;31:43;9;17;2;6;1;1;1;2;3;3;0;0;1;3;21;
Jose Calderon;G;35:19;3;8;1;5;0;0;1;5;6;7;0;0;0;2;7;
Rodney Stuckey;;12:51;0;1;0;0;1;2;0;0;0;1;0;0;0;1;1;
Jonas Jerebko;;14:11;2;9;1;2;0;0;3;2;5;2;1;0;1;3;5;
Will Bynum;;16:07;2;6;0;0;0;0;1;2;3;0;0;1;4;0;4;
Khris Middleton;;20:20;6;12;2;5;0;1;2;3;5;1;1;0;1;4;14;
Charlie Villanueva;;13:48;5;9;2;5;0;1;3;0;3;1;0;0;0;1;12;
