11-30;CLE-ATL;113-111;
27-29;29-38;26-24;31-20;
CLE
Alonzo Gee;F;32:14;4;12;1;4;4;5;1;4;5;1;0;0;6;5;13;
Tristan Thompson;F;32:50;3;7;0;0;0;0;6;9;15;1;2;1;0;4;6;
Anderson Varejao;C;35:02;7;12;0;0;6;6;7;11;18;3;0;0;2;2;20;
Dion Waiters;G;29:39;6;16;2;7;7;7;0;1;1;7;0;0;4;3;21;
Jeremy Pargo;G;31:06;9;13;2;4;2;2;0;1;1;2;2;0;4;2;22;
Daniel Gibson;;27:33;3;10;3;5;0;0;0;1;1;3;2;0;0;3;9;
Tyler Zeller;;25:13;4;6;0;0;2;2;2;1;3;2;0;2;2;4;10;
Donald Sloan;;11:05;2;4;0;0;0;0;1;1;2;1;0;0;0;1;4;
Samardo Samuels;;2:37;0;0;0;0;0;0;0;0;0;0;0;0;0;0;0;
Omri Casspi;;12:42;3;5;2;3;0;0;1;2;3;1;2;0;0;1;8;
ATL
DeShawn Stevenson;F;30:36;4;6;4;6;0;0;0;1;1;4;0;0;0;2;12;
Josh Smith;F;33:30;9;19;2;2;5;9;3;5;8;3;2;3;3;4;25;
Al Horford;C;41:44;6;12;0;0;3;5;4;7;11;5;0;1;3;3;15;
Devin Harris;G;33:49;5;9;0;2;3;3;0;1;1;4;2;0;1;3;13;
Jeff Teague;G;38:11;4;11;1;2;6;8;0;0;0;7;6;0;4;1;15;
Lou Williams;;25:50;5;10;3;5;5;5;1;2;3;0;0;0;0;2;18;
Anthony Morrow;;6:08;2;3;1;2;0;0;0;0;0;0;1;0;0;2;5;
Zaza Pachulia;;21:13;1;5;0;0;0;0;2;0;2;1;0;1;1;1;2;
Ivan Johnson;;8:59;2;3;1;1;1;2;0;2;2;1;1;0;0;0;6;
