03-14;NYK-POR;90-105;
30-22;18-29;14-27;28-27;
NYK
Chris Copeland;F;20:50;3;8;2;4;1;2;0;1;1;0;1;0;2;3;9;
Kenyon Martin;F;30:44;6;10;0;0;0;0;1;3;4;1;1;1;0;4;12;
Kurt Thomas;C;24:03;3;3;0;0;0;0;1;6;7;3;0;1;0;4;6;
Iman Shumpert;G;23:05;3;9;0;1;0;0;1;3;4;1;0;0;1;2;6;
Raymond Felton;G;29:24;4;12;0;2;3;3;2;1;3;3;3;0;2;0;11;
J.R. Smith;;35:19;11;21;4;8;7;10;0;3;3;2;0;0;4;3;33;
Marcus Camby;;19:02;4;6;0;0;0;2;3;7;10;3;0;0;0;1;8;
Jason Kidd;;33:48;1;8;1;7;0;0;0;2;2;2;1;0;2;0;3;
Steve Novak;;9:11;0;2;0;2;0;0;0;1;1;0;0;0;0;1;0;
Pablo Prigioni;;14:34;1;3;0;1;0;0;3;2;5;5;4;0;1;3;2;
POR
Nicolas Batum;F;38:53;6;10;4;7;0;1;1;3;4;6;2;1;3;4;16;
LaMarcus Aldridge;F;44:21;8;15;0;0;6;6;0;10;10;2;1;5;1;2;22;
JJ Hickson;C;34:10;5;14;0;0;2;4;6;10;16;1;0;0;4;1;12;
Wesley Matthews;G;41:01;4;10;2;7;4;4;1;4;5;1;2;0;3;2;14;
Damian Lillard;G;40:11;11;18;4;11;0;1;1;1;2;10;2;0;1;3;26;
Meyers Leonard;;12:21;0;0;0;0;0;0;0;3;3;1;0;0;0;3;0;
Eric Maynor;;18:57;3;7;0;2;2;4;0;0;0;2;1;0;1;0;8;
Will Barton;;10:07;3;4;0;1;1;1;0;4;4;1;0;0;1;1;7;
