02-20;ORL-DAL;96-111;
30-42;23-17;29-24;14-28;
ORL
Maurice Harkless;F;28:28;9;15;1;2;1;4;5;3;8;0;1;1;1;0;20;
Andrew Nicholson;F;30:48;4;11;0;0;2;6;2;5;7;2;0;0;2;1;10;
Nikola Vucevic;C;37:49;7;11;0;0;2;2;3;10;13;2;0;2;1;2;16;
Arron Afflalo;G;39:50;8;15;1;4;4;4;0;5;5;7;0;0;5;2;21;
Jameer Nelson;G;35:27;2;9;1;3;1;2;0;2;2;7;4;0;1;2;6;
JJ Redick;;26:33;3;12;1;5;3;3;0;2;2;3;0;0;1;4;10;
DeQuan Jones;;11:00;1;3;0;1;0;0;0;2;2;0;0;0;0;0;2;
Kyle O'Quinn;;3:59;0;0;0;0;0;0;0;1;1;0;0;0;0;1;0;
E'Twaun Moore;;11:38;2;6;1;1;0;0;0;1;1;1;0;1;0;0;5;
Gustavo Ayon;;11:37;2;2;0;0;0;1;0;2;2;1;0;0;0;1;4;
Ish Smith;;2:51;1;1;0;0;0;0;0;0;0;1;0;0;0;0;2;
DAL
Shawn Marion;F;30:57;7;11;1;2;2;2;2;6;8;2;1;2;3;1;17;
Dirk Nowitzki;F;30:02;4;13;0;2;4;4;0;9;9;4;1;1;0;1;12;
Bernard James;C;13:19;2;5;0;0;2;2;2;2;4;0;0;0;0;2;6;
O.J. Mayo;G;37:02;5;11;3;7;0;0;0;4;4;4;0;2;0;2;13;
Darren Collison;G;33:01;3;10;0;2;3;3;0;0;0;9;2;0;3;1;9;
Vince Carter;;25:33;5;12;4;9;0;0;1;2;3;8;1;0;1;4;14;
Elton Brand;;25:03;6;9;0;0;5;7;1;4;5;0;0;2;0;2;17;
Mike James;;16:59;5;9;2;5;0;0;0;0;0;4;1;0;0;3;12;
Jae Crowder;;13:25;1;2;1;2;0;0;0;3;3;0;0;0;1;2;3;
Dahntay Jones;;1:42;0;0;0;0;0;0;0;0;0;0;0;0;0;0;0;
Brandan Wright;;10:10;4;6;0;0;0;0;1;7;8;0;0;1;1;1;8;
Rodrigue Beaubois;;1:24;0;0;0;0;0;0;0;0;0;0;0;0;0;0;0;
Dominique Jones;;1:24;0;0;0;0;0;0;0;0;0;1;0;0;0;0;0;
