12-20;OKC-MIN;93-99;
18-30;26-23;25-23;24-23;
OKC
Kevin Durant;F;41:13;12;21;1;4;8;8;1;6;7;6;3;0;3;5;33;
Serge Ibaka;F;39:49;6;13;1;1;1;2;2;7;9;0;0;5;1;0;14;
Kendrick Perkins;C;19:38;0;2;0;0;0;0;1;1;2;1;0;0;1;4;0;
Thabo Sefolosha;G;44:01;3;9;1;5;2;3;1;4;5;1;4;0;0;4;9;
Russell Westbrook;G;43:32;9;28;1;6;11;13;4;7;11;9;3;0;8;3;30;
Nick Collison;;18:37;0;1;0;0;0;0;0;6;6;0;0;0;0;1;0;
Reggie Jackson;;24:30;2;6;0;2;0;0;1;1;2;0;0;1;1;5;4;
Hasheem Thabeet;;4:20;0;0;0;0;0;0;1;0;1;0;0;0;0;2;0;
Eric Maynor;;4:20;1;2;1;2;0;0;0;0;0;0;0;0;2;0;3;
MIN
Andrei Kirilenko;F;39:30;3;10;0;1;3;4;3;1;4;2;0;0;5;6;9;
Kevin Love;F;39:40;9;20;4;9;6;8;2;9;11;7;0;2;1;1;28;
Nikola Pekovic;C;37:42;10;18;0;0;4;4;2;8;10;0;1;2;2;2;24;
Alexey Shved;G;33:19;5;10;2;4;0;0;2;5;7;12;1;0;1;4;12;
Luke Ridnour;G;23:14;1;4;0;1;2;2;0;3;3;1;2;0;1;2;4;
Ricky Rubio;;18:13;0;3;0;1;0;0;0;3;3;3;1;0;2;0;0;
Dante Cunningham;;15:09;0;3;0;0;0;0;1;1;2;0;0;1;1;1;0;
Jose Juan Barea;;23:04;7;13;3;4;1;3;2;2;4;2;1;0;2;3;18;
Derrick Williams;;4:59;1;2;0;0;0;2;0;1;1;0;0;0;0;0;2;
Greg Stiemsma;;5:10;1;1;0;0;0;0;0;0;0;0;0;1;0;0;2;
