02-06;HOU-MIA;108-114;
30-32;26-31;27-26;25-25;
HOU
Chandler Parsons;F;35:21;6;9;1;4;0;1;0;1;1;2;0;0;2;5;13;
Patrick Patterson;F;34:39;7;12;1;1;0;0;1;2;3;0;0;0;2;4;15;
Omer Asik;C;34:32;7;11;0;0;1;3;3;11;14;0;1;0;1;4;15;
James Harden;G;40:45;10;16;4;7;12;13;2;10;12;7;3;0;4;3;36;
Jeremy Lin;G;32:15;3;10;1;2;6;6;0;1;1;3;1;1;2;4;13;
Toney Douglas;;15:45;3;7;1;4;0;0;0;3;3;3;1;0;2;2;7;
Cole Aldrich;;5:28;0;1;0;0;0;0;0;1;1;0;0;1;0;0;0;
James Anderson;;28:20;2;7;0;3;2;2;0;2;2;4;0;0;2;4;6;
Marcus Morris;;12:55;1;7;1;4;0;0;2;0;2;0;0;0;1;0;3;
MIA
Shane Battier;F;29:08;4;6;4;6;0;0;0;1;1;3;0;0;1;2;12;
LeBron James;F;36:37;11;18;3;6;7;10;1;5;6;5;0;2;4;2;32;
Udonis Haslem;C;28:25;4;7;0;0;1;1;2;11;13;0;1;0;0;3;9;
Dwyane Wade;G;35:28;9;18;0;1;13;13;1;4;5;8;4;2;2;2;31;
Mario Chalmers;G;26:02;2;5;1;1;0;0;0;0;0;3;1;0;0;1;5;
Chris Andersen;;12:29;1;2;0;0;1;2;1;3;4;0;0;1;0;2;3;
Ray Allen;;20:44;1;8;1;3;2;2;0;0;0;1;1;0;1;0;5;
Norris Cole;;25:10;5;10;0;2;0;0;0;1;1;2;1;0;2;3;10;
Rashard Lewis;;18:52;2;7;1;4;0;0;2;3;5;1;0;1;0;0;5;
Joel Anthony;;7:05;1;1;0;0;0;0;1;2;3;0;1;0;0;1;2;
