02-03;MIA-TOR;100-85;
24-21;20-29;27-17;29-18;
MIA
LeBron James;F;39:44;10;16;1;2;9;11;0;8;8;7;2;0;3;1;30;
Udonis Haslem;F;15:38;2;3;0;0;0;0;2;1;3;0;0;0;0;4;4;
Chris Bosh;C;33:42;12;19;1;1;3;4;0;5;5;0;1;1;3;3;28;
Dwyane Wade;G;31:56;10;18;0;1;3;4;0;5;5;5;3;1;3;3;23;
Mario Chalmers;G;30:08;1;6;0;2;0;0;0;2;2;5;4;0;1;3;2;
Ray Allen;;19:46;0;2;0;2;1;2;0;1;1;2;0;0;2;1;1;
Shane Battier;;33:43;2;5;1;3;0;0;2;3;5;0;0;2;0;2;5;
Chris Andersen;;11:01;0;1;0;0;1;2;3;1;4;0;0;0;0;4;1;
Rashard Lewis;;6:30;1;1;0;0;0;0;0;1;1;0;0;0;0;1;2;
Norris Cole;;17:52;2;4;0;1;0;0;0;0;0;0;0;0;0;1;4;
TOR
Rudy Gay;F;41:43;11;23;1;5;6;7;1;3;4;2;3;1;2;4;29;
Amir Johnson;F;31:08;1;4;0;0;0;0;4;3;7;2;5;2;2;4;2;
Aaron Gray;C;22:39;3;6;0;0;0;4;7;5;12;0;0;0;0;2;6;
DeMar DeRozan;G;44:19;6;17;1;3;14;14;0;3;3;3;0;0;3;2;27;
Kyle Lowry;G;30:57;3;7;1;2;3;4;1;3;4;3;0;0;5;4;10;
Alan Anderson;;33:11;1;7;0;3;2;3;1;2;3;3;0;0;3;3;4;
Terrence Ross;;13:43;1;4;1;3;0;0;0;3;3;1;0;0;0;2;3;
John Lucas III;;17:03;1;6;0;2;0;0;0;1;1;1;2;0;0;1;2;
Jonas Valanciunas;;5:17;1;1;0;0;0;0;0;1;1;0;0;0;0;2;2;
