12-19;OKC-ATL;100-92;
23-20;32-21;18-25;27-26;
OKC
Kevin Durant;F;40:52;14;23;4;8;9;10;1;12;13;3;0;2;6;1;41;
Serge Ibaka;F;33:56;2;9;0;0;0;0;4;10;14;0;0;3;2;2;4;
Kendrick Perkins;C;28:01;1;5;0;0;0;0;1;6;7;0;0;2;1;2;2;
Thabo Sefolosha;G;29:52;3;8;3;5;0;0;2;5;7;1;1;2;0;1;9;
Russell Westbrook;G;38:56;9;21;1;4;8;8;1;2;3;11;2;1;3;2;27;
Kevin Martin;;25:32;3;9;0;4;0;0;1;1;2;0;1;0;0;1;6;
Nick Collison;;19:59;0;1;0;1;0;0;1;0;1;4;2;2;1;5;0;
Jeremy Lamb;;5:09;2;3;1;2;0;0;0;1;1;0;1;0;0;0;5;
Eric Maynor;;9:04;0;2;0;1;0;0;0;0;0;1;1;0;1;0;0;
Hasheem Thabeet;;8:39;2;3;0;0;2;2;2;2;4;0;0;0;1;2;6;
ATL
DeShawn Stevenson;F;21:25;0;3;0;2;0;0;0;5;5;1;2;0;1;2;0;
Josh Smith;F;42:04;8;19;1;4;0;3;5;7;12;3;0;2;3;3;17;
Al Horford;C;34:20;5;14;0;0;3;3;1;5;6;3;3;0;1;3;13;
Kyle Korver;G;31:59;3;10;3;7;0;0;0;5;5;3;4;3;2;3;9;
Jeff Teague;G;33:17;9;13;1;2;0;0;0;1;1;9;0;1;1;4;19;
Anthony Morrow;;10:54;2;6;1;3;3;3;2;0;2;0;0;0;0;2;8;
Lou Williams;;27:22;5;15;3;5;0;0;0;0;0;1;2;0;0;1;13;
Zaza Pachulia;;18:29;3;8;0;0;0;0;5;5;10;0;0;0;0;0;6;
Ivan Johnson;;3:58;0;3;0;0;1;2;0;0;0;0;0;0;1;1;1;
John Jenkins;;5:56;0;0;0;0;0;0;0;0;0;1;0;0;1;0;0;
Anthony Tolliver;;10:17;1;3;0;1;4;6;1;2;3;0;0;0;1;0;6;
