11-21;TOR-CHA;97-98;
25-22;28-31;21-22;23-23;
TOR
Dominic McGuire;F;25:07;0;1;0;0;0;2;3;5;8;5;0;1;0;2;0;
Andrea Bargnani;F;33:06;9;17;2;3;5;5;1;1;2;0;0;0;1;3;25;
Jonas Valanciunas;C;34:54;8;11;0;0;0;0;2;8;10;2;0;1;1;6;16;
DeMar DeRozan;G;36:57;6;13;0;0;2;3;1;2;3;2;0;1;5;3;14;
Kyle Lowry;G;35:47;6;15;4;7;5;7;0;3;3;8;2;3;3;4;21;
Amir Johnson;;10:54;0;1;0;0;1;2;0;1;1;1;0;0;0;0;1;
Jose Calderon;;23:57;2;8;2;6;1;1;1;2;3;4;1;1;2;1;7;
Terrence Ross;;14:57;5;9;1;4;0;0;1;2;3;1;1;1;0;4;11;
Ed Davis;;12:03;1;2;0;0;0;0;0;2;2;0;1;0;0;2;2;
Linas Kleiza;;12:18;0;3;0;3;0;0;0;1;1;0;0;0;2;0;0;
CHA
Michael Kidd-Gilchrist;F;30:50;4;7;0;0;6;7;1;2;3;2;2;0;0;2;14;
Byron Mullens;F;25:17;4;14;0;5;2;4;1;7;8;1;0;0;1;3;10;
Brendan Haywood;C;25:32;2;4;0;0;2;2;0;3;3;0;0;1;1;1;6;
Jeff Taylor;G;29:59;4;8;1;2;2;2;3;3;6;0;2;1;0;5;11;
Kemba Walker;G;39:27;8;16;1;4;2;3;0;3;3;7;1;3;4;1;19;
Hakim Warrick;;7:27;0;1;0;0;0;0;0;0;0;0;0;0;0;2;0;
Bismack Biyombo;;25:45;5;6;0;0;1;2;4;4;8;1;1;2;2;4;11;
Ramon Sessions;;33:05;5;19;0;3;4;4;0;4;4;6;1;0;2;1;14;
Ben Gordon;;22:39;4;11;1;5;4;4;0;2;2;4;0;2;2;2;13;
