02-19;GSW-UTA;101-115;
19-26;34-32;26-29;22-28;
GSW
Harrison Barnes;F;18:60;1;5;0;2;1;2;0;0;0;0;1;0;1;2;3;
David Lee;F;30:30;9;13;0;0;0;0;2;7;9;1;1;1;0;5;18;
Andrew Bogut;C;15:04;0;4;0;0;0;0;2;3;5;1;0;0;0;2;0;
Klay Thompson;G;34:26;6;11;0;2;3;4;2;5;7;0;0;0;1;0;15;
Stephen Curry;G;37:32;12;22;4;9;1;1;2;3;5;4;1;0;4;3;29;
Andris Biedrins;;15:48;1;1;0;0;0;0;0;2;2;1;1;1;0;6;2;
Carl Landry;;18:11;2;4;0;0;1;1;1;4;5;0;0;0;1;1;5;
Jarrett Jack;;32:42;6;11;1;2;6;6;0;2;2;9;0;0;5;0;19;
Draymond Green;;15:12;1;6;0;1;0;0;1;1;2;1;0;0;0;2;2;
Richard Jefferson;;7:49;0;3;0;1;0;0;0;1;1;0;0;0;1;0;0;
Festus Ezeli;;7:42;1;2;0;0;3;6;3;1;4;0;0;1;0;0;5;
Kent Bazemore;;3:36;0;1;0;0;2;2;0;0;0;0;0;0;0;1;2;
Charles Jenkins;;2:27;0;0;0;0;1;2;0;0;0;0;1;0;0;0;1;
UTA
Marvin Williams;F;20:25;3;8;2;4;3;4;0;1;1;1;0;0;1;2;11;
Paul Millsap;F;30:31;5;10;0;0;4;4;2;7;9;1;0;0;2;2;14;
Al Jefferson;C;31:34;11;18;0;0;2;3;1;4;5;1;0;3;2;0;24;
Randy Foye;G;29:17;4;9;3;6;4;4;0;2;2;1;1;0;2;1;15;
Jamaal Tinsley;G;18:40;1;3;1;3;1;2;1;2;3;5;3;1;0;2;4;
Derrick Favors;;21:07;4;7;0;0;6;6;2;2;4;2;0;0;2;5;14;
Gordon Hayward;;24:33;5;9;2;5;5;6;0;3;3;4;0;2;1;1;17;
Earl Watson;;22:58;0;0;0;0;0;0;0;0;0;5;3;1;0;4;0;
Enes Kanter;;11:21;0;4;0;0;1;2;2;1;3;1;0;0;0;2;1;
Alec Burks;;25:14;5;8;2;3;1;2;0;5;5;2;1;1;1;3;13;
DeMarre Carroll;;1:27;1;1;0;0;0;0;0;0;0;0;0;0;0;0;2;
Kevin Murphy;;1:27;0;1;0;0;0;0;0;0;0;0;0;0;0;0;0;
Jeremy Evans;;1:27;0;0;0;0;0;0;0;0;0;0;0;0;0;1;0;
