11-19;MIL-CHA;98-102;
23-30;31-25;27-22;17-25;
MIL
Tobias Harris;F;12:25;1;2;0;1;1;2;0;3;3;0;0;1;0;3;3;
Ersan Ilyasova;F;15:51;2;5;0;1;0;0;1;3;4;1;0;0;2;2;4;
Samuel Dalembert;C;19:37;4;7;0;0;0;0;2;2;4;1;0;1;1;2;8;
Monta Ellis;G;41:34;14;28;1;5;2;2;0;3;3;5;1;2;6;2;31;
Brandon Jennings;G;32:34;5;18;0;4;0;0;1;3;4;5;2;0;2;0;10;
Mike Dunleavy;;35:35;6;10;1;4;3;4;0;5;5;4;0;4;0;1;16;
Ekpe Udoh;;24:21;1;3;0;0;1;1;2;4;6;0;0;2;0;6;3;
Larry Sanders;;21:23;3;5;0;0;0;0;1;2;3;2;1;1;1;5;6;
Beno Udrih;;16:10;2;5;0;0;1;2;0;3;3;7;1;0;1;2;5;
John Henson;;14:33;3;7;0;1;0;0;2;1;3;0;0;1;1;3;6;
Doron Lamb;;5:57;3;3;0;0;0;0;0;1;1;1;0;0;0;1;6;
CHA
Michael Kidd-Gilchrist;F;29:44;4;13;0;0;7;8;4;5;9;4;1;1;1;0;15;
Byron Mullens;F;40:29;7;14;1;2;4;4;0;9;9;1;1;0;3;2;19;
Brendan Haywood;C;33:12;3;6;0;0;0;2;2;9;11;2;0;2;1;1;6;
Jeff Taylor;G;32:48;5;11;0;2;0;0;2;0;2;4;0;1;0;2;10;
Kemba Walker;G;36:11;7;13;1;3;4;4;0;3;3;4;3;0;3;2;19;
Ramon Sessions;;32:01;6;13;1;2;10;10;0;4;4;4;1;0;5;3;23;
Bismack Biyombo;;12:34;1;3;0;0;0;0;3;2;5;0;0;1;1;2;2;
Ben Gordon;;13:35;3;8;0;2;2;2;0;0;0;2;1;0;2;1;8;
Hakim Warrick;;9:26;0;1;0;0;0;0;0;1;1;1;0;0;0;1;0;
