11-15;BOS-BKN;97-102;
26-31;24-28;29-15;18-28;
BOS
Paul Pierce;F;34:12;8;12;2;2;4;6;0;7;7;4;2;0;2;5;22;
Brandon Bass;F;30:19;4;14;0;0;0;1;2;3;5;0;0;0;1;1;8;
Kevin Garnett;C;29:53;6;12;0;0;2;2;1;6;7;0;0;1;2;1;14;
Jason Terry;G;28:12;3;7;2;4;2;4;2;2;4;6;1;0;1;0;10;
Leandro Barbosa;G;30:25;5;11;1;4;6;6;0;2;2;2;2;0;0;4;17;
Chris Wilcox;;12:32;2;2;0;0;2;2;2;1;3;1;0;2;2;3;6;
Courtney Lee;;33:28;4;8;1;2;4;4;3;6;9;3;3;0;1;3;13;
Jeff Green;;25:03;2;6;1;1;0;0;1;5;6;1;0;0;4;3;5;
Jason Collins;;8:18;1;2;0;0;0;0;1;0;1;0;0;0;0;2;2;
Jared Sullinger;;7:39;0;1;0;0;0;0;0;0;0;0;0;0;0;2;0;
BKN
Keith Bogans;F;17:42;2;3;1;2;0;0;0;1;1;1;0;0;2;3;5;
Kris Humphries;F;26:34;3;8;0;0;4;4;3;10;13;1;0;1;0;3;10;
Brook Lopez;C;35:12;11;14;0;0;2;5;4;2;6;0;0;4;0;0;24;
Joe Johnson;G;34:34;6;19;2;7;5;6;3;5;8;4;2;0;1;1;19;
Deron Williams;G;38:02;6;17;3;6;9;9;1;2;3;8;1;1;4;1;24;
CJ Watson;;19:60;2;8;1;4;0;0;1;0;1;2;2;0;2;2;5;
Jerry Stackhouse;;20:33;1;3;1;3;0;0;0;1;1;2;1;0;0;1;3;
Reggie Evans;;21:31;1;2;0;0;1;2;2;7;9;0;1;0;1;4;3;
Josh Childress;;8:03;0;0;0;0;0;0;0;0;0;0;0;0;0;0;0;
Andray Blatche;;12:17;3;9;0;0;1;1;4;1;5;1;0;1;1;2;7;
MarShon Brooks;;5:33;1;2;0;0;0;1;0;0;0;0;0;0;0;1;2;
