01-16;MEM-SAS;82-103;
25-19;29-38;15-25;13-21;
MEM
Rudy Gay;F;39:02;7;13;0;0;3;4;1;7;8;2;1;1;6;2;17;
Zach Randolph;F;33:01;4;11;0;2;3;3;0;5;5;2;0;0;1;3;11;
Marc Gasol;C;26:50;4;6;0;0;4;5;1;2;3;1;0;0;0;3;12;
Tony Allen;G;26:48;4;7;0;0;3;3;1;3;4;1;1;0;3;2;11;
Mike Conley;G;31:13;3;7;1;3;3;3;0;2;2;3;2;0;1;2;10;
Jerryd Bayless;;16:09;2;7;0;1;0;0;1;0;1;1;0;0;0;2;4;
Darrell Arthur;;22:32;1;4;0;0;0;0;1;2;3;0;0;0;1;1;2;
Wayne Ellington;;17:49;0;5;0;2;4;4;0;1;1;1;0;0;0;0;4;
Marreese Speights;;12:50;2;4;0;0;1;2;0;3;3;0;0;2;1;0;5;
Tony Wroten;;6:48;0;1;0;0;1;2;0;1;1;0;0;0;0;1;1;
Josh Selby;;4:12;1;2;0;1;0;0;0;0;0;0;0;0;0;0;2;
Hamed Haddadi;;2:47;1;2;0;0;1;2;1;0;1;0;0;0;0;0;3;
SAS
Kawhi Leonard;F;23:06;5;6;3;3;0;0;1;3;4;3;2;2;2;2;13;
Tim Duncan;F;31:02;9;17;0;0;1;1;1;7;8;4;0;5;1;3;19;
Tiago Splitter;C;28:10;5;6;0;0;0;1;1;8;9;1;2;1;1;3;10;
Danny Green;G;20:05;3;5;2;3;0;0;0;1;1;1;1;0;1;1;8;
Tony Parker;G;34:54;6;11;0;0;5;6;0;1;1;11;0;0;4;0;17;
Boris Diaw;;28:46;7;10;0;2;0;0;0;4;4;3;1;0;0;5;14;
Gary Neal;;23:26;4;9;1;3;0;2;0;2;2;1;0;0;0;3;9;
Stephen Jackson;;23:39;3;8;2;5;0;0;1;1;2;5;1;1;2;3;8;
Patty Mills;;13:06;1;2;1;2;0;0;0;0;0;3;0;0;0;2;3;
Nando De Colo;;4:36;1;1;0;0;0;0;0;0;0;0;0;0;2;0;2;
Matt Bonner;;3:37;0;0;0;0;0;0;0;1;1;0;0;0;0;0;0;
Cory Joseph;;2:47;0;0;0;0;0;0;0;0;0;0;0;0;0;0;0;
DeJuan Blair;;2:47;0;1;0;0;0;0;0;1;1;1;0;0;0;0;0;
