11-28;CHA-ATL;91-94;
18-20;27-23;20-28;26-23;
CHA
Michael Kidd-Gilchrist;F;23:38;3;9;0;1;0;0;0;3;3;1;1;1;2;0;6;
Byron Mullens;F;28:43;3;9;1;4;3;4;2;7;9;0;0;0;2;2;10;
Brendan Haywood;C;34:16;2;3;0;0;0;0;3;8;11;0;0;1;2;5;4;
Jeff Taylor;G;21:57;2;4;2;3;0;0;0;2;2;1;2;0;1;5;6;
Kemba Walker;G;37:31;4;15;2;4;5;6;1;4;5;5;0;1;2;0;15;
Bismack Biyombo;;26:37;2;6;0;0;2;3;3;5;8;0;0;4;2;3;6;
DeSagana Diop;;6:19;0;2;0;0;0;0;0;1;1;0;0;0;0;2;0;
Ramon Sessions;;34:18;7;17;0;2;4;5;0;2;2;8;2;0;3;1;18;
Ben Gordon;;26:36;7;11;7;10;5;5;0;4;4;3;1;0;2;3;26;
Reggie Williams;;0:05;0;0;0;0;0;0;0;0;0;0;0;0;0;0;0;
ATL
DeShawn Stevenson;F;20:40;1;5;1;4;0;0;0;4;4;0;0;1;0;3;3;
Josh Smith;F;37:09;7;15;0;1;3;5;4;9;13;6;3;5;2;4;17;
Al Horford;C;41:42;7;15;0;0;3;3;4;7;11;6;1;3;2;1;17;
Kyle Korver;G;23:00;3;10;2;7;0;0;0;4;4;2;1;0;0;1;8;
Jeff Teague;G;27:53;4;10;3;5;0;0;2;0;2;5;1;0;2;4;11;
Lou Williams;;29:11;7;16;3;8;0;0;0;1;1;5;1;0;0;1;17;
Devin Harris;;23:40;2;7;2;6;1;2;0;1;1;4;2;0;1;0;7;
Zaza Pachulia;;20:59;2;7;0;0;2;3;4;2;6;0;0;0;1;2;6;
Anthony Morrow;;15:46;3;5;1;1;1;2;1;1;2;0;0;0;1;2;8;
