11-02;IND-CHA;89-90;
20-17;23-22;27-35;19-16;
IND
Gerald Green;F;31:54;3;12;1;6;0;4;1;3;4;0;0;1;2;2;7;
David West;F;34:02;7;17;0;0;0;2;0;6;6;2;1;0;1;1;14;
Roy Hibbert;C;23:43;3;4;0;0;1;2;6;1;7;1;0;1;2;4;7;
Paul George;G;36:00;4;11;2;5;2;2;1;6;7;6;1;0;5;3;12;
George Hill;G;33:54;3;9;1;6;1;1;0;4;4;1;0;0;2;2;8;
Sam Young;;0:20;0;0;0;0;1;2;0;0;0;0;0;0;0;0;1;
Lance Stephenson;;25:06;6;9;2;3;1;2;0;6;6;4;2;0;3;0;15;
Tyler Hansbrough;;16:44;4;9;0;1;7;8;4;2;6;0;1;2;1;2;15;
Ian Mahinmi;;21:31;2;5;0;0;3;4;2;6;8;0;0;1;1;1;7;
D.J. Augustin;;16:46;1;7;1;5;0;0;0;4;4;5;0;0;0;1;3;
CHA
Michael Kidd-Gilchrist;F;19:37;1;7;0;0;0;0;2;5;7;1;0;2;1;0;2;
Byron Mullens;F;31:06;3;10;0;6;0;0;2;5;7;2;2;2;0;2;6;
Brendan Haywood;C;31:14;1;3;0;0;2;4;3;6;9;2;0;0;1;5;4;
Gerald Henderson;G;35:31;6;14;2;5;4;4;0;1;1;3;5;2;2;4;18;
Kemba Walker;G;33:01;10;21;1;1;9;10;3;2;5;3;1;1;1;1;30;
Tyrus Thomas;;16:54;1;9;0;0;2;2;0;3;3;1;1;0;1;4;4;
Bismack Biyombo;;16:46;1;2;0;0;0;0;0;4;4;0;0;2;0;1;2;
Ramon Sessions;;21:19;3;8;1;1;4;4;0;2;2;4;1;0;2;3;11;
Ben Gordon;;22:03;4;8;2;4;0;0;0;2;2;2;0;0;1;1;10;
Reggie Williams;;12:29;1;3;1;2;0;0;0;1;1;0;0;0;1;1;3;
