12-05;NYK-CHA;100-98;
26-24;25-29;21-22;28-23;
NYK
Carmelo Anthony;F;38:07;8;22;3;7;4;4;0;3;3;2;3;1;1;3;23;
Kurt Thomas;F;4:41;0;0;0;0;0;0;0;0;0;1;0;1;0;0;0;
Tyson Chandler;C;34:37;8;10;0;0;2;4;8;9;17;2;1;1;2;2;18;
Ronnie Brewer;G;18:16;3;8;2;5;1;2;0;5;5;0;1;0;1;2;9;
Raymond Felton;G;35:53;7;19;2;8;1;1;1;1;2;9;0;0;0;2;17;
J.R. Smith;;31:43;6;16;1;9;0;0;0;1;1;4;1;2;3;4;13;
Jason Kidd;;25:26;2;3;2;3;1;2;0;2;2;1;2;3;0;2;7;
Rasheed Wallace;;13:23;1;5;0;1;0;0;1;2;3;1;0;0;1;1;2;
Steve Novak;;25:40;3;8;3;8;0;0;0;2;2;1;0;0;0;1;9;
Pablo Prigioni;;12:07;1;1;0;0;0;0;0;1;1;2;1;0;0;1;2;
James White;;0:08;0;0;0;0;0;0;0;0;0;0;0;0;0;0;0;
CHA
Michael Kidd-Gilchrist;F;26:32;6;8;0;0;0;0;1;2;3;2;0;1;4;3;12;
Byron Mullens;F;19:10;3;8;0;1;0;0;0;5;5;3;0;1;1;3;6;
Brendan Haywood;C;21:31;2;4;0;0;0;0;2;7;9;0;0;0;0;2;4;
Jeff Taylor;G;39:29;2;5;0;1;2;2;0;3;3;3;0;0;0;2;6;
Kemba Walker;G;33:36;8;15;2;4;7;7;0;2;2;11;1;0;1;0;25;
Gerald Henderson;;25:02;7;14;2;3;2;4;3;3;6;0;0;1;0;0;18;
Ben Gordon;;26:09;7;15;3;5;0;0;0;3;3;2;1;0;4;2;17;
Bismack Biyombo;;29:51;1;5;0;0;0;0;5;7;12;1;0;1;0;2;2;
Ramon Sessions;;14:24;3;7;0;1;2;2;1;4;5;1;0;0;2;0;8;
Reggie Williams;;4:16;0;2;0;1;0;0;0;2;2;3;0;0;0;0;0;
