12-19;PHI-HOU;103-125;
24-33;27-23;28-33;24-36;
PHI
Thaddeus Young;F;34:54;7;12;0;0;3;4;0;6;6;5;1;1;3;1;17;
Evan Turner;F;20:43;3;7;0;1;0;0;1;1;2;3;0;0;1;1;6;
Kwame Brown;C;4:08;1;1;0;0;0;0;0;1;1;0;0;0;0;1;2;
Jason Richardson;G;30:38;5;10;1;3;0;0;1;2;3;1;1;0;2;3;11;
Maalik Wayns;G;14:19;1;5;0;1;0;0;1;0;1;0;2;0;1;0;2;
Lavoy Allen;;24:42;4;8;0;0;2;4;5;2;7;2;0;1;0;5;10;
Dorell Wright;;39:49;7;15;3;7;3;4;0;6;6;6;0;0;0;2;20;
Nick Young;;34:42;8;18;2;4;3;5;1;3;4;4;1;1;0;2;21;
Spencer Hawes;;23:31;4;11;0;1;6;7;5;1;6;0;0;0;4;5;14;
Damien Wilkins;;8:59;0;2;0;0;0;0;0;2;2;0;1;0;0;1;0;
Arnett Moultrie;;3:35;0;0;0;0;0;0;0;1;1;0;0;0;0;0;0;
HOU
Chandler Parsons;F;35:16;4;13;1;7;0;0;1;4;5;4;3;0;1;2;9;
Marcus Morris;F;31:15;5;8;2;3;2;3;1;4;5;5;0;1;3;1;14;
Omer Asik;C;31:39;5;7;0;0;7;9;3;12;15;0;0;0;0;2;17;
James Harden;G;37:29;7;12;2;3;17;18;0;2;2;7;0;1;2;3;33;
Jeremy Lin;G;31:42;8;12;1;3;1;2;0;2;2;6;1;0;1;3;18;
Greg Smith;;13:07;5;5;0;0;3;4;2;2;4;0;0;0;0;3;13;
Toney Douglas;;25:04;6;11;5;8;0;0;0;3;3;4;0;0;1;3;17;
Carlos Delfino;;17:12;0;3;0;2;0;0;0;2;2;1;0;0;1;1;0;
Donatas Motiejunas;;7:59;2;4;0;1;0;0;0;0;0;1;0;0;1;2;4;
Terrence Jones;;3:14;0;0;0;0;0;0;0;0;0;1;0;0;0;0;0;
Cole Aldrich;;3:14;0;0;0;0;0;0;0;2;2;0;0;1;0;0;0;
Daequan Cook;;2:49;0;0;0;0;0;0;0;1;1;0;0;0;0;0;0;
