03-15;CHA-TOR;78-92;
17-22;25-26;26-21;10-23;
CHA
Michael Kidd-Gilchrist;F;27:38;2;12;0;0;0;2;2;1;3;0;2;0;2;4;4;
Josh McRoberts;F;38:10;4;9;0;2;2;3;2;7;9;3;3;2;2;2;10;
Bismack Biyombo;C;22:41;1;3;0;0;2;2;4;1;5;1;2;1;1;1;4;
Gerald Henderson;G;43:21;8;17;1;2;5;6;2;5;7;2;3;0;1;2;22;
Kemba Walker;G;40:31;5;17;2;8;8;12;1;3;4;5;3;0;3;3;20;
Jeff Taylor;;24:42;2;3;1;1;3;4;2;2;4;0;0;0;2;2;8;
Byron Mullens;;8:28;0;1;0;0;0;0;1;0;1;0;1;0;0;2;0;
Ben Gordon;;26:23;4;16;2;7;0;0;1;1;2;1;0;0;1;1;10;
Reggie Williams;;2:25;0;0;0;0;0;0;0;0;0;0;0;0;0;1;0;
Jannero Pargo;;5:04;0;2;0;2;0;0;0;0;0;2;0;0;1;0;0;
Jeff Adrien;;0:37;0;0;0;0;0;0;0;1;1;0;0;0;0;0;0;
TOR
Rudy Gay;F;35:47;11;16;1;3;5;5;0;3;3;2;1;1;6;4;28;
Amir Johnson;F;43:49;5;11;0;0;2;2;8;13;21;1;2;3;6;2;12;
Jonas Valanciunas;C;20:30;5;6;0;0;0;1;0;6;6;1;0;1;0;4;10;
DeMar DeRozan;G;30:52;1;5;0;0;7;8;0;4;4;4;0;1;3;1;9;
Kyle Lowry;G;26:46;3;10;1;4;0;0;1;5;6;2;2;1;1;5;7;
Sebastian Telfair;;21:14;2;6;0;1;7;8;1;1;2;5;0;0;1;3;11;
Landry Fields;;13:58;0;4;0;1;0;0;0;1;1;0;0;0;0;0;0;
Terrence Ross;;23:54;4;5;1;1;0;0;0;2;2;1;1;0;1;2;9;
Alan Anderson;;23:10;2;5;0;0;2;3;0;1;1;0;0;1;1;2;6;
