03-12;DAL-MIL;115-108;
28-35;35-20;27-24;25-29;
DAL
Jae Crowder;F;36:13;6;9;2;4;0;0;2;6;8;3;1;0;3;3;14;
Dirk Nowitzki;F;31:07;7;13;1;5;4;5;0;11;11;3;1;1;1;0;19;
Chris Kaman;C;2:14;0;2;0;0;0;0;0;0;0;0;0;0;0;0;0;
O.J. Mayo;G;36:36;6;12;2;5;0;0;0;1;1;3;1;0;1;1;14;
Mike James;G;31:29;5;11;1;3;2;2;0;6;6;7;0;0;2;4;13;
Brandan Wright;;32:58;3;7;0;0;3;7;1;7;8;1;1;3;1;3;9;
Elton Brand;;15:27;3;4;0;0;2;2;0;3;3;0;1;1;0;2;8;
Vince Carter;;22:21;6;10;4;6;7;7;0;3;3;3;0;0;0;4;23;
Darren Collison;;17:03;2;8;0;2;4;4;0;1;1;0;0;0;0;0;8;
Rodrigue Beaubois;;14:33;3;6;1;4;0;0;0;0;0;3;0;0;1;2;7;
MIL
Mike Dunleavy;F;38:05;7;12;4;5;0;0;0;6;6;1;1;0;2;4;18;
Ersan Ilyasova;F;22:57;3;9;1;2;0;0;1;2;3;2;3;0;0;3;7;
Larry Sanders;C;29:39;5;11;0;0;3;4;1;11;12;2;1;4;1;3;13;
Monta Ellis;G;41:26;12;24;2;6;6;6;0;2;2;9;2;0;4;0;32;
Brandon Jennings;G;27:26;2;7;0;1;0;0;0;5;5;5;0;0;2;4;4;
Gustavo Ayon;;14:30;1;2;0;0;1;2;1;3;4;3;1;1;0;3;3;
Ekpe Udoh;;24:40;6;9;0;0;2;3;3;2;5;2;0;1;0;1;14;
JJ Redick;;30:49;7;13;1;6;2;2;0;3;3;2;0;0;0;3;17;
Marquis Daniels;;9:53;0;1;0;1;0;0;1;1;2;3;0;0;0;1;0;
Ish Smith;;0:36;0;1;0;0;0;0;0;0;0;1;0;0;0;0;0;
