01-11;CLE-DEN;91-98;
30-23;26-22;20-27;15-26;
CLE
Alonzo Gee;F;20:38;1;7;0;2;0;2;0;2;2;0;2;0;2;5;2;
Tristan Thompson;F;36:13;8;13;0;0;0;0;4;3;7;0;2;0;1;5;16;
Tyler Zeller;C;33:22;1;6;0;0;0;0;3;5;8;1;2;3;2;4;2;
CJ Miles;G;33:13;4;10;1;7;2;3;0;7;7;0;0;0;3;5;11;
Kyrie Irving;G;38:39;11;26;2;9;4;5;1;2;3;7;5;0;1;2;28;
Dion Waiters;;29:08;6;13;1;3;5;5;0;0;0;1;1;0;1;3;18;
Luke Walton;;22:60;3;4;1;2;1;1;0;4;4;1;1;0;3;4;8;
Shaun Livingston;;22:22;3;6;0;1;0;0;1;2;3;2;1;1;2;2;6;
Kevin Jones;;3:26;0;0;0;0;0;0;1;0;1;0;0;0;0;0;0;
DEN
Danilo Gallinari;F;31:18;8;13;3;6;4;4;0;7;7;2;0;0;4;4;23;
Kenneth Faried;F;33:25;6;7;0;0;5;7;3;8;11;0;0;0;3;4;17;
Kosta Koufos;C;34:36;10;17;0;0;1;1;3;3;6;0;1;1;0;3;21;
Andre Iguodala;G;40:34;5;11;1;4;2;3;5;6;11;4;1;0;4;1;13;
Ty Lawson;G;34:08;3;11;0;1;7;10;1;4;5;8;0;0;6;2;13;
Corey Brewer;;16:14;0;6;0;3;0;0;0;2;2;4;1;0;1;4;0;
JaVale McGee;;11:35;0;4;0;0;2;4;4;3;7;0;0;3;0;1;2;
Andre Miller;;22:50;4;10;0;1;0;0;3;2;5;5;1;0;3;2;8;
Timofey Mozgov;;7:56;0;1;0;0;1;2;0;1;1;0;0;3;0;0;1;
Evan Fournier;;7:23;0;2;0;1;0;0;0;1;1;1;0;0;1;0;0;
