12-28;NYK-SAC;105-106;
23-32;27-39;31-16;24-19;
NYK
Ronnie Brewer;F;11:12;0;1;0;1;0;0;1;3;4;0;0;0;0;0;0;
Kurt Thomas;F;12:56;0;0;0;0;0;0;3;1;4;1;0;1;1;1;0;
Tyson Chandler;C;36:54;9;13;0;0;3;9;6;12;18;1;1;1;2;1;21;
James White;G;9:03;2;3;0;1;0;2;0;0;0;1;1;0;1;3;4;
Jason Kidd;G;31:03;6;13;4;11;0;0;2;4;6;7;0;1;5;2;16;
J.R. Smith;;43:00;11;25;1;3;5;5;3;4;7;5;0;0;4;2;28;
Chris Copeland;;40:41;8;16;3;8;4;4;0;1;1;1;0;1;1;2;23;
Pablo Prigioni;;18:19;0;2;0;1;0;0;1;1;2;9;1;0;2;2;0;
Steve Novak;;25:46;4;7;3;5;0;0;1;1;2;1;1;0;0;2;11;
Marcus Camby;;11:06;1;3;0;0;0;0;1;1;2;0;0;4;1;1;2;
SAC
John Salmons;F;29:10;3;9;2;4;0;2;0;1;1;3;2;2;1;2;8;
Jason Thompson;F;27:40;3;8;0;0;0;0;3;5;8;2;0;1;1;4;6;
DeMarcus Cousins;C;31:28;5;14;0;0;5;6;3;7;10;5;3;1;2;5;15;
Marcus Thornton;G;28:26;5;12;2;6;6;6;0;3;3;1;0;0;0;0;18;
Isaiah Thomas;G;28:42;3;10;3;6;2;2;1;0;1;4;1;0;0;2;11;
James Johnson;;28:32;8;14;1;1;0;1;4;3;7;3;1;1;2;4;17;
Francisco Garcia;;24:10;2;4;2;4;0;0;0;1;1;2;2;0;0;1;6;
Aaron Brooks;;19:18;4;6;2;3;0;0;0;1;1;3;1;1;3;0;10;
Jimmer Fredette;;19:01;6;9;3;6;0;0;0;2;2;4;1;0;2;1;15;
Charles Hayes;;3:33;0;0;0;0;0;0;0;0;0;1;0;0;0;0;0;
