11-16;OKC-NOH;110-95;
36-18;30-19;28-30;16-28;
OKC
Kevin Durant;F;32:30;9;12;4;5;5;6;2;7;9;5;2;1;2;0;27;
Serge Ibaka;F;26:28;7;9;0;0;1;1;0;4;4;0;0;3;0;2;15;
Kendrick Perkins;C;20:46;2;4;0;0;0;0;0;1;1;1;1;1;0;3;4;
Thabo Sefolosha;G;21:01;3;6;3;6;2;2;1;2;3;2;1;0;1;2;11;
Russell Westbrook;G;28:02;3;11;0;4;4;6;1;1;2;12;1;0;2;4;10;
Kevin Martin;;26:33;9;17;6;11;3;3;0;5;5;4;0;0;1;0;27;
Nick Collison;;20:31;1;1;0;0;0;0;0;1;1;2;1;0;2;2;2;
Eric Maynor;;14:09;1;3;1;2;0;0;0;0;0;2;0;0;1;2;3;
Hasheem Thabeet;;21:32;1;2;0;0;1;2;3;6;9;0;1;2;3;5;3;
Perry Jones;;12:00;2;4;0;0;0;0;0;2;2;2;0;0;1;1;4;
Reggie Jackson;;6:43;1;1;0;0;0;0;0;0;0;1;0;0;0;3;2;
Jeremy Lamb;;5:49;1;4;0;1;0;0;0;0;0;0;0;0;0;0;2;
DeAndre Liggins;;3:56;0;0;0;0;0;0;0;0;0;0;0;0;0;0;0;
NOH
Al-Farouq Aminu;F;23:52;3;7;0;0;3;4;1;6;7;2;1;0;2;2;9;
Anthony Davis;F;29:08;4;14;0;1;0;0;5;6;11;1;0;2;2;1;8;
Robin Lopez;C;28:42;3;8;0;0;6;7;2;0;2;0;0;1;1;1;12;
Austin Rivers;G;24:51;4;8;1;2;0;0;1;1;2;1;1;0;0;2;9;
Greivis Vasquez;G;25:32;2;6;0;2;3;4;0;2;2;7;1;0;3;4;7;
Darius Miller;;19:52;1;2;1;1;1;1;0;1;1;2;1;0;0;4;4;
Ryan Anderson;;21:01;6;11;3;3;0;0;4;3;7;1;1;0;0;1;15;
Roger Mason Jr.;;18:05;4;7;1;1;2;2;0;1;1;2;0;0;0;0;11;
Jason Smith;;17:54;2;3;0;0;4;6;0;2;2;0;0;1;2;3;8;
Brian Roberts;;22:28;3;9;1;2;2;2;0;1;1;7;2;0;1;1;9;
Lance Thomas;;8:35;1;3;0;0;1;2;2;2;4;0;0;0;0;1;3;
