02-01;DAL-PHX;109-99;
29-31;25-23;20-21;35-24;
DAL
Dahntay Jones;F;6:38;0;1;0;1;0;0;0;1;1;1;0;0;2;0;0;
Shawn Marion;F;30:18;6;14;0;2;2;2;4;7;11;2;0;4;1;1;14;
Elton Brand;C;30:10;2;8;0;0;0;0;2;8;10;2;2;4;1;3;4;
O.J. Mayo;G;37:02;7;19;2;3;4;5;2;3;5;4;3;0;3;2;20;
Darren Collison;G;31:10;6;9;2;3;5;5;2;4;6;6;1;2;4;3;19;
Vince Carter;;26:35;5;10;2;4;5;6;0;3;3;2;2;0;1;3;17;
Mike James;;16:50;1;9;0;4;2;2;0;3;3;5;1;0;3;2;4;
Brandan Wright;;18:37;5;7;0;0;1;2;0;6;6;1;0;1;0;0;11;
Jae Crowder;;25:45;5;7;2;4;1;2;0;1;1;2;0;1;0;3;13;
Bernard James;;16:55;3;4;0;0;1;1;2;3;5;0;1;0;0;1;7;
PHX
PJ Tucker;F;32:55;2;7;0;1;0;0;3;5;8;1;3;0;1;2;4;
Luis Scola;F;31:10;7;15;0;1;4;4;2;6;8;2;1;1;0;4;18;
Marcin Gortat;C;30:38;6;13;0;0;4;5;1;6;7;2;0;2;1;1;16;
Jared Dudley;G;33:26;7;12;3;6;0;2;1;2;3;1;0;1;2;4;17;
Goran Dragic;G;37:41;7;14;0;2;5;6;2;6;8;9;1;1;2;3;19;
Michael Beasley;;28:21;2;13;0;1;0;0;1;5;6;1;1;1;3;2;4;
Shannon Brown;;22:49;7;11;1;3;5;6;1;1;2;2;1;1;1;1;20;
Markieff Morris;;12:41;0;2;0;0;0;0;1;1;2;0;1;0;1;2;0;
Kendall Marshall;;10:19;0;2;0;1;1;2;0;2;2;2;1;0;2;2;1;
