12-09;IND-OKC;93-104;
22-25;34-32;18-27;19-20;
IND
Paul George;F;39:21;5;15;3;6;4;4;1;7;8;3;2;0;1;3;17;
David West;F;38:25;10;16;0;0;1;3;2;7;9;1;1;0;2;2;21;
Roy Hibbert;C;26:31;4;9;0;0;2;2;2;4;6;1;0;2;0;2;10;
George Hill;G;38:45;5;14;2;7;3;3;1;3;4;3;0;0;0;1;15;
Lance Stephenson;G;25:00;4;8;1;1;1;1;0;1;1;2;1;0;0;4;10;
Ian Mahinmi;;21:29;2;7;0;0;0;0;2;0;2;0;0;1;1;1;4;
Gerald Green;;23:00;4;7;0;1;0;0;0;1;1;1;0;0;1;1;8;
D.J. Augustin;;9:15;2;3;0;1;0;0;0;1;1;1;0;0;2;1;4;
Sam Young;;8:39;1;2;0;1;0;0;0;1;1;1;0;0;0;3;2;
Tyler Hansbrough;;9:35;1;1;0;0;0;0;1;0;1;0;0;1;0;2;2;
OKC
Kevin Durant;F;39:16;9;24;1;5;8;10;0;8;8;4;0;0;4;0;27;
Serge Ibaka;F;33:03;6;9;0;1;0;0;3;6;9;0;0;2;1;5;12;
Kendrick Perkins;C;29:31;1;2;0;0;2;2;1;8;9;1;0;0;1;2;4;
Thabo Sefolosha;G;25:25;1;4;0;2;0;0;1;1;2;0;1;0;0;2;2;
Russell Westbrook;G;34:26;7;17;1;3;6;7;2;5;7;6;2;2;2;0;21;
Kevin Martin;;31:19;7;12;3;6;7;8;0;0;0;1;0;0;1;4;24;
Nick Collison;;19:22;2;3;0;1;1;1;1;2;3;0;1;0;0;2;5;
Hasheem Thabeet;;14:04;1;1;0;0;1;2;1;1;2;0;0;1;0;0;3;
Eric Maynor;;13:34;3;4;0;1;0;0;0;0;0;4;0;0;0;1;6;
