11-09;MIL-WAS;101-91;
30-28;26-19;19-25;26-19;
MIL
Tobias Harris;F;15:13;2;4;1;1;0;0;0;1;1;0;0;0;1;4;5;
Ersan Ilyasova;F;21:43;4;13;2;6;1;2;0;2;2;0;0;1;0;0;11;
Samuel Dalembert;C;13:56;1;3;0;0;0;0;1;5;6;0;0;1;0;0;2;
Monta Ellis;G;32:26;8;15;1;2;5;6;2;3;5;5;2;0;6;1;22;
Brandon Jennings;G;31:06;5;9;0;0;2;2;0;1;1;7;3;0;6;1;12;
Mike Dunleavy;;32:47;5;10;2;5;1;2;0;9;9;3;1;0;2;4;13;
Larry Sanders;;30:42;4;7;0;1;5;6;1;8;9;1;0;3;2;5;13;
Beno Udrih;;17:38;4;7;0;0;0;0;0;0;0;3;2;1;1;1;8;
Ekpe Udoh;;29:39;4;4;0;0;1;1;1;1;2;1;1;0;1;4;9;
Marquis Daniels;;14:50;3;6;0;0;0;0;1;2;3;1;2;0;2;1;6;
WAS
Trevor Ariza;F;31:34;5;11;1;2;4;4;1;7;8;4;3;1;3;2;15;
Trevor Booker;F;27:13;5;7;0;0;1;2;0;1;1;2;2;0;1;1;11;
Emeka Okafor;C;34:59;5;11;0;0;1;2;4;2;6;1;3;3;1;2;11;
Bradley Beal;G;34:28;7;14;0;4;8;8;1;3;4;2;2;0;3;2;22;
A.J. Price;G;36:11;4;12;1;5;3;3;0;6;6;9;0;0;3;3;12;
Chris Singleton;;10:00;2;3;0;0;2;2;2;4;6;1;0;0;3;4;6;
Martell Webster;;16:26;0;1;0;0;0;0;0;1;1;1;0;0;1;1;0;
Kevin Seraphin;;13:01;1;5;0;0;0;0;2;0;2;0;1;0;2;3;2;
Jannero Pargo;;11:49;0;6;0;4;0;0;0;1;1;1;0;0;1;0;0;
Jordan Crawford;;13:09;3;5;2;3;0;0;0;1;1;2;1;0;2;2;8;
Jan Vesely;;10:47;2;3;0;0;0;1;0;0;0;0;1;0;0;4;4;
Cartier Martin;;0:24;0;0;0;0;0;0;0;0;0;0;0;0;0;0;0;
