02-04;ORL-PHI;61-78;
16-28;19-14;11-18;15-18;
ORL
Maurice Harkless;F;43:18;4;13;0;2;2;2;1;4;5;2;2;1;2;1;10;
Josh McRoberts;F;33:23;2;12;1;5;0;0;1;5;6;6;0;0;2;0;5;
Nikola Vucevic;C;30:45;3;10;0;0;3;4;4;10;14;0;0;0;1;1;9;
Ish Smith;G;25:58;2;10;0;0;0;0;1;2;3;2;0;0;3;0;4;
E'Twaun Moore;G;37:20;9;17;0;4;0;0;0;3;3;2;1;0;1;0;18;
Kyle O'Quinn;;17:15;1;3;0;0;0;0;0;4;4;1;0;1;1;2;2;
Andrew Nicholson;;27:31;5;9;0;0;1;2;2;4;6;0;0;0;0;1;11;
Hedo Turkoglu;;18:02;0;3;0;1;0;0;1;3;4;6;1;0;1;0;0;
Gustavo Ayon;;6:28;1;3;0;0;0;0;0;1;1;1;1;0;1;0;2;
PHI
Evan Turner;F;31:32;2;6;0;2;0;0;0;7;7;5;2;0;2;0;4;
Thaddeus Young;F;15:14;3;5;0;0;0;0;1;4;5;0;0;0;0;1;6;
Spencer Hawes;C;36:52;9;17;1;3;2;3;1;13;14;3;0;1;2;3;21;
Nick Young;G;36:20;7;15;1;7;0;0;1;5;6;2;4;2;2;2;15;
Jrue Holiday;G;40:48;6;15;0;1;1;2;0;4;4;14;1;0;1;1;13;
Lavoy Allen;;30:27;5;9;0;0;0;0;1;5;6;0;1;3;0;0;10;
Royal Ivey;;19:44;2;4;1;3;0;0;0;0;0;0;0;0;0;1;5;
Dorell Wright;;6:23;0;3;0;3;0;0;0;0;0;1;0;0;1;0;0;
Damien Wilkins;;9:22;0;2;0;1;0;0;2;0;2;0;0;0;1;2;0;
Arnett Moultrie;;11:43;2;3;0;0;0;0;1;1;2;0;0;1;1;0;4;
Shelvin Mack;;1:35;0;0;0;0;0;0;0;0;0;1;0;0;1;0;0;
