02-12;DEN-TOR;108-109;
21-28;31-26;26-28;30-27;
DEN
Corey Brewer;F;27:30;3;11;1;7;2;2;0;0;0;1;0;0;3;3;9;
Kenneth Faried;F;31:01;6;8;0;0;3;4;3;8;11;2;2;0;4;3;15;
Kosta Koufos;C;20:25;4;8;0;0;0;0;5;5;10;1;2;1;0;2;8;
Evan Fournier;G;18:09;2;4;2;2;0;0;1;0;1;2;0;0;1;3;6;
Ty Lawson;G;39:16;12;20;1;3;4;6;0;1;1;9;3;0;2;0;29;
Jordan Hamilton;;27:44;3;10;1;3;0;0;3;2;5;2;2;2;3;1;7;
JaVale McGee;;5:09;1;1;0;0;0;0;0;1;1;0;0;0;0;2;2;
Anthony Randolph;;27:21;6;13;0;0;4;6;4;3;7;2;3;2;3;3;16;
Timofey Mozgov;;12:04;2;4;0;0;0;0;1;2;3;0;0;0;1;1;4;
Andre Miller;;31:21;5;6;1;1;1;2;1;5;6;5;1;0;1;2;12;
TOR
Rudy Gay;F;25:02;6;14;1;2;4;5;3;1;4;3;3;0;2;5;17;
Amir Johnson;F;34:08;4;6;0;0;0;0;3;4;7;3;2;2;0;5;8;
Jonas Valanciunas;C;31:55;1;3;0;0;6;6;3;5;8;2;0;2;4;3;8;
DeMar DeRozan;G;38:41;8;18;0;1;6;6;2;6;8;3;2;1;2;0;22;
Kyle Lowry;G;37:03;4;10;2;4;1;1;1;3;4;10;2;0;4;3;11;
Andrea Bargnani;;17:57;2;7;0;3;0;0;0;1;1;0;0;0;2;0;4;
John Lucas III;;13:60;5;9;4;6;0;0;1;0;1;2;0;0;0;2;14;
Alan Anderson;;12:37;4;7;2;3;0;0;1;0;1;0;0;0;0;0;10;
Terrence Ross;;13:39;3;6;1;2;0;0;1;1;2;0;0;0;2;3;7;
Landry Fields;;14:59;2;3;0;0;4;5;0;2;2;0;1;0;1;0;8;
