01-02;POR-TOR;79-102;
17-24;22-31;22-23;18-24;
POR
Nicolas Batum;F;35:15;4;12;0;6;2;2;1;3;4;4;0;1;0;0;10;
LaMarcus Aldridge;F;34:38;7;12;0;0;0;0;3;7;10;3;0;0;3;3;14;
JJ Hickson;C;27:59;1;4;0;0;0;0;1;6;7;0;1;0;0;1;2;
Wesley Matthews;G;27:07;4;7;2;4;2;3;0;0;0;2;1;0;4;1;12;
Damian Lillard;G;37:23;6;13;1;5;5;6;1;4;5;7;0;0;7;2;18;
Joel Freeland;;20:53;4;6;0;0;3;3;1;3;4;1;1;0;0;3;11;
Victor Claver;;12:46;1;2;0;1;0;1;2;0;2;0;0;0;1;3;2;
Ronnie Price;;7:48;1;2;0;0;0;0;0;0;0;0;0;0;0;0;2;
Luke Babbitt;;12:31;1;4;1;4;1;1;0;3;3;0;1;0;0;3;4;
Will Barton;;8:40;0;1;0;0;0;0;0;0;0;1;0;0;2;0;0;
Sasha Pavlovic;;9:19;1;3;0;2;0;0;0;0;0;0;0;1;1;2;2;
Nolan Smith;;5:42;1;4;0;0;0;0;0;1;1;1;0;0;0;0;2;
TOR
Mickael Pietrus;F;17:01;0;4;0;4;0;0;0;1;1;0;1;0;0;0;0;
Ed Davis;F;30:24;9;12;0;0;1;4;0;7;7;1;1;0;1;1;19;
Aaron Gray;C;8:52;0;0;0;0;0;0;0;1;1;1;0;0;1;4;0;
DeMar DeRozan;G;34:43;11;17;1;3;1;1;0;2;2;0;3;0;1;2;24;
Jose Calderon;G;22:48;0;1;0;1;0;0;0;1;1;13;0;0;0;0;0;
Amir Johnson;;30:36;7;12;0;0;3;3;3;4;7;4;1;1;2;1;17;
Alan Anderson;;20:23;2;9;0;2;0;0;1;1;2;2;1;0;2;3;4;
Kyle Lowry;;22:07;0;2;0;2;0;0;1;1;2;9;2;0;2;2;0;
Landry Fields;;20:14;3;4;0;0;1;1;0;7;7;1;1;0;2;3;7;
Terrence Ross;;24:53;8;14;6;9;4;6;1;4;5;2;2;0;0;2;26;
Quincy Acy;;4:54;0;0;0;0;2;2;0;0;0;0;0;1;0;2;2;
John Lucas III;;3:05;1;2;1;2;0;0;1;0;1;1;0;0;0;0;3;
