11-02;HOU-ATL;109-102;
28-21;25-23;28-30;28-28;
HOU
Chandler Parsons;F;30:41;2;9;1;6;1;2;2;3;5;6;3;0;3;2;6;
Patrick Patterson;F;28:58;4;11;1;4;0;0;3;4;7;2;2;1;3;0;9;
Omer Asik;C;35:13;0;7;0;0;0;0;9;10;19;1;1;1;3;2;0;
James Harden;G;39:49;14;19;2;4;15;17;1;6;7;2;0;0;5;3;45;
Jeremy Lin;G;39:50;6;16;2;3;7;8;5;5;10;7;0;0;3;2;21;
Marcus Morris;;19:02;8;14;1;6;0;0;2;3;5;0;0;0;1;2;17;
Cole Aldrich;;12:31;2;3;0;0;0;0;1;0;1;0;0;0;0;3;4;
Toney Douglas;;8:10;0;3;0;2;0;0;0;2;2;2;0;0;1;3;0;
Carlos Delfino;;25:47;2;8;1;5;2;2;0;2;2;2;2;0;2;1;7;
ATL
Kyle Korver;F;14:45;0;3;0;2;0;0;0;2;2;2;2;0;0;5;0;
Josh Smith;F;41:33;9;21;0;1;0;0;1;9;10;2;0;3;3;2;18;
Al Horford;C;37:28;6;10;0;0;2;2;0;5;5;3;1;0;2;1;14;
Devin Harris;G;21:41;4;10;1;5;0;0;0;2;2;2;2;0;1;0;9;
Jeff Teague;G;27:01;6;10;0;0;2;2;0;1;1;7;2;1;4;4;14;
DeShawn Stevenson;;28:59;4;6;4;6;0;0;1;1;2;1;2;0;0;6;12;
Zaza Pachulia;;21:51;4;5;0;0;5;6;5;3;8;1;0;0;0;4;13;
Lou Williams;;30:38;7;17;2;5;6;7;0;4;4;5;3;0;3;2;22;
Anthony Tolliver;;16:05;0;3;0;3;0;0;0;2;2;0;0;0;0;2;0;
