12-18;ATL-WAS;100-95;
28-22;24-24;20-23;18-21;10-5;
ATL
Kyle Korver;F;38:37;5;6;3;4;3;4;1;6;7;2;0;1;2;5;16;
Josh Smith;F;42:14;6;12;0;2;5;10;3;10;13;1;3;5;3;4;17;
Al Horford;C;44:05;2;11;0;0;1;2;1;10;11;6;1;1;1;2;5;
Devin Harris;G;14:26;3;6;2;5;0;0;0;0;0;1;1;0;3;1;8;
Jeff Teague;G;33:20;5;12;1;2;2;2;0;3;3;6;2;1;2;5;13;
Zaza Pachulia;;14:57;0;2;0;1;0;0;1;4;5;2;2;0;1;2;0;
Lou Williams;;39:56;6;18;2;7;10;11;0;2;2;1;0;1;1;1;24;
Ivan Johnson;;16:00;2;5;0;1;1;2;1;1;2;1;1;0;2;0;5;
Anthony Tolliver;;8:34;2;3;0;1;0;0;0;1;1;0;0;0;0;0;4;
DeShawn Stevenson;;12:51;3;3;1;1;1;3;2;3;5;0;0;0;0;0;8;
WAS
Chris Singleton;F;11:12;1;4;0;0;0;0;0;2;2;1;2;0;0;2;2;
Martell Webster;F;37:26;3;9;1;4;4;4;0;2;2;2;0;1;1;4;11;
Emeka Okafor;C;24:56;3;9;0;0;0;0;2;0;2;1;0;0;1;0;6;
Bradley Beal;G;40:12;8;22;0;3;1;2;3;2;5;4;2;0;1;4;17;
Jordan Crawford;G;44:23;10;22;5;10;2;2;2;9;11;11;0;0;1;1;27;
Nene;;24:00;5;7;0;0;8;10;0;4;4;6;3;1;2;2;18;
Kevin Seraphin;;19:48;2;6;0;0;0;0;2;3;5;0;0;0;1;5;4;
Shaun Livingston;;14:59;0;1;0;0;2;2;0;2;2;3;1;0;2;0;2;
Cartier Martin;;21:60;2;5;0;1;0;2;0;2;2;0;1;1;0;1;4;
Earl Barron;;26:04;2;10;0;0;0;0;6;8;14;0;1;4;4;5;4;
