11-19;GSW-DAL;105-101;
23-20;20-18;24-27;23-25;15-11;
GSW
Harrison Barnes;F;39:43;8;16;4;6;0;2;2;10;12;0;1;0;2;1;20;
David Lee;F;43:10;7;17;0;0;3;6;4;15;19;3;1;0;3;4;17;
Festus Ezeli;C;21:15;4;4;0;0;1;3;7;1;8;0;0;1;2;3;9;
Klay Thompson;G;41:45;2;14;1;6;2;2;1;2;3;2;1;1;4;4;7;
Stephen Curry;G;43:16;9;21;3;7;10;10;0;6;6;9;2;0;4;2;31;
Andris Biedrins;;13:22;0;0;0;0;0;0;2;0;2;0;0;0;0;1;0;
Carl Landry;;15:22;3;8;0;0;1;2;3;1;4;0;0;0;2;2;7;
Jarrett Jack;;15:12;1;5;0;3;0;0;0;0;0;4;1;0;2;2;2;
Draymond Green;;25:31;2;4;1;2;4;4;0;7;7;1;3;0;1;4;9;
Charles Jenkins;;6:11;1;2;0;0;1;1;0;1;1;0;1;0;0;1;3;
Kent Bazemore;;0:10;0;0;0;0;0;0;0;0;0;0;0;0;0;0;0;
Jeremy Tyler;;0:05;0;0;0;0;0;0;0;0;0;0;0;0;0;0;0;
DAL
Shawn Marion;F;33:33;3;9;1;2;0;0;1;0;1;3;1;0;2;1;7;
Elton Brand;F;14:06;2;6;0;1;1;2;1;2;3;1;0;2;2;0;5;
Chris Kaman;C;35:24;5;11;0;0;8;9;3;14;17;1;1;2;0;2;18;
O.J. Mayo;G;40:34;11;21;3;6;2;2;0;5;5;4;2;0;1;2;27;
Darren Collison;G;38:19;2;11;1;1;2;2;0;0;0;5;3;0;5;5;7;
Bernard James;;17:36;2;2;0;0;0;3;1;4;5;0;0;3;0;1;4;
Troy Murphy;;23:53;4;7;4;6;0;0;1;3;4;1;4;2;1;3;12;
Vince Carter;;27:19;4;9;1;4;0;0;0;2;2;5;0;1;1;4;9;
Rodrigue Beaubois;;6:41;0;1;0;0;0;0;0;0;0;0;0;0;0;0;0;
Dominique Jones;;14:41;2;6;0;0;3;4;0;3;3;4;1;0;3;1;7;
Dahntay Jones;;8:46;1;2;0;1;0;0;0;2;2;0;0;0;1;3;2;
Brandan Wright;;4:08;1;1;0;0;1;2;0;1;1;0;0;1;0;0;3;
