11-03;CHA-DAL;99-126;
19-31;34-30;28-36;18-29;
CHA
Michael Kidd-Gilchrist;F;27:10;4;8;0;0;5;9;3;2;5;2;5;1;3;1;13;
Byron Mullens;F;32:20;7;18;2;8;0;0;3;7;10;1;0;0;1;2;16;
Brendan Haywood;C;30:56;7;13;0;0;0;0;7;4;11;0;0;1;0;3;14;
Gerald Henderson;G;20:25;2;9;0;0;3;4;2;1;3;2;1;0;1;1;7;
Kemba Walker;G;31:11;4;10;0;3;2;2;0;3;3;5;3;0;1;1;10;
Ben Gordon;;18:59;2;6;0;1;2;2;0;0;0;1;1;0;1;0;6;
Reggie Williams;;4:58;1;2;0;1;0;0;0;0;0;0;1;0;1;2;2;
Ramon Sessions;;28:14;8;13;1;3;5;5;0;4;4;5;0;0;1;0;22;
Bismack Biyombo;;10:51;0;1;0;0;0;0;0;0;0;0;1;0;1;0;0;
Tyrus Thomas;;19:02;4;7;0;0;1;2;0;2;2;1;1;0;0;3;9;
Jeff Taylor;;5:51;0;2;0;0;0;0;0;0;0;0;0;0;0;0;0;
Matt Carroll;;5:51;0;0;0;0;0;0;0;0;0;1;0;0;0;1;0;
Cory Higgins;;4:12;0;2;0;1;0;0;0;0;0;1;0;0;0;0;0;
DAL
Shawn Marion;F;21:48;3;3;0;0;2;3;2;7;9;2;0;2;5;1;8;
Elton Brand;F;20:04;1;5;0;0;0;0;1;1;2;3;0;1;2;2;2;
Brandan Wright;C;23:15;5;8;0;0;0;2;1;5;6;1;1;1;2;2;10;
O.J. Mayo;G;31:38;10;17;7;10;3;3;1;5;6;3;0;0;2;2;30;
Darren Collison;G;31:54;8;12;2;2;0;0;0;3;3;10;1;0;2;2;18;
Jae Crowder;;21:36;4;5;1;2;1;1;0;3;3;2;1;1;1;3;10;
Chris Kaman;;20:27;8;9;0;0;0;0;1;3;4;2;0;0;2;2;16;
Vince Carter;;21:54;7;12;4;8;0;0;0;1;1;2;2;1;2;2;18;
Dominique Jones;;16:06;1;6;0;1;4;4;2;0;2;6;1;0;3;2;6;
Bernard James;;9:14;0;0;0;0;0;0;0;0;0;0;0;0;0;1;0;
Jared Cunningham;;8:05;2;2;2;2;0;0;0;1;1;0;0;0;0;1;6;
Troy Murphy;;8:43;0;0;0;0;0;0;0;5;5;0;0;0;1;3;0;
Dahntay Jones;;5:15;0;1;0;0;2;2;0;1;1;0;0;1;0;0;2;
