12-08;PHI-BOS;79-92;
16-24;12-24;29-22;22-22;
PHI
Evan Turner;F;40:13;6;16;1;3;0;0;1;2;3;3;0;0;1;3;13;
Thaddeus Young;F;34:38;9;15;0;0;4;6;0;3;3;1;1;1;1;4;22;
Lavoy Allen;C;22:26;2;8;0;0;0;0;4;5;9;2;1;0;1;1;4;
Jrue Holiday;G;41:02;4;13;1;4;2;2;2;3;5;8;0;0;2;3;11;
Jason Richardson;G;28:17;2;7;2;5;2;2;1;2;3;0;1;0;2;2;8;
Spencer Hawes;;29:26;3;7;0;1;0;0;2;6;8;1;0;2;0;5;6;
Dorell Wright;;19:47;2;5;0;2;0;0;1;0;1;0;0;0;1;1;4;
Damien Wilkins;;5:42;0;2;0;1;0;0;0;0;0;0;0;0;0;0;0;
Arnett Moultrie;;8:10;1;2;0;0;2;2;1;2;3;0;0;0;0;0;4;
Maalik Wayns;;10:19;2;4;0;1;3;4;0;1;1;1;1;0;0;0;7;
BOS
Paul Pierce;F;32:35;5;11;0;2;3;4;0;3;3;9;1;0;1;1;13;
Brandon Bass;F;31:56;5;8;0;0;0;0;1;3;4;0;0;0;1;3;10;
Kevin Garnett;C;23:26;9;11;0;0;1;1;0;0;0;2;1;0;1;2;19;
Jason Terry;G;27:46;3;9;2;5;1;2;0;1;1;0;0;0;1;0;9;
Rajon Rondo;G;35:57;3;6;0;2;1;3;2;7;9;11;3;0;4;2;7;
Chris Wilcox;;18:10;4;5;0;0;0;0;1;2;3;0;1;2;0;4;8;
Courtney Lee;;20:36;1;3;1;2;0;0;0;2;2;2;0;0;1;0;3;
Jeff Green;;22:45;7;12;1;1;1;1;0;0;0;1;0;0;2;2;16;
Jared Sullinger;;22:23;3;8;0;1;1;1;3;6;9;0;0;0;0;3;7;
Leandro Barbosa;;4:26;0;2;0;1;0;0;0;1;1;0;0;0;0;2;0;
