01-25;BOS-ATL;111-123;
29-10;28-28;16-31;25-29;9-9;4-16;
BOS
Paul Pierce;F;35:26;3;11;0;4;4;4;2;4;6;4;0;0;4;4;10;
Brandon Bass;F;16:44;0;4;0;0;0;0;0;2;2;1;1;0;1;1;0;
Kevin Garnett;C;37:09;11;17;0;0;2;2;1;9;10;4;1;0;2;4;24;
Avery Bradley;G;27:03;6;11;2;3;0;0;0;1;1;1;1;0;2;0;14;
Rajon Rondo;G;39:39;7;15;0;0;0;0;4;5;9;10;1;0;4;3;14;
Jared Sullinger;;22:35;0;3;0;0;0;0;0;5;5;2;2;0;2;4;0;
Jason Collins;;13:15;0;1;0;0;0;0;0;0;0;0;0;0;1;4;0;
Jeff Green;;27:07;4;8;1;2;8;8;1;5;6;0;0;0;1;1;17;
Jason Terry;;18:36;4;6;3;4;1;1;0;1;1;1;0;1;1;0;12;
Courtney Lee;;23:58;5;10;1;4;5;5;2;5;7;4;2;0;0;4;16;
Leandro Barbosa;;3:29;0;1;0;0;0;0;0;0;0;0;0;0;0;0;0;
ATL
Josh Smith;F;42:05;6;18;0;3;2;8;4;9;13;6;0;1;2;2;14;
Ivan Johnson;F;18:01;5;8;0;1;1;1;0;1;1;1;0;0;1;2;11;
Al Horford;C;46:04;5;13;0;0;7;7;3;8;11;3;2;0;2;5;17;
Kyle Korver;G;39:31;8;13;8;12;3;3;1;5;6;4;2;2;1;1;27;
Jeff Teague;G;40:15;8;11;2;3;5;6;0;4;4;7;3;1;2;6;23;
Devin Harris;;33:21;3;11;2;8;2;2;0;2;2;2;2;1;2;2;10;
Zaza Pachulia;;11:28;1;1;0;0;0;0;1;2;3;1;0;0;0;0;2;
Jannero Pargo;;16:47;0;6;0;4;0;0;1;1;2;3;0;0;0;0;0;
DeShawn Stevenson;;8:14;0;2;0;2;1;2;0;1;1;0;0;0;0;1;1;
John Jenkins;;5:30;1;4;0;2;0;0;1;0;1;0;0;0;1;0;2;
Mike Scott;;3:47;0;0;0;0;0;0;0;0;0;1;0;0;1;1;0;
