03-15;MEM-DEN;80-87;
18-23;29-25;19-10;14-29;
MEM
Tayshaun Prince;F;35:20;5;13;1;4;0;0;2;2;4;3;1;0;1;4;11;
Zach Randolph;F;38:59;6;14;0;0;6;8;10;8;18;1;1;0;2;4;18;
Marc Gasol;C;40:19;6;13;0;0;2;2;1;6;7;5;1;3;2;4;14;
Tony Allen;G;25:23;3;12;0;0;2;2;2;4;6;2;2;1;0;2;8;
Mike Conley;G;38:55;4;13;1;4;2;2;3;3;6;3;2;0;7;4;11;
Quincy Pondexter;;19:31;0;2;0;1;0;0;0;1;1;0;0;0;0;2;0;
Jerryd Bayless;;23:05;3;9;2;3;2;2;0;2;2;0;0;0;2;2;10;
Ed Davis;;10:40;1;5;0;0;2;3;2;1;3;0;1;1;0;0;4;
Tony Wroten;;7:49;2;4;0;0;0;0;0;0;0;2;0;0;0;0;4;
DEN
Danilo Gallinari;F;35:19;5;11;1;3;4;4;0;4;4;2;2;0;1;0;15;
Kenneth Faried;F;19:19;3;8;0;0;2;5;3;1;4;1;1;4;2;5;8;
Kosta Koufos;C;30:53;7;9;0;0;4;6;7;9;16;0;0;3;1;5;18;
Andre Iguodala;G;34:14;4;9;0;1;0;0;0;7;7;7;1;0;0;0;8;
Ty Lawson;G;34:49;4;12;0;4;0;0;0;0;0;4;1;0;2;1;8;
JaVale McGee;;11:58;2;4;0;0;0;0;2;1;3;0;1;3;2;0;4;
Corey Brewer;;22:02;3;8;0;1;5;5;1;2;3;1;1;0;2;1;11;
Wilson Chandler;;25:18;2;9;0;3;1;2;0;4;4;0;1;0;3;3;5;
Andre Miller;;26:08;5;7;0;0;0;0;0;1;1;3;0;0;3;2;10;
