12-14;MIN-NOH;113-102;
28-23;22-27;32-23;31-29;
MIN
Andrei Kirilenko;F;39:13;10;16;0;2;1;1;2;9;11;2;1;1;1;0;21;
Kevin Love;F;35:32;4;18;1;4;5;7;3;6;9;3;0;0;1;1;14;
Nikola Pekovic;C;31:52;14;18;0;0;3;4;4;1;5;1;1;0;2;3;31;
Alexey Shved;G;34:53;5;8;3;4;0;1;0;2;2;8;2;0;2;2;13;
Luke Ridnour;G;37:54;5;6;3;3;2;2;1;2;3;10;4;0;1;2;15;
Josh Howard;;7:12;1;2;0;1;1;2;0;2;2;0;0;0;0;1;3;
Greg Stiemsma;;2:24;0;0;0;0;0;0;0;0;0;0;0;2;1;2;0;
Jose Juan Barea;;22:50;6;12;0;2;0;0;1;4;5;5;1;0;1;0;12;
Dante Cunningham;;19:44;1;6;0;0;0;0;3;0;3;0;0;0;1;0;2;
Derrick Williams;;8:26;1;2;0;1;0;0;0;0;0;0;0;0;2;1;2;
NOH
Al-Farouq Aminu;F;24:35;3;5;0;0;0;0;2;6;8;1;1;1;1;1;6;
Ryan Anderson;F;39:22;8;17;4;11;0;0;3;4;7;1;2;0;1;4;20;
Robin Lopez;C;25:29;5;10;0;0;0;0;1;0;1;0;0;1;1;2;10;
Austin Rivers;G;37:32;9;14;5;6;4;4;0;0;0;3;0;0;2;2;27;
Greivis Vasquez;G;42:45;7;14;1;4;0;0;0;5;5;16;0;1;4;3;15;
Anthony Davis;;28:15;4;5;0;0;3;5;0;7;7;2;1;3;3;2;11;
Darius Miller;;9:38;0;0;0;0;0;0;0;0;0;0;0;0;0;1;0;
Brian Roberts;;19:02;4;8;1;3;0;0;1;0;1;3;1;0;1;0;9;
Lance Thomas;;7:07;0;3;0;0;0;0;0;0;0;0;0;0;0;1;0;
Xavier Henry;;6:15;2;2;0;0;0;1;0;1;1;0;0;0;1;0;4;
