12-08;DAL-HOU;116-109;
39-24;24-42;21-23;32-20;
DAL
Dahntay Jones;F;20:44;3;7;0;1;2;2;0;0;0;0;1;0;0;1;8;
Brandan Wright;F;29:55;4;6;0;0;0;0;2;4;6;3;0;2;1;0;8;
Chris Kaman;C;18:35;9;13;0;0;2;2;3;4;7;0;0;0;2;2;20;
O.J. Mayo;G;42:02;15;26;6;9;4;4;1;7;8;3;2;0;2;2;40;
Derek Fisher;G;29:55;1;5;1;3;4;4;0;1;1;5;0;0;1;2;7;
Darren Collison;;31:48;3;9;0;3;6;6;0;4;4;5;2;0;2;4;12;
Elton Brand;;14:42;1;4;0;0;0;0;0;4;4;2;0;0;0;2;2;
Dominique Jones;;8:54;0;1;0;0;0;0;1;0;1;2;0;0;2;0;0;
Vince Carter;;21:45;5;12;2;6;0;0;1;4;5;3;0;0;2;5;12;
Jae Crowder;;15:11;2;7;1;2;1;5;2;1;3;1;2;0;0;2;6;
Bernard James;;6:27;0;1;0;0;1;2;1;0;1;0;0;0;0;3;1;
Rodrigue Beaubois;;0:03;0;0;0;0;0;0;0;0;0;0;0;0;0;1;0;
HOU
Chandler Parsons;F;41:59;6;17;1;6;5;6;2;8;10;5;2;0;1;5;18;
Patrick Patterson;F;29:31;6;8;0;1;0;0;1;3;4;2;0;1;2;2;12;
Omer Asik;C;19:59;2;4;0;0;2;7;1;6;7;2;0;0;4;0;6;
James Harden;G;45:47;10;17;4;9;15;16;0;6;6;9;2;1;6;3;39;
Jeremy Lin;G;18:05;2;4;2;3;1;2;0;2;2;3;2;0;1;2;7;
Greg Smith;;2:28;1;1;0;0;0;0;0;0;0;0;0;0;0;2;2;
Toney Douglas;;34:51;4;9;3;6;2;3;0;3;3;3;1;0;1;5;13;
Carlos Delfino;;35:14;3;11;2;10;2;2;0;2;2;3;0;0;1;2;10;
Cole Aldrich;;12:07;1;1;0;0;0;2;0;3;3;1;1;2;3;5;2;
