11-16;GSW-MIN;106-98;
22-27;31-23;29-19;24-29;
GSW
Harrison Barnes;F;34:37;8;15;0;2;2;2;2;7;9;1;0;0;1;2;18;
David Lee;F;34:15;8;15;0;0;2;3;6;7;13;3;1;0;1;2;18;
Festus Ezeli;C;15:51;2;2;0;0;0;0;4;1;5;0;0;1;1;3;4;
Klay Thompson;G;27:47;5;14;1;6;1;2;0;3;3;2;1;0;2;3;12;
Stephen Curry;G;29:09;7;12;0;3;3;3;2;2;4;6;1;1;3;6;17;
Andris Biedrins;;16:15;0;0;0;0;0;0;0;3;3;3;0;1;0;1;0;
Carl Landry;;28:55;6;8;0;0;3;5;1;6;7;0;0;2;3;3;15;
Jarrett Jack;;24:21;5;9;1;1;2;2;0;0;0;4;0;0;4;2;13;
Richard Jefferson;;13:23;1;6;0;2;0;1;0;0;0;0;0;0;0;1;2;
Draymond Green;;10:40;0;1;0;1;3;4;2;2;4;2;0;0;0;3;3;
Charles Jenkins;;4:46;1;3;0;0;2;4;0;2;2;0;0;0;0;0;4;
MIN
Andrei Kirilenko;F;38:52;5;9;2;3;6;8;3;3;6;0;0;4;3;2;18;
Derrick Williams;F;37:01;8;16;1;2;6;6;1;6;7;2;0;4;3;1;23;
Greg Stiemsma;C;16:31;1;3;0;0;3;4;1;3;4;1;0;1;2;3;5;
Malcolm Lee;G;18:55;0;2;0;0;0;0;0;1;1;2;0;0;1;3;0;
Luke Ridnour;G;39:15;3;11;1;4;2;3;0;3;3;5;2;0;1;5;9;
Alexey Shved;;32:51;8;17;3;8;3;4;1;2;3;7;0;1;2;5;22;
Lou Amundson;;14:27;0;2;0;0;1;2;1;1;2;1;1;1;0;0;1;
Josh Howard;;14:07;3;10;0;1;0;0;2;0;2;0;2;0;0;1;6;
Dante Cunningham;;28:01;6;9;0;0;2;2;2;4;6;1;1;1;0;3;14;
