12-13;LAL-NYK;107-116;
27-41;22-27;31-25;27-23;
LAL
Antawn Jamison;F;21:28;1;3;1;3;0;0;0;6;6;1;0;0;0;2;3;
Metta World Peace;F;33:15;7;15;3;6;6;7;3;3;6;0;2;1;2;2;23;
Dwight Howard;C;37:51;8;11;0;0;4;6;3;4;7;1;0;1;2;4;20;
Kobe Bryant;G;44:02;10;24;5;11;6;6;2;8;10;6;1;1;5;5;31;
Chris Duhon;G;29:05;1;6;1;5;0;0;0;2;2;4;1;0;0;0;3;
Jordan Hill;;3:17;0;1;0;0;0;0;2;0;2;0;0;0;1;2;0;
Jodie Meeks;;28:27;3;11;2;9;4;4;0;4;4;0;0;1;1;2;12;
Robert Sacre;;6:52;0;1;0;0;0;0;1;1;2;0;0;0;0;2;0;
Devin Ebanks;;33:55;5;11;0;3;5;6;1;4;5;1;0;0;2;2;15;
Earl Clark;;1:48;0;1;0;0;0;0;0;0;0;0;0;0;0;0;0;
NYK
Carmelo Anthony;F;22:55;10;15;3;5;7;8;0;3;3;0;1;0;0;1;30;
Ronnie Brewer;F;26:44;3;6;0;2;0;0;0;2;2;2;1;1;0;2;6;
Tyson Chandler;C;35:58;5;5;0;0;8;14;3;1;4;2;2;1;1;4;18;
Raymond Felton;G;35:58;9;26;0;3;1;2;0;3;3;8;1;0;1;1;19;
Jason Kidd;G;38:43;1;2;1;2;2;2;0;9;9;5;2;0;1;1;5;
J.R. Smith;;26:16;7;14;2;4;2;2;0;3;3;2;0;0;1;4;18;
Steve Novak;;25:36;4;5;4;5;0;0;0;3;3;4;0;0;0;2;12;
Rasheed Wallace;;12:02;3;5;2;4;0;2;0;3;3;0;1;0;0;4;8;
Pablo Prigioni;;11:58;0;0;0;0;0;0;1;2;3;1;2;0;1;0;0;
James White;;3:50;0;1;0;0;0;0;0;0;0;1;0;0;1;1;0;
