02-28;LAC-IND;99-91;
26-25;23-22;27-22;23-22;
LAC
Caron Butler;F;22:09;1;9;0;6;0;0;1;0;1;0;0;0;0;1;2;
Blake Griffin;F;36:20;7;10;0;0;4;5;2;12;14;2;0;0;1;5;18;
DeAndre Jordan;C;9:35;2;3;0;0;0;0;1;0;1;0;1;2;1;2;4;
Chauncey Billups;G;20:55;1;6;1;6;0;0;0;1;1;1;1;1;1;3;3;
Chris Paul;G;34:46;11;18;1;3;6;6;1;5;6;8;1;0;2;1;29;
Lamar Odom;;28:25;2;8;0;3;2;4;1;2;3;1;1;1;1;4;6;
Jamal Crawford;;27:00;9;16;1;2;4;4;0;1;1;0;0;0;2;2;23;
Matt Barnes;;25:56;1;3;0;2;0;0;1;2;3;1;1;0;0;4;2;
Ronny Turiaf;;21:40;2;3;0;0;1;2;1;2;3;1;2;2;3;3;5;
Eric Bledsoe;;13:14;3;4;1;1;0;0;1;2;3;4;1;0;0;1;7;
IND
Paul George;F;42:27;7;18;4;11;2;2;0;4;4;5;2;1;4;2;20;
David West;F;38:37;5;14;1;1;11;14;4;2;6;4;1;1;4;3;22;
Ian Mahinmi;C;24:54;2;3;0;0;1;1;0;5;5;1;1;2;1;3;5;
Lance Stephenson;G;29:13;7;8;1;1;1;2;0;7;7;4;1;0;4;2;16;
George Hill;G;37:52;4;12;2;7;2;4;3;1;4;1;0;0;0;4;12;
Jeff Ayres;;14:56;1;3;0;0;0;0;3;4;7;0;1;0;2;3;2;
Danny Granger;;18:59;5;10;1;2;1;2;1;1;2;1;0;0;2;1;12;
D.J. Augustin;;10:37;0;2;0;2;0;0;0;0;0;1;0;0;0;1;0;
Tyler Hansbrough;;17:26;0;3;0;0;0;0;2;2;4;0;0;0;2;3;0;
Orlando Johnson;;4:59;1;2;0;1;0;0;1;0;1;1;0;0;1;0;2;
