12-29;NOH-CHA;98-95;
22-25;18-32;33-16;25-22;
NOH
Lance Thomas;F;12:49;1;4;0;0;0;0;0;0;0;1;0;1;0;2;2;
Anthony Davis;F;37:23;4;11;0;1;0;2;4;6;10;0;0;3;3;1;8;
Robin Lopez;C;26:08;4;7;0;0;0;0;4;3;7;1;0;4;1;1;8;
Austin Rivers;G;12:46;0;2;0;1;0;0;0;0;0;2;2;1;0;1;0;
Greivis Vasquez;G;42:02;7;13;2;3;0;0;1;3;4;8;4;0;4;2;16;
Dominic McGuire;;13:59;1;2;0;0;0;0;0;1;1;0;2;0;1;2;2;
Eric Gordon;;24:52;5;13;2;6;12;14;0;0;0;7;2;0;2;1;24;
Ryan Anderson;;27:41;6;14;3;6;4;6;3;5;8;1;0;0;0;3;19;
Brian Roberts;;5:58;0;1;0;0;0;0;0;0;0;0;0;0;2;0;0;
Jason Smith;;5:48;2;5;0;1;0;0;1;1;2;0;0;0;1;4;4;
Xavier Henry;;9:14;1;5;0;1;0;0;0;0;0;1;0;0;0;1;2;
Roger Mason Jr.;;21:20;4;5;4;5;1;1;0;6;6;3;0;0;1;2;13;
CHA
Michael Kidd-Gilchrist;F;25:49;11;14;0;0;0;2;2;7;9;1;1;2;3;4;22;
Hakim Warrick;F;29:49;4;9;0;0;4;6;2;8;10;2;1;2;3;1;12;
Bismack Biyombo;C;26:22;0;4;0;0;0;0;2;5;7;0;0;2;1;1;0;
Gerald Henderson;G;30:13;6;10;2;3;5;6;1;4;5;4;1;1;1;2;19;
Kemba Walker;G;39:52;7;15;0;1;1;2;1;2;3;9;2;0;2;4;15;
Brendan Haywood;;19:36;2;3;0;0;0;0;4;2;6;2;1;0;1;2;4;
Ramon Sessions;;29:55;1;9;0;2;1;2;0;1;1;5;1;0;1;0;3;
Jeff Taylor;;19:59;2;2;2;2;0;0;0;1;1;1;1;0;0;2;6;
Ben Gordon;;18:25;6;13;0;2;2;2;0;0;0;3;0;0;3;1;14;
