02-05;MIL-DEN;104-112;
29-27;37-24;20-28;18-33;
MIL
Luc Mbah a Moute;F;37:45;5;10;1;1;1;2;1;5;6;2;2;0;2;5;12;
Ersan Ilyasova;F;23:46;3;6;0;2;0;0;0;4;4;2;0;0;2;5;6;
Larry Sanders;C;22:56;6;11;0;0;0;0;2;5;7;1;0;5;0;3;12;
Monta Ellis;G;41:43;6;21;0;5;0;0;1;5;6;6;1;3;2;2;12;
Brandon Jennings;G;39:50;5;15;0;3;2;5;0;2;2;10;3;1;7;2;12;
Beno Udrih;;13:53;3;4;1;1;0;0;0;1;1;2;0;0;0;3;7;
Samuel Dalembert;;27:07;17;21;0;0;1;1;7;5;12;2;0;1;0;3;35;
Mike Dunleavy;;21:02;2;5;1;4;1;2;0;3;3;2;0;0;2;4;6;
John Henson;;11:59;1;7;0;0;0;1;1;2;3;0;0;1;1;1;2;
DEN
Danilo Gallinari;F;36:25;7;14;3;6;5;7;1;5;6;0;0;2;3;5;22;
Kenneth Faried;F;30:18;5;11;0;0;3;4;2;8;10;3;1;2;3;3;13;
Kosta Koufos;C;16:31;3;9;0;0;0;0;6;2;8;0;0;0;0;0;6;
Andre Iguodala;G;31:59;4;9;0;1;0;2;1;4;5;5;4;2;3;0;8;
Ty Lawson;G;36:37;6;11;1;4;9;11;0;2;2;7;2;0;2;2;22;
Wilson Chandler;;21:05;3;11;0;2;1;2;2;8;10;1;0;2;2;1;7;
JaVale McGee;;17:56;3;5;0;0;2;2;3;2;5;0;0;4;2;3;8;
Andre Miller;;22:25;3;8;0;1;0;0;0;3;3;9;0;0;0;2;6;
Corey Brewer;;26:46;6;13;1;2;7;9;1;3;4;1;2;0;2;3;20;
