12-10;ATL-MIA;92-101;
26-28;28-28;20-26;18-19;
ATL
Josh Smith;F;37:15;7;18;4;5;4;5;1;2;3;6;0;1;2;2;22;
DeShawn Stevenson;F;26:55;4;11;4;11;0;0;1;3;4;0;0;0;0;1;12;
Al Horford;C;39:49;8;14;0;0;4;4;4;7;11;1;2;0;3;3;20;
Devin Harris;G;23:07;2;7;0;4;0;0;0;2;2;0;1;0;0;5;4;
Jeff Teague;G;39:10;3;10;1;3;4;4;1;2;3;3;2;0;5;1;11;
Lou Williams;;31:02;3;8;0;3;5;5;0;1;1;4;2;0;1;0;11;
Zaza Pachulia;;18:35;0;0;0;0;0;0;0;3;3;1;0;0;1;2;0;
Anthony Morrow;;16:04;3;4;0;1;0;0;0;3;3;0;1;0;1;1;6;
John Jenkins;;2:41;1;2;0;1;0;0;0;1;1;1;0;0;0;0;2;
Johan Petro;;2:41;1;1;0;0;0;0;1;0;1;0;0;0;0;1;2;
Anthony Tolliver;;2:41;0;0;0;0;2;2;0;0;0;0;0;0;1;0;2;
MIA
LeBron James;F;40:21;10;16;1;2;6;7;1;6;7;6;2;0;3;0;27;
Rashard Lewis;F;13:54;1;3;1;3;0;0;0;2;2;0;0;0;0;2;3;
Chris Bosh;C;32:25;6;11;0;0;2;6;0;10;10;2;1;0;2;2;14;
Dwyane Wade;G;34:24;11;13;1;1;3;6;0;4;4;3;0;0;4;4;26;
Mario Chalmers;G;23:52;1;3;0;2;2;2;0;0;0;4;2;0;2;1;4;
Shane Battier;;18:57;3;5;3;5;0;0;0;0;0;0;2;1;0;2;9;
Joel Anthony;;18:09;1;1;0;0;0;0;0;0;0;0;2;2;0;1;2;
Ray Allen;;26:34;1;8;0;3;1;1;1;5;6;3;1;0;1;1;3;
Norris Cole;;23:06;4;4;2;2;0;0;0;2;2;4;0;0;2;5;10;
Mike Miller;;8:18;1;3;1;3;0;0;0;1;1;1;0;0;0;0;3;
