01-25;GSW-CHI;87-103;
13-31;37-32;16-21;21-19;
GSW
Harrison Barnes;F;21:38;0;4;0;2;3;4;0;5;5;3;1;0;2;1;3;
David Lee;F;35:34;6;15;0;0;11;12;2;4;6;1;1;0;2;2;23;
Festus Ezeli;C;8:53;0;0;0;0;0;0;2;1;3;0;0;0;2;4;0;
Klay Thompson;G;32:40;4;13;0;4;5;5;0;8;8;1;2;1;0;3;13;
Stephen Curry;G;36:39;7;18;3;7;4;4;0;1;1;1;0;0;2;1;21;
Andris Biedrins;;8:24;0;0;0;0;0;0;0;0;0;0;0;0;0;1;0;
Jarrett Jack;;26:54;5;12;1;2;0;0;1;4;5;5;0;2;1;2;11;
Draymond Green;;11:06;1;3;0;2;0;0;0;0;0;0;0;0;0;3;2;
Richard Jefferson;;14:45;1;3;0;2;0;0;1;0;1;0;0;0;0;0;2;
Carl Landry;;26:30;2;5;0;0;2;2;2;3;5;0;1;2;1;1;6;
Charles Jenkins;;6:21;0;1;0;0;0;0;0;0;0;1;1;0;0;0;0;
Jeremy Tyler;;5:18;1;2;0;0;0;0;1;1;2;0;0;0;1;1;2;
Kent Bazemore;;5:18;0;2;0;0;4;6;1;0;1;0;0;0;0;0;4;
CHI
Jimmy Butler;F;43:30;6;10;0;1;4;4;4;8;12;2;0;1;2;1;16;
Carlos Boozer;F;34:12;7;21;0;0;1;2;5;8;13;1;0;2;5;5;15;
Joakim Noah;C;39:08;6;11;0;0;2;6;6;10;16;4;1;3;1;4;14;
Richard Hamilton;G;19:42;2;6;0;0;1;1;0;4;4;5;0;1;2;2;5;
Kirk Hinrich;G;38:31;8;11;6;7;3;4;0;2;2;4;0;1;2;3;25;
Marco Belinelli;;17:06;1;5;0;2;1;1;0;1;1;2;0;0;0;1;3;
Taj Gibson;;18:35;0;4;0;0;0;0;0;3;3;0;1;0;0;4;0;
Nazr Mohammed;;2:42;0;0;0;0;0;0;0;0;0;0;0;0;0;1;0;
Nate Robinson;;20:55;10;16;2;7;0;0;1;3;4;4;1;0;1;3;22;
Daequan Cook;;2:53;1;3;1;3;0;0;0;1;1;0;0;0;1;0;3;
Marquis Teague;;1:23;0;0;0;0;0;0;0;0;0;0;0;0;1;2;0;
Vladimir Radmanovic;;1:23;0;1;0;0;0;0;0;0;0;0;1;0;0;0;0;
