02-19;PHX-POR;102-98;
36-23;27-24;21-26;18-25;
PHX
PJ Tucker;F;17:21;2;3;0;1;0;0;2;2;4;0;1;0;2;3;4;
Luis Scola;F;30:06;8;11;0;0;2;2;0;3;3;3;0;0;2;6;18;
Marcin Gortat;C;27:41;6;8;0;0;0;1;0;5;5;1;1;1;1;2;12;
Jared Dudley;G;28:19;5;14;1;5;1;1;1;2;3;4;3;0;1;2;12;
Goran Dragic;G;38:55;5;13;1;4;5;5;0;5;5;18;2;1;5;5;16;
Michael Beasley;;21:02;3;9;0;1;2;2;1;3;4;1;0;0;1;3;8;
Jermaine O'Neal;;20:19;4;8;0;0;1;2;5;8;13;1;0;0;3;1;9;
Markieff Morris;;17:55;2;7;0;0;3;4;2;3;5;1;0;0;1;3;7;
Wesley Johnson;;29:18;5;8;1;2;3;3;3;5;8;0;0;0;0;2;14;
Kendall Marshall;;9:05;1;1;0;0;0;0;0;1;1;1;1;0;1;1;2;
POR
Nicolas Batum;F;40:47;5;14;2;4;3;4;3;2;5;5;1;0;2;1;15;
LaMarcus Aldridge;F;40:13;7;16;0;0;9;9;3;2;5;1;0;0;1;3;23;
JJ Hickson;C;39:25;10;14;0;0;5;7;6;10;16;1;1;1;2;1;25;
Victor Claver;G;21:19;1;2;1;2;1;2;0;2;2;2;2;0;0;2;4;
Damian Lillard;G;40:37;8;19;3;8;5;5;0;0;0;7;0;0;6;0;24;
Will Barton;;6:59;1;4;0;1;0;0;0;0;0;1;2;0;0;0;2;
Meyers Leonard;;5:31;0;0;0;0;2;2;0;0;0;0;0;0;0;2;2;
Sasha Pavlovic;;17:01;1;5;0;2;0;1;0;3;3;1;0;0;2;3;2;
Luke Babbitt;;7:47;0;1;0;1;0;0;0;1;1;0;0;0;0;0;0;
Nolan Smith;;17:17;0;4;0;2;1;2;0;4;4;0;1;0;1;1;1;
Jared Jeffries;;3:04;0;1;0;0;0;0;0;1;1;0;0;0;0;2;0;
