02-12;POR-MIA;104-117;
33-29;26-29;23-28;22-31;
POR
Nicolas Batum;F;39:18;2;5;1;3;0;0;0;2;2;4;0;2;5;3;5;
LaMarcus Aldridge;F;37:12;13;20;0;0;3;3;2;3;5;1;0;0;2;0;29;
JJ Hickson;C;13:00;2;3;0;0;1;1;0;0;0;0;1;0;0;3;5;
Wesley Matthews;G;37:09;8;13;3;6;1;1;0;6;6;3;0;0;2;2;20;
Damian Lillard;G;38:57;10;18;3;8;10;11;0;1;1;3;0;0;4;2;33;
Jared Jeffries;;20:22;2;5;0;0;3;4;1;2;3;1;0;0;0;2;7;
Ronnie Price;;10:07;0;1;0;1;0;0;1;1;2;2;1;0;1;0;0;
Sasha Pavlovic;;22:05;0;2;0;2;0;0;0;2;2;1;1;0;0;5;0;
Luke Babbitt;;16:05;1;4;1;4;0;0;0;3;3;0;0;0;0;0;3;
Joel Freeland;;1:55;1;1;0;0;0;0;0;1;1;0;0;0;0;1;2;
Nolan Smith;;1:55;0;1;0;0;0;0;0;0;0;0;0;0;0;0;0;
Victor Claver;;1:55;0;0;0;0;0;0;0;0;0;0;0;0;0;0;0;
MIA
LeBron James;F;38:45;11;15;1;3;7;8;0;6;6;9;3;2;1;0;30;
Udonis Haslem;F;8:37;1;1;0;0;1;2;0;0;0;0;0;1;0;0;3;
Chris Bosh;C;31:41;13;16;0;1;6;6;3;8;11;0;2;0;0;3;32;
Dwyane Wade;G;35:36;8;18;0;0;8;10;5;4;9;7;1;2;4;2;24;
Mario Chalmers;G;33:31;2;5;1;3;0;0;0;2;2;4;1;0;1;4;5;
Shane Battier;;20:38;3;7;3;6;0;0;1;1;2;1;0;1;0;2;9;
Chris Andersen;;6:13;0;0;0;0;0;0;0;0;0;0;0;1;0;1;0;
Ray Allen;;29:16;5;11;3;6;1;1;0;1;1;1;2;0;0;0;14;
Norris Cole;;15:44;0;0;0;0;0;0;0;0;0;0;0;0;1;5;0;
Joel Anthony;;12:39;0;1;0;0;0;0;1;0;1;0;0;0;1;3;0;
Rashard Lewis;;5:14;0;0;0;0;0;0;0;0;0;0;0;0;1;1;0;
James Jones;;1:15;0;0;0;0;0;0;0;0;0;0;0;0;0;0;0;
Jarvis Varnado;;0:51;0;0;0;0;0;0;0;0;0;0;0;0;0;0;0;
