12-25;OKC-MIA;97-103;
24-27;24-27;24-20;25-29;
OKC
Kevin Durant;F;38:52;11;21;2;4;9;11;1;6;7;3;0;0;4;4;33;
Serge Ibaka;F;36:54;6;10;0;1;3;4;2;4;6;0;0;1;0;3;15;
Kendrick Perkins;C;25:41;1;5;0;0;2;2;0;5;5;1;2;0;4;4;4;
Thabo Sefolosha;G;27:38;0;1;0;1;0;0;0;3;3;2;2;0;0;3;0;
Russell Westbrook;G;43:21;5;19;1;4;10;12;6;5;11;3;2;0;5;4;21;
Kevin Martin;;34:59;4;10;2;5;5;6;0;2;2;1;1;0;2;3;15;
Nick Collison;;19:27;2;3;0;0;2;2;2;2;4;2;1;0;0;3;6;
Reggie Jackson;;13:08;1;2;0;1;1;1;0;1;1;2;0;0;1;1;3;
MIA
LeBron James;F;41:52;12;20;0;3;5;5;3;5;8;9;2;1;3;3;29;
Udonis Haslem;F;16:21;1;2;0;0;0;0;0;2;2;0;1;0;0;3;2;
Chris Bosh;C;30:36;6;11;0;2;4;4;2;4;6;2;0;0;2;3;16;
Dwyane Wade;G;38:22;8;17;1;3;4;4;2;3;5;3;0;0;5;3;21;
Mario Chalmers;G;37:27;8;14;4;8;0;0;0;3;3;2;1;1;0;3;20;
Shane Battier;;23:30;0;5;0;4;0;0;0;0;0;0;0;1;2;4;0;
Joel Anthony;;12:31;0;0;0;0;2;2;1;3;4;0;2;2;0;1;2;
Ray Allen;;22:21;1;5;1;5;4;4;1;3;4;1;0;0;0;3;7;
Norris Cole;;9:47;0;2;0;0;0;0;0;0;0;1;0;0;1;3;0;
Mike Miller;;7:14;2;4;2;3;0;0;0;2;2;2;0;0;0;0;6;
