01-25;MIL-CLE;108-113;
21-18;38-32;31-31;18-32;
MIL
Luc Mbah a Moute;F;18:35;4;6;1;2;0;0;2;1;3;0;1;1;0;1;9;
Ersan Ilyasova;F;39:22;11;21;5;6;3;4;2;5;7;2;1;1;5;2;30;
Larry Sanders;C;34:02;7;11;0;0;0;1;3;8;11;0;0;2;2;3;14;
Monta Ellis;G;41:59;8;20;2;4;3;4;0;6;6;9;2;1;2;4;21;
Brandon Jennings;G;32:07;5;19;4;10;0;1;1;2;3;12;1;0;3;6;14;
Mike Dunleavy;;29:25;1;6;1;4;1;2;1;5;6;3;0;0;3;2;4;
Ekpe Udoh;;15:49;2;2;0;0;1;1;2;2;4;0;0;1;1;1;5;
John Henson;;6:47;2;2;0;0;0;0;0;1;1;0;0;0;0;1;4;
Beno Udrih;;21:54;3;5;1;2;0;0;0;0;0;8;1;0;1;0;7;
CLE
Alonzo Gee;F;29:23;1;5;0;1;0;0;0;8;8;5;2;0;4;1;2;
Tristan Thompson;F;27:55;8;14;0;0;2;2;2;4;6;2;1;3;1;1;18;
Tyler Zeller;C;29:41;3;8;0;0;0;0;4;2;6;1;1;0;0;1;6;
Dion Waiters;G;27:55;6;12;1;2;3;3;0;2;2;4;0;1;3;4;16;
Kyrie Irving;G;33:42;12;17;2;3;9;9;0;5;5;2;2;0;3;3;35;
Daniel Gibson;;20:05;2;6;2;5;0;1;0;2;2;1;0;0;1;2;6;
Luke Walton;;18:17;2;4;0;1;1;3;2;3;5;7;1;0;2;2;5;
Shaun Livingston;;16:24;6;8;0;0;0;0;0;1;1;3;0;1;0;1;12;
Omri Casspi;;6:19;0;1;0;0;0;0;0;1;1;0;1;0;1;0;0;
Marreese Speights;;18:19;4;7;0;0;2;4;0;6;6;0;2;0;0;1;10;
Wayne Ellington;;12:00;1;4;1;3;0;0;0;2;2;2;0;0;1;1;3;
