01-01;POR-NYK;105-100;
30-23;28-24;20-24;27-29;
POR
LaMarcus Aldridge;F;38:29;8;19;0;1;3;6;7;7;14;2;0;0;3;3;19;
Nicolas Batum;F;39:53;7;13;6;12;6;7;1;3;4;6;1;0;3;1;26;
JJ Hickson;C;24:16;9;11;0;0;0;1;3;6;9;2;1;0;4;5;18;
Damian Lillard;G;39:33;9;19;2;8;1;2;0;5;5;6;2;0;3;1;21;
Wesley Matthews;G;29:30;3;6;0;3;2;2;0;3;3;2;1;0;2;5;8;
Jared Jeffries;;15:25;1;1;0;0;0;0;1;1;2;1;0;0;0;4;2;
Victor Claver;;11:25;0;2;0;1;0;0;1;2;3;1;1;0;0;0;0;
Ronnie Price;;18:49;2;3;1;2;0;0;0;1;1;2;0;0;1;1;5;
Luke Babbitt;;17:50;2;6;2;5;0;0;0;6;6;0;0;0;0;2;6;
Will Barton;;4:50;0;1;0;1;0;0;0;0;0;0;0;0;0;0;0;
NYK
Carmelo Anthony;F;41:12;14;24;5;11;12;14;2;5;7;4;1;0;2;3;45;
Kurt Thomas;F;4:03;0;0;0;0;0;0;0;0;0;0;0;0;0;3;0;
Tyson Chandler;C;34:07;4;7;0;0;2;2;6;1;7;1;1;1;2;3;10;
Ronnie Brewer;G;11:36;2;4;1;1;0;0;0;1;1;1;0;0;1;0;5;
Jason Kidd;G;32:57;0;5;0;4;0;0;0;3;3;3;3;0;1;2;0;
J.R. Smith;;40:13;10;22;4;12;4;6;3;8;11;5;3;0;2;2;28;
Steve Novak;;20:26;0;5;0;4;0;0;0;1;1;0;0;0;0;0;0;
Pablo Prigioni;;22:20;1;3;0;2;0;0;1;2;3;3;1;0;0;3;2;
Amar'e Stoudemire;;16:41;3;8;0;0;0;2;0;1;1;0;0;1;2;2;6;
Chris Copeland;;7:11;1;5;0;3;0;0;0;0;0;0;0;0;0;0;2;
Marcus Camby;;9:14;1;1;0;0;0;0;1;2;3;1;0;0;0;1;2;
