03-18;MIA-BOS;105-103;
19-31;34-28;25-23;27-21;
MIA
LeBron James;F;42:15;16;29;1;4;4;6;1;6;7;12;2;2;5;3;37;
Udonis Haslem;F;17:27;2;4;0;0;0;0;2;3;5;1;0;0;0;5;4;
Chris Bosh;C;36:51;6;10;0;1;1;2;0;5;5;2;0;2;1;0;13;
Dwyane Wade;G;35:31;7;15;0;0;2;5;1;6;7;6;3;0;2;2;16;
Mario Chalmers;G;36:34;6;10;4;5;5;6;1;2;3;2;2;1;2;2;21;
Ray Allen;;30:10;2;6;0;3;2;2;2;3;5;1;2;0;1;0;6;
Shane Battier;;16:30;2;5;2;5;0;0;1;3;4;0;0;2;0;2;6;
Chris Andersen;;10:49;0;0;0;0;0;0;2;1;3;0;0;0;2;3;0;
Norris Cole;;13:55;1;6;0;2;0;0;0;0;0;1;2;0;1;1;2;
BOS
Paul Pierce;F;39:48;6;11;2;5;3;6;1;7;8;8;1;1;7;2;17;
Jeff Green;F;40:07;14;21;5;7;10;13;1;6;7;2;2;4;2;2;43;
Brandon Bass;C;29:35;3;5;0;0;0;0;1;4;5;1;1;0;1;4;6;
Courtney Lee;G;40:15;6;10;1;2;0;0;0;3;3;4;3;0;0;4;13;
Avery Bradley;G;31:12;3;11;1;2;0;0;1;2;3;2;0;1;4;3;7;
Jason Terry;;24:21;4;6;0;1;1;1;0;2;2;4;2;0;4;5;9;
Chris Wilcox;;17:55;0;1;0;0;0;0;0;4;4;0;0;0;0;4;0;
Jordan Crawford;;16:48;3;7;1;4;1;4;0;1;1;3;0;1;2;2;8;
