02-19;SAS-SAC;108-102;
28-19;22-22;33-33;25-28;
SAS
Kawhi Leonard;F;30:31;4;11;2;5;5;6;0;2;2;1;1;0;1;2;15;
Tim Duncan;F;28:11;3;8;0;1;3;4;2;12;14;2;2;4;2;2;9;
Tiago Splitter;C;20:38;2;2;0;0;0;2;0;4;4;0;0;2;1;3;4;
Danny Green;G;31:26;8;11;5;8;0;0;0;2;2;3;2;1;1;2;21;
Tony Parker;G;35:09;10;20;0;1;10;12;0;4;4;11;3;0;7;2;30;
Manu Ginobili;;18:56;4;8;1;4;3;4;1;6;7;2;0;0;1;2;12;
Boris Diaw;;27:14;2;3;1;2;5;5;3;2;5;2;0;0;1;3;10;
Gary Neal;;17:51;0;5;0;4;2;2;0;2;2;1;0;0;0;1;2;
DeJuan Blair;;5:10;1;1;0;0;0;0;0;1;1;0;0;0;1;0;2;
Nando De Colo;;9:27;0;2;0;1;0;0;1;1;2;3;0;0;1;1;0;
Matt Bonner;;11:32;0;2;0;2;0;0;0;3;3;0;1;1;1;2;0;
Patty Mills;;3:55;1;2;1;2;0;0;0;0;0;0;0;0;0;1;3;
SAC
John Salmons;F;28:15;2;6;0;2;2;2;1;2;3;2;1;0;3;3;6;
Jason Thompson;F;34:04;4;10;0;0;3;3;1;7;8;2;1;0;1;3;11;
DeMarcus Cousins;C;27:08;3;8;0;0;5;8;3;4;7;4;0;2;3;4;11;
Tyreke Evans;G;30:50;6;15;1;3;7;8;0;5;5;1;3;0;0;3;20;
Isaiah Thomas;G;30:40;6;10;2;4;8;8;0;2;2;4;0;0;2;3;22;
Thomas Robinson;;10:22;1;4;0;0;0;0;2;5;7;1;0;0;0;1;2;
Marcus Thornton;;23:44;6;16;4;9;0;0;0;4;4;0;1;0;0;1;16;
Charles Hayes;;20:52;2;5;0;0;0;0;2;1;3;2;0;0;1;4;4;
Jimmer Fredette;;20:54;4;12;2;5;0;0;1;1;2;3;2;0;0;0;10;
Francisco Garcia;;13:11;0;4;0;2;0;0;0;1;1;2;0;0;0;1;0;
