12-17;LAC-DET;88-76;
21-20;21-20;21-20;25-16;
LAC
Caron Butler;F;18:48;2;6;1;3;6;9;0;3;3;0;1;0;0;1;11;
Blake Griffin;F;28:18;6;11;0;0;3;4;2;2;4;3;2;1;0;4;15;
DeAndre Jordan;C;26:19;3;6;0;0;0;0;5;5;10;1;0;0;1;1;6;
Willie Green;G;17:06;2;6;1;4;0;0;0;2;2;1;1;1;1;1;5;
Chris Paul;G;33:25;6;12;0;2;2;2;0;4;4;7;3;0;3;1;14;
Jamal Crawford;;30:54;7;17;1;5;0;0;1;2;3;2;2;0;3;0;15;
Lamar Odom;;28:41;2;4;0;2;2;2;3;8;11;2;0;2;1;3;6;
Eric Bledsoe;;14:35;2;5;0;1;0;0;0;1;1;1;0;0;1;1;4;
Matt Barnes;;29:12;4;10;2;5;0;0;1;3;4;2;0;1;1;2;10;
Ronny Turiaf;;12:42;1;1;0;0;0;0;0;0;0;0;0;0;0;1;2;
DET
Tayshaun Prince;F;36:03;6;12;1;3;2;2;2;5;7;0;2;1;1;0;15;
Jason Maxiell;F;25:32;1;6;0;0;0;2;0;2;2;0;1;1;1;5;2;
Greg Monroe;C;38:46;4;7;0;0;3;6;0;7;7;6;0;1;3;1;11;
Kyle Singler;G;38:56;5;10;1;3;0;0;1;2;3;0;0;1;1;3;11;
Brandon Knight;G;35:30;5;16;3;10;3;5;2;3;5;5;0;0;5;4;16;
Andre Drummond;;19:42;2;8;0;0;3;4;2;4;6;0;0;3;0;1;7;
Will Bynum;;15:11;3;5;0;0;0;0;1;0;1;2;1;0;4;1;6;
Austin Daye;;18:20;1;2;0;0;0;0;0;2;2;1;0;0;0;2;2;
Charlie Villanueva;;12:00;2;5;2;4;0;0;0;1;1;1;0;0;0;0;6;
