03-13;UTA-OKC;87-110;
19-29;9-21;28-29;31-31;
UTA
DeMarre Carroll;F;19:05;0;3;0;0;0;0;0;0;0;1;1;0;1;4;0;
Paul Millsap;F;19:33;1;5;0;0;5;8;3;4;7;1;3;0;2;3;7;
Al Jefferson;C;24:12;4;13;0;0;0;0;2;5;7;1;0;1;2;2;8;
Randy Foye;G;18:03;2;7;2;4;0;0;0;1;1;1;1;0;2;1;6;
Mo Williams;G;21:09;2;7;1;1;0;0;0;2;2;3;2;0;4;3;5;
Derrick Favors;;24:30;3;6;0;0;0;0;2;1;3;2;0;5;1;4;6;
Alec Burks;;12:25;2;8;1;2;2;2;2;0;2;1;0;0;0;1;7;
Gordon Hayward;;27:53;6;14;1;6;7;8;1;0;1;3;1;0;1;1;20;
Marvin Williams;;23:43;2;5;0;1;0;0;0;5;5;2;2;0;0;0;4;
Enes Kanter;;23:10;3;6;0;0;6;6;2;3;5;0;1;0;2;4;12;
Earl Watson;;19:04;2;4;0;1;5;6;1;1;2;6;1;0;2;1;9;
Jeremy Evans;;4:26;1;1;0;0;1;3;0;0;0;0;1;0;0;1;3;
Kevin Murphy;;2:47;0;1;0;0;0;0;0;0;0;0;0;0;1;0;0;
OKC
Kevin Durant;F;28:54;7;13;1;2;8;9;0;10;10;0;0;2;8;2;23;
Serge Ibaka;F;25:31;4;6;0;0;2;2;2;1;3;0;1;1;2;4;10;
Kendrick Perkins;C;26:38;0;2;0;0;0;0;0;3;3;0;0;0;4;4;0;
Thabo Sefolosha;G;26:02;2;4;1;2;2;2;1;3;4;1;1;1;0;2;7;
Russell Westbrook;G;28:08;6;11;0;1;7;9;1;6;7;9;1;1;5;0;19;
Kevin Martin;;22:32;5;10;1;4;4;4;0;2;2;1;1;0;0;1;15;
Nick Collison;;19:21;2;3;0;0;2;3;1;5;6;5;3;1;0;2;6;
Derek Fisher;;19:04;4;5;2;3;0;0;0;0;0;1;0;0;3;4;10;
Reggie Jackson;;19:52;4;8;2;4;2;2;2;4;6;2;1;0;1;2;12;
Hasheem Thabeet;;14:30;0;2;0;0;0;0;3;1;4;0;0;1;1;5;0;
Ronnie Brewer;;4:44;2;3;0;0;0;0;1;1;2;1;0;0;0;0;4;
Perry Jones;;4:44;1;2;0;0;2;2;0;1;1;0;1;0;0;1;4;
