12-21;WAS-DET;68-100;
14-29;20-24;17-24;17-23;
WAS
Martell Webster;F;40:43;2;7;1;3;5;6;3;6;9;5;1;1;0;1;10;
Kevin Seraphin;F;30:23;5;18;0;0;0;0;4;2;6;0;0;1;2;4;10;
Emeka Okafor;C;22:24;4;8;0;0;0;0;1;7;8;0;0;1;1;2;8;
Jordan Crawford;G;36:37;10;23;0;2;0;0;1;6;7;7;1;0;4;3;20;
Shaun Livingston;G;35:36;2;5;0;0;5;5;0;6;6;2;0;0;1;2;9;
Cartier Martin;;23:08;2;11;1;7;0;0;0;1;1;0;0;0;1;3;5;
Jan Vesely;;25:53;3;9;0;0;0;2;0;1;1;1;2;1;1;4;6;
Chris Singleton;;15:46;0;2;0;0;0;0;1;3;4;0;0;0;1;0;0;
Earl Barron;;9:30;0;2;0;0;0;0;2;2;4;0;0;0;1;1;0;
DET
Tayshaun Prince;F;26:00;3;13;1;2;1;1;3;3;6;4;0;1;2;1;8;
Jason Maxiell;F;19:49;2;4;0;0;0;0;1;4;5;1;0;3;0;2;4;
Greg Monroe;C;25:49;5;12;0;0;5;6;0;9;9;3;1;1;1;2;15;
Kyle Singler;G;28:10;4;10;1;4;1;1;5;0;5;1;0;1;1;1;10;
Brandon Knight;G;30:26;4;11;2;6;5;7;0;2;2;4;0;0;2;1;15;
Rodney Stuckey;;17:29;4;6;3;3;0;0;1;1;2;5;0;0;1;1;11;
Andre Drummond;;21:15;5;7;0;0;1;4;5;9;14;2;1;5;1;1;11;
Austin Daye;;23:54;2;9;1;2;0;0;0;7;7;1;1;2;1;2;5;
Charlie Villanueva;;17:35;3;7;1;3;0;0;0;3;3;1;0;0;0;1;7;
Will Bynum;;12:00;4;7;0;2;0;0;1;0;1;2;0;0;1;3;8;
Viacheslav Kravtsov;;6:01;1;1;0;0;1;2;0;0;0;0;0;0;2;0;3;
Jonas Jerebko;;5:46;1;1;1;1;0;0;0;4;4;0;1;0;0;0;3;
Kim English;;5:46;0;2;0;1;0;0;0;0;0;0;0;0;0;3;0;
