03-11;OKC-SAS;93-105;
32-22;18-35;24-26;19-22;
OKC
Kevin Durant;F;39:31;7;13;1;1;11;11;0;6;6;5;1;2;5;2;26;
Serge Ibaka;F;35:46;4;8;0;2;5;6;4;12;16;0;0;3;2;4;13;
Kendrick Perkins;C;34:44;3;5;0;0;0;0;2;2;4;2;0;1;1;3;6;
Thabo Sefolosha;G;30:35;2;5;1;3;2;2;2;3;5;1;1;1;2;2;7;
Russell Westbrook;G;37:45;11;27;1;3;2;3;4;2;6;6;2;0;4;3;25;
Kevin Martin;;20:28;3;8;3;5;0;0;0;0;0;0;1;0;0;1;9;
Nick Collison;;16:44;2;4;0;0;0;0;0;2;2;0;0;0;3;2;4;
Reggie Jackson;;11:15;1;4;0;1;0;0;0;3;3;2;0;0;0;1;2;
Derek Fisher;;12:17;0;3;0;2;1;2;1;0;1;0;0;0;0;0;1;
Hasheem Thabeet;;0:56;0;0;0;0;0;0;0;0;0;0;0;0;0;0;0;
SAS
Kawhi Leonard;F;35:28;8;17;1;4;0;0;2;2;4;1;3;0;0;3;17;
Tim Duncan;F;35:12;6;14;0;0;1;1;2;6;8;1;0;0;1;1;13;
Tiago Splitter;C;33:48;9;11;0;0;3;5;1;9;10;3;0;1;2;2;21;
Danny Green;G;27:15;6;9;4;4;0;0;0;1;1;5;3;0;0;1;16;
Cory Joseph;G;18:32;2;2;0;0;0;0;1;1;2;1;0;0;0;3;4;
Manu Ginobili;;24:09;4;11;1;4;3;4;1;3;4;4;1;0;4;1;12;
Boris Diaw;;18:12;4;5;1;2;2;2;0;1;1;3;0;0;2;3;11;
Gary Neal;;25:38;3;7;1;4;0;0;0;1;1;6;0;0;1;2;7;
DeJuan Blair;;4:52;0;2;0;0;0;0;1;1;2;0;0;0;0;0;0;
Stephen Jackson;;16:02;1;3;0;2;2;2;1;1;2;1;0;0;2;4;4;
Nando De Colo;;0:26;0;0;0;0;0;0;0;0;0;0;0;0;0;0;0;
Patty Mills;;0:26;0;1;0;1;0;0;0;0;0;0;0;0;0;0;0;
