11-09;CHA-NOH;99-107;
21-24;28-35;20-19;30-29;
CHA
Michael Kidd-Gilchrist;F;33:05;5;9;1;1;1;1;2;4;6;0;2;3;2;3;12;
Byron Mullens;F;24:38;2;9;1;5;0;0;1;2;3;0;1;0;0;2;5;
Bismack Biyombo;C;35:49;3;6;0;0;0;2;6;7;13;0;0;3;1;1;6;
Jeff Taylor;G;13:17;3;5;1;3;0;0;0;0;0;0;0;0;0;2;7;
Kemba Walker;G;25:10;5;14;0;2;1;1;1;3;4;6;1;0;2;2;11;
Tyrus Thomas;;22:50;2;8;0;0;2;4;2;3;5;3;0;3;1;4;6;
Ramon Sessions;;24:13;4;8;0;2;5;6;0;1;1;4;0;0;1;2;13;
Ben Gordon;;34:43;14;21;3;6;3;4;3;3;6;4;0;0;4;1;34;
DeSagana Diop;;12:11;0;0;0;0;0;0;0;1;1;0;1;0;0;0;0;
Reggie Williams;;14:04;2;3;1;2;0;0;0;2;2;0;2;0;1;0;5;
NOH
Al-Farouq Aminu;F;28:46;6;9;0;0;2;3;2;4;6;3;2;1;2;5;14;
Anthony Davis;F;36:30;9;18;0;1;5;9;4;7;11;2;2;5;1;2;23;
Robin Lopez;C;26:05;3;4;0;0;0;0;0;7;7;1;0;1;0;1;6;
Austin Rivers;G;30:03;2;7;0;2;0;0;1;1;2;4;0;0;2;2;4;
Greivis Vasquez;G;25:18;1;10;0;3;2;4;0;3;3;8;1;0;1;1;4;
Darius Miller;;15:04;2;4;2;4;0;0;0;1;1;1;0;0;0;0;6;
Ryan Anderson;;28:19;10;16;5;10;0;0;4;3;7;2;0;0;0;0;25;
Jason Smith;;5:06;2;4;0;0;0;0;2;0;2;0;0;0;1;0;4;
Brian Roberts;;29:34;7;8;1;1;1;2;0;0;0;8;0;0;1;3;16;
Roger Mason Jr.;;15:15;1;3;0;1;3;3;0;1;1;0;0;0;1;1;5;
