12-12;GSW-MIA;97-95;
29-28;24-24;24-22;20-21;
GSW
Harrison Barnes;F;17:34;3;8;0;1;2;4;1;2;3;1;2;0;0;1;8;
David Lee;F;38:23;9;18;0;0;4;4;6;8;14;2;0;0;2;3;22;
Festus Ezeli;C;14:55;0;1;0;0;0;0;0;0;0;0;0;1;0;4;0;
Klay Thompson;G;43:58;11;22;5;14;0;0;0;7;7;4;2;1;3;1;27;
Stephen Curry;G;41:45;4;10;1;3;0;0;0;3;3;7;2;0;6;0;9;
Carl Landry;;18:24;0;3;0;0;4;4;1;2;3;0;0;0;1;1;4;
Draymond Green;;29:59;2;5;1;2;2;2;0;7;7;2;2;0;0;4;7;
Jarrett Jack;;31:22;9;14;2;4;0;0;0;4;4;4;1;0;1;0;20;
Charles Jenkins;;3:40;0;1;0;0;0;0;0;0;0;0;0;0;0;0;0;
MIA
LeBron James;F;42:21;12;23;2;4;5;5;1;2;3;5;1;0;4;0;31;
Udonis Haslem;F;15:24;1;3;0;0;0;0;1;3;4;0;0;1;0;1;2;
Chris Bosh;C;37:42;9;14;1;2;2;4;3;10;13;1;1;2;2;3;21;
Dwyane Wade;G;29:11;5;11;0;0;4;5;0;4;4;5;3;0;5;2;14;
Mario Chalmers;G;23:54;3;8;2;4;0;0;1;1;2;1;1;0;3;4;8;
Norris Cole;;22:12;1;4;0;1;0;0;0;2;2;0;0;0;1;2;2;
Ray Allen;;28:13;6;10;1;4;1;1;0;4;4;4;0;0;2;1;14;
Joel Anthony;;10:18;0;0;0;0;0;0;0;2;2;0;0;0;0;0;0;
Shane Battier;;25:06;1;6;1;6;0;0;0;1;1;1;0;0;0;0;3;
Mike Miller;;5:39;0;1;0;1;0;0;0;3;3;1;0;0;0;0;0;
