01-23;DEN-HOU;105-95;
27-21;19-23;36-22;23-29;
DEN
Danilo Gallinari;F;35:38;6;13;3;5;3;4;3;3;6;3;0;3;0;1;18;
Kenneth Faried;F;20:07;0;2;0;0;0;0;0;6;6;1;2;1;2;0;0;
Kosta Koufos;C;29:00;4;9;0;0;0;2;3;3;6;1;1;1;1;5;8;
Andre Iguodala;G;36:10;5;11;0;2;4;5;2;4;6;5;3;0;1;1;14;
Ty Lawson;G;33:25;8;15;2;4;3;4;1;3;4;7;2;0;4;0;21;
JaVale McGee;;15:31;6;7;0;0;2;2;2;0;2;0;1;3;1;1;14;
Corey Brewer;;22:03;3;8;1;5;1;3;0;3;3;1;1;0;1;3;8;
Wilson Chandler;;23:44;7;15;2;3;4;5;0;6;6;0;3;0;1;1;20;
Andre Miller;;22:40;1;5;0;2;0;0;0;2;2;4;0;0;2;0;2;
Anthony Randolph;;1:42;0;1;0;0;0;0;0;0;0;0;0;0;1;0;0;
HOU
Chandler Parsons;F;29:18;2;8;1;4;1;2;0;4;4;1;1;1;2;5;6;
Patrick Patterson;F;14:48;4;7;1;2;1;2;0;1;1;1;2;1;2;1;10;
Omer Asik;C;33:44;3;5;0;0;0;1;4;9;13;3;0;3;4;1;6;
James Harden;G;39:09;8;17;2;6;5;5;0;3;3;7;1;0;7;3;23;
Jeremy Lin;G;24:13;3;7;0;1;3;3;0;1;1;3;1;0;2;2;9;
Greg Smith;;12:34;1;2;0;0;0;0;0;1;1;1;0;0;1;0;2;
Marcus Morris;;24:01;4;9;2;3;0;0;1;4;5;0;0;1;1;3;10;
Patrick Beverley;;13:29;0;3;0;3;0;0;1;2;3;5;2;1;1;0;0;
Carlos Delfino;;31:27;6;12;3;8;0;0;0;3;3;1;1;0;1;3;15;
Toney Douglas;;13:53;4;11;0;5;0;0;1;2;3;2;0;0;1;3;8;
James Anderson;;1:42;2;2;2;2;0;0;0;0;0;0;0;0;0;0;6;
Cole Aldrich;;1:42;0;0;0;0;0;0;0;1;1;0;0;0;0;0;0;
