01-04;HOU-MIL;115-101;
23-21;24-37;30-14;38-29;
HOU
Chandler Parsons;F;34:33;2;8;0;5;1;2;1;6;7;7;1;0;2;4;5;
Marcus Morris;F;24:37;0;7;0;4;0;0;1;6;7;2;0;1;2;1;0;
Omer Asik;C;26:01;6;7;0;0;1;4;3;5;8;2;0;1;2;2;13;
James Harden;G;38:09;11;18;2;4;5;7;1;1;2;7;4;1;2;3;29;
Jeremy Lin;G;28:52;3;8;0;3;2;2;0;1;1;7;4;0;6;3;8;
Toney Douglas;;25:49;8;14;2;6;0;0;0;1;1;3;1;0;1;3;18;
Patrick Patterson;;20:57;6;7;3;4;3;4;2;2;4;1;0;0;1;3;18;
Carlos Delfino;;27:58;8;11;6;7;0;0;0;3;3;1;2;0;1;0;22;
Greg Smith;;2:37;0;0;0;0;0;0;0;0;0;0;0;0;0;0;0;
James Anderson;;2:37;0;1;0;0;0;0;0;0;0;0;0;0;0;0;0;
Donatas Motiejunas;;2:37;0;0;0;0;0;0;0;0;0;0;1;0;0;0;0;
Cole Aldrich;;2:37;0;1;0;0;0;0;0;2;2;0;0;0;0;1;0;
Scott Machado;;2:37;1;1;0;0;0;0;0;0;0;0;0;0;2;0;2;
MIL
Ekpe Udoh;F;24:55;3;4;0;0;4;4;3;5;8;1;0;0;3;3;10;
Luc Mbah a Moute;F;23:22;3;9;0;0;2;2;2;2;4;1;1;1;3;2;8;
Larry Sanders;C;18:13;2;3;0;0;0;2;2;2;4;1;1;4;3;5;4;
Monta Ellis;G;30:47;5;19;0;3;2;2;0;2;2;7;2;0;4;2;12;
Brandon Jennings;G;37:39;6;15;2;3;2;2;0;3;3;7;3;0;4;2;16;
John Henson;;27:14;5;10;0;0;1;3;7;8;15;1;2;2;3;3;11;
Ersan Ilyasova;;23:05;4;6;2;3;1;1;1;3;4;1;0;0;1;2;11;
Beno Udrih;;24:23;4;5;0;0;3;5;0;4;4;4;0;0;3;1;11;
Mike Dunleavy;;24:00;4;8;2;3;2;2;1;3;4;0;1;0;1;1;12;
Tobias Harris;;3:11;3;6;0;1;0;0;1;0;1;0;0;0;0;0;6;
Marquis Daniels;;3:11;0;2;0;1;0;0;0;0;0;0;0;0;0;0;0;
