01-27;PHX-DAL;95-110;
21-29;21-28;30-24;23-29;
PHX
PJ Tucker;F;33:48;4;8;0;0;4;4;1;4;5;5;1;0;0;0;12;
Luis Scola;F;23:39;6;13;0;0;2;3;2;2;4;3;0;0;2;3;14;
Marcin Gortat;C;31:22;4;4;0;0;0;0;1;7;8;3;1;2;2;0;8;
Jared Dudley;G;26:53;3;9;1;4;2;2;0;3;3;1;1;0;2;1;9;
Goran Dragic;G;34:42;6;12;0;2;6;8;1;3;4;8;1;2;4;1;18;
Markieff Morris;;26:48;1;6;0;3;4;4;1;5;6;0;2;0;2;5;6;
Michael Beasley;;19:38;4;10;1;2;3;3;0;4;4;1;0;1;3;0;12;
Kendall Marshall;;14:42;2;3;2;3;0;0;0;1;1;0;1;0;0;2;6;
Shannon Brown;;14:56;2;6;0;2;2;4;2;1;3;1;0;0;2;2;6;
Wesley Johnson;;10:20;2;5;0;1;0;0;0;0;0;0;0;1;0;1;4;
Luke Zeller;;3:12;0;1;0;0;0;0;0;0;0;0;0;0;0;0;0;
DAL
Shawn Marion;F;29:50;9;19;0;2;0;0;5;4;9;5;1;0;2;0;18;
Dirk Nowitzki;F;30:20;7;14;1;3;3;4;1;6;7;1;0;0;0;3;18;
Bernard James;C;10:51;1;2;0;0;0;0;1;2;3;0;0;0;0;2;2;
O.J. Mayo;G;34:35;4;9;0;0;0;0;0;3;3;6;2;0;0;3;8;
Darren Collison;G;22:12;3;7;0;0;2;2;0;2;2;5;2;0;2;5;8;
Vince Carter;;27:25;5;8;2;3;3;4;1;3;4;3;3;0;1;3;15;
Elton Brand;;16:56;6;10;0;0;0;0;1;2;3;0;0;0;0;3;12;
Rodrigue Beaubois;;24:20;3;7;2;3;0;0;0;3;3;3;0;0;4;1;8;
Dahntay Jones;;17:22;4;5;0;0;3;3;1;1;2;3;0;0;0;1;11;
Chris Kaman;;11:05;2;4;0;0;2;2;2;3;5;0;0;0;2;2;6;
Brandan Wright;;11:22;1;3;0;0;2;3;0;3;3;0;0;0;0;1;4;
Jae Crowder;;2:14;0;0;0;0;0;0;0;0;0;0;0;0;1;0;0;
Mike James;;1:28;0;0;0;0;0;0;0;0;0;0;0;0;1;0;0;
