12-15;GSW-ATL;115-93;
26-26;36-23;26-19;27-25;
GSW
Harrison Barnes;F;30:56;8;14;3;4;0;0;0;3;3;1;1;0;0;3;19;
David Lee;F;33:27;10;14;0;0;0;0;2;9;11;4;3;0;3;3;20;
Andris Biedrins;C;13:60;0;0;0;0;0;0;0;7;7;0;0;1;0;4;0;
Klay Thompson;G;22:41;3;9;1;3;0;0;0;4;4;1;0;0;1;5;7;
Stephen Curry;G;36:12;6;20;3;11;3;3;0;8;8;11;3;0;4;1;18;
Jarrett Jack;;29:10;5;13;3;5;0;0;1;3;4;8;0;0;1;0;13;
Carl Landry;;28:45;8;10;0;0;3;3;3;4;7;0;0;1;1;4;19;
Draymond Green;;20:22;2;8;0;0;1;1;3;5;8;1;2;1;1;3;5;
Charles Jenkins;;8:43;3;3;0;0;0;1;0;1;1;2;0;0;0;0;6;
Richard Jefferson;;6:22;1;2;0;1;0;0;0;0;0;3;1;0;0;1;2;
Jeremy Tyler;;4:41;1;3;0;0;0;0;1;0;1;0;0;0;0;0;2;
Kent Bazemore;;4:41;2;3;0;0;0;0;0;0;0;1;0;0;0;1;4;
ATL
DeShawn Stevenson;F;21:57;2;6;2;5;0;0;0;3;3;0;2;0;0;0;6;
Josh Smith;F;23:45;1;12;0;2;1;2;3;4;7;3;0;2;3;1;3;
Al Horford;C;28:46;7;11;0;0;3;6;0;9;9;2;0;0;1;0;17;
Kyle Korver;G;21:13;1;5;1;5;0;0;0;2;2;0;2;0;0;2;3;
Jeff Teague;G;24:50;3;11;0;1;4;4;0;2;2;8;0;0;0;2;10;
Devin Harris;;15:33;0;3;0;1;0;2;1;0;1;0;0;0;0;3;0;
Lou Williams;;26:51;6;13;1;6;3;4;0;0;0;1;0;0;2;2;16;
Ivan Johnson;;26:38;7;10;0;0;1;3;3;6;9;2;1;0;2;2;15;
Zaza Pachulia;;3:26;0;1;0;0;2;2;1;0;1;1;0;0;1;1;2;
John Jenkins;;16:58;3;8;1;6;1;1;0;2;2;1;0;0;1;1;8;
Anthony Tolliver;;13:35;0;1;0;0;4;4;0;4;4;1;1;0;1;1;4;
Mike Scott;;9:41;1;2;0;0;7;8;1;2;3;1;0;1;0;0;9;
Johan Petro;;6:47;0;1;0;0;0;0;1;1;2;1;0;0;0;0;0;
