12-11;WAS-NOH;77-70;
11-22;25-20;20-18;21-10;
WAS
Martell Webster;F;17:50;0;4;0;1;2;3;1;2;3;0;0;0;2;3;2;
Chris Singleton;F;30:46;1;7;0;1;0;0;2;3;5;0;0;2;2;4;2;
Emeka Okafor;C;24:37;3;4;0;0;0;0;1;3;4;2;0;2;2;3;6;
Bradley Beal;G;38:33;6;12;1;4;2;2;1;6;7;4;1;0;1;2;15;
Jordan Crawford;G;41:35;9;24;2;8;6;8;0;6;6;4;0;1;2;1;26;
Cartier Martin;;30:52;2;10;2;5;0;0;0;4;4;0;0;1;0;2;6;
Nene;;20:07;3;8;0;0;4;4;3;7;10;1;1;0;3;4;10;
Shaun Livingston;;15:52;0;5;0;0;2;2;0;0;0;1;1;0;0;1;2;
Kevin Seraphin;;16:17;3;7;0;0;2;2;1;7;8;1;0;0;2;1;8;
Jan Vesely;;3:31;0;1;0;0;0;2;1;1;2;1;0;0;0;1;0;
NOH
Al-Farouq Aminu;F;26:35;2;8;0;0;2;2;0;6;6;1;1;0;1;3;6;
Ryan Anderson;F;37:45;7;21;3;12;0;0;4;7;11;0;1;0;1;3;17;
Robin Lopez;C;22:26;1;3;0;0;0;0;5;5;10;1;0;5;4;1;2;
Austin Rivers;G;33:36;5;8;0;1;1;4;0;5;5;3;0;0;0;1;11;
Greivis Vasquez;G;30:26;2;14;0;1;1;2;1;7;8;5;1;0;0;4;5;
Darius Miller;;12:25;0;2;0;0;0;0;0;2;2;0;2;1;2;3;0;
Anthony Davis;;24:54;5;10;0;0;3;3;2;6;8;0;3;3;2;5;13;
Jason Smith;;10:51;1;4;0;0;3;4;0;1;1;0;0;0;2;3;5;
Brian Roberts;;17:34;2;6;0;0;2;4;0;1;1;4;0;0;1;1;6;
Roger Mason Jr.;;16:38;1;4;1;2;2;3;0;2;2;0;0;0;2;3;5;
Lance Thomas;;6:50;0;0;0;0;0;0;0;0;0;0;0;0;0;1;0;
