11-07;WAS-BOS;94-100;
16-21;26-16;16-29;30-22;6-12;
WAS
Trevor Ariza;F;18:41;1;6;0;1;0;0;1;2;3;2;2;0;0;2;2;
Trevor Booker;F;20:18;3;7;0;0;0;0;1;3;4;1;0;0;0;1;6;
Emeka Okafor;C;11:15;1;2;0;0;0;0;0;1;1;0;1;2;0;0;2;
Bradley Beal;G;38:19;6;15;3;8;1;1;0;4;4;3;1;1;2;4;16;
A.J. Price;G;36:41;6;13;3;8;0;0;0;5;5;7;1;0;6;3;15;
Kevin Seraphin;;36:21;8;19;0;0;0;0;4;5;9;3;0;1;6;5;16;
Jan Vesely;;12:54;1;3;0;0;0;0;1;4;5;1;0;0;2;3;2;
Jannero Pargo;;16:19;1;5;1;3;0;0;0;0;0;3;0;1;1;2;3;
Martell Webster;;34:49;5;9;3;6;3;3;0;6;6;1;0;1;1;4;16;
Jordan Crawford;;14:41;1;6;0;2;0;0;1;1;2;2;0;0;1;0;2;
Chris Singleton;;24:42;6;10;0;1;2;3;2;3;5;2;3;0;0;3;14;
BOS
Paul Pierce;F;40:47;2;12;1;4;10;12;1;9;10;2;4;0;1;3;15;
Jared Sullinger;F;24:08;2;5;0;0;0;0;1;3;4;1;0;1;2;0;4;
Kevin Garnett;C;34:54;7;16;0;0;6;7;1;12;13;2;1;2;3;5;20;
Courtney Lee;G;18:36;0;3;0;1;2;2;0;0;0;1;0;0;0;1;2;
Rajon Rondo;G;44:20;7;11;1;2;3;4;0;4;4;14;3;0;4;4;18;
Brandon Bass;;32:57;4;9;0;0;3;4;2;5;7;0;1;0;2;4;11;
Jason Terry;;32:16;7;15;2;5;0;0;0;1;1;3;0;0;1;0;16;
Jeff Green;;21:34;3;6;0;0;0;0;0;2;2;2;0;0;2;0;6;
Leandro Barbosa;;11:48;1;3;0;1;0;0;1;0;1;1;0;1;1;0;2;
Chris Wilcox;;3:41;1;1;0;0;4;5;0;2;2;0;0;1;0;0;6;
