10-31;IND-TOR;90-88;
27-25;21-23;15-23;27-17;
IND
Gerald Green;F;36:41;2;7;2;4;0;0;0;2;2;2;0;1;6;1;6;
David West;F;27:54;12;19;0;1;1;1;0;2;2;1;1;0;0;3;25;
Roy Hibbert;C;29:14;6;13;0;0;2;4;3;7;10;3;1;5;0;3;14;
Paul George;G;35:10;7;15;0;0;0;0;2;13;15;5;0;1;5;2;14;
George Hill;G;32:48;3;9;1;4;1;2;0;1;1;7;0;1;1;3;8;
Tyler Hansbrough;;20:07;2;5;0;0;4;4;0;3;3;1;0;0;0;0;8;
Sam Young;;11:21;2;2;0;0;0;0;1;2;3;1;0;0;0;0;4;
D.J. Augustin;;15:12;1;4;1;1;2;3;0;1;1;2;1;0;2;1;5;
Ian Mahinmi;;18:44;0;1;0;0;1;2;2;3;5;0;0;2;4;3;1;
Lance Stephenson;;12:50;2;3;1;1;0;0;1;3;4;0;0;0;0;0;5;
TOR
Landry Fields;F;24:05;0;6;0;1;0;0;0;2;2;1;1;0;1;1;0;
Andrea Bargnani;F;34:22;4;15;1;4;7;8;0;3;3;1;0;3;3;2;16;
Jonas Valanciunas;C;23:05;6;15;0;0;0;0;6;4;10;0;0;1;0;4;12;
DeMar DeRozan;G;27:29;5;14;0;0;0;0;3;2;5;1;0;1;0;1;10;
Kyle Lowry;G;36:12;6;11;2;3;7;7;1;6;7;8;5;0;2;3;21;
Terrence Ross;;6:24;0;2;0;2;0;0;0;1;1;0;0;0;0;0;0;
Ed Davis;;13:38;2;4;0;0;1;2;1;1;2;0;0;2;2;1;5;
Jose Calderon;;25:43;6;12;3;6;0;0;0;1;1;3;1;0;1;1;15;
Amir Johnson;;17:05;2;6;0;0;1;2;3;4;7;0;2;1;0;3;5;
Alan Anderson;;18:50;0;3;0;1;0;0;1;1;2;4;3;0;1;0;0;
Aaron Gray;;7:48;2;2;0;0;0;0;0;1;1;0;0;0;0;2;4;
John Lucas III;;5:19;0;1;0;0;0;0;0;1;1;0;0;0;0;0;0;
