01-30;TOR-ATL;92-93;
23-20;32-25;14-30;23-18;
TOR
Alan Anderson;F;34:52;3;12;2;5;7;8;0;4;4;3;1;0;4;3;15;
Amir Johnson;F;39:13;3;12;0;1;0;3;5;9;14;0;0;4;2;4;6;
Aaron Gray;C;34:37;4;8;0;0;0;0;4;7;11;1;0;1;1;3;8;
DeMar DeRozan;G;34:51;8;16;2;3;5;6;1;3;4;2;2;0;2;1;23;
Kyle Lowry;G;30:00;5;11;2;3;2;2;3;7;10;5;1;0;3;3;14;
Quincy Acy;;6:43;1;1;0;0;0;0;1;1;2;0;0;0;1;1;2;
Terrence Ross;;20:55;0;4;0;3;2;2;1;2;3;1;2;0;2;2;2;
John Lucas III;;24:02;8;16;3;7;0;0;0;0;0;2;0;0;2;1;19;
Landry Fields;;14:48;1;5;0;0;1;2;0;4;4;2;0;0;0;0;3;
ATL
Kyle Korver;F;36:44;6;10;5;9;0;0;0;6;6;3;2;0;1;3;17;
Josh Smith;F;38:20;7;16;1;3;5;7;1;10;11;3;3;3;4;3;20;
Al Horford;C;43:54;10;15;0;0;2;4;1;9;10;6;0;3;0;0;22;
Devin Harris;G;31:52;3;7;1;4;1;1;0;0;0;5;2;1;3;1;8;
Jeff Teague;G;39:34;3;11;1;3;2;2;0;4;4;7;3;0;5;3;9;
John Jenkins;;12:42;2;5;0;3;1;1;0;0;0;0;0;0;0;0;5;
DeShawn Stevenson;;18:15;2;4;2;4;0;2;0;2;2;0;0;1;2;3;6;
Ivan Johnson;;13:46;3;6;0;0;0;1;1;1;2;2;0;0;1;4;6;
Jannero Pargo;;4:53;0;1;0;0;0;0;0;1;1;0;0;0;1;1;0;
