02-01;MIL-NYK;86-96;
28-25;25-22;20-27;13-22;
MIL
Ersan Ilyasova;F;34:48;7;11;2;3;3;4;1;6;7;3;4;0;0;3;19;
Luc Mbah a Moute;F;13:33;2;4;0;0;0;0;1;2;3;1;0;0;1;4;4;
Larry Sanders;C;30:15;0;6;0;0;2;6;4;6;10;0;0;2;1;3;2;
Monta Ellis;G;37:26;7;20;2;5;0;0;2;3;5;3;2;0;3;1;16;
Brandon Jennings;G;37:15;5;18;2;6;2;2;0;1;1;6;0;0;2;2;14;
Marquis Daniels;;29:00;1;7;0;3;0;0;0;2;2;2;1;0;1;1;2;
Mike Dunleavy;;18:29;5;6;2;3;0;0;0;3;3;1;0;0;1;3;12;
Samuel Dalembert;;12:25;3;6;0;0;0;0;3;1;4;0;0;1;1;3;6;
Ekpe Udoh;;9:56;0;1;0;0;4;4;1;2;3;0;0;0;2;0;4;
Beno Udrih;;15:51;3;4;0;0;1;1;0;2;2;2;0;0;1;2;7;
Tobias Harris;;1:03;0;0;0;0;0;0;0;0;0;0;0;0;0;0;0;
NYK
Carmelo Anthony;F;43:55;7;22;3;8;8;12;1;7;8;6;1;0;7;3;25;
Iman Shumpert;F;18:30;3;7;1;3;0;0;1;3;4;1;0;0;0;0;7;
Tyson Chandler;C;35:36;4;6;0;0;1;2;8;12;20;0;0;2;3;4;9;
Raymond Felton;G;36:49;5;8;2;3;2;2;1;1;2;8;0;0;2;1;14;
Jason Kidd;G;23:45;1;5;1;5;0;0;0;3;3;1;1;1;0;0;3;
J.R. Smith;;35:32;6;14;5;13;0;0;0;5;5;0;1;0;0;3;17;
Amar'e Stoudemire;;24:17;5;10;0;0;7;8;2;5;7;0;1;1;2;3;17;
Steve Novak;;7:39;1;3;1;3;0;0;0;0;0;0;0;0;0;1;3;
Pablo Prigioni;;11:12;0;0;0;0;0;0;1;0;1;1;0;0;1;0;0;
James White;;1:03;0;1;0;0;1;2;0;0;0;0;1;0;0;0;1;
Chris Copeland;;1:03;0;0;0;0;0;0;0;0;0;0;0;0;0;0;0;
Ronnie Brewer;;0:40;0;0;0;0;0;0;0;0;0;0;0;0;0;0;0;
