12-08;DET-CLE;104-97;
25-22;24-30;27-18;28-27;
DET
Tayshaun Prince;F;34:23;5;11;0;0;4;4;0;8;8;1;0;0;1;1;14;
Jason Maxiell;F;30:00;4;7;0;0;2;4;2;2;4;0;0;1;1;4;10;
Greg Monroe;C;29:05;2;8;0;0;7;9;1;3;4;3;1;0;3;2;11;
Kyle Singler;G;35:05;2;4;0;1;5;5;2;0;2;1;1;0;2;4;9;
Brandon Knight;G;38:25;10;20;5;6;5;6;2;5;7;5;1;1;1;3;30;
Rodney Stuckey;;29:08;4;10;2;4;0;0;0;2;2;6;1;1;0;1;10;
Andre Drummond;;21:08;4;6;0;0;1;3;1;2;3;0;1;1;0;4;9;
Corey Maggette;;6:59;2;4;0;0;1;2;1;1;2;0;0;1;0;2;5;
Charlie Villanueva;;15:47;2;5;2;4;0;0;1;2;3;1;0;0;1;1;6;
CLE
Alonzo Gee;F;38:05;4;12;1;6;3;3;3;6;9;0;1;1;1;2;12;
Tristan Thompson;F;24:14;4;6;0;0;1;2;4;1;5;0;1;1;0;3;9;
Anderson Varejao;C;36:14;7;13;0;0;2;3;7;6;13;5;0;2;3;5;16;
Daniel Gibson;G;32:56;2;11;2;9;0;0;0;1;1;6;1;0;3;4;6;
Jeremy Pargo;G;27:30;10;18;2;4;2;3;0;2;2;4;0;1;1;3;24;
Tyler Zeller;;28:54;6;11;0;1;1;2;5;3;8;0;0;3;2;3;13;
Donald Sloan;;20:30;1;6;0;1;0;0;0;4;4;2;0;0;0;2;2;
CJ Miles;;15:04;5;11;1;4;4;4;1;1;2;1;0;0;3;3;15;
Omri Casspi;;9:55;0;3;0;2;0;0;0;2;2;1;0;0;1;0;0;
Kevin Jones;;6:38;0;0;0;0;0;0;0;0;0;0;0;0;0;2;0;
