11-12;MIA-HOU;113-110;
25-19;31-33;26-33;31-25;
MIA
LeBron James;F;39:55;14;26;5;8;5;8;1;9;10;6;0;0;0;1;38;
Shane Battier;F;34:37;2;3;2;3;0;0;0;0;0;2;1;3;0;4;6;
Chris Bosh;C;33:45;10;14;0;0;4;4;4;6;10;3;0;1;3;3;24;
Dwyane Wade;G;39:49;8;18;0;1;3;7;1;5;6;7;1;0;2;2;19;
Mario Chalmers;G;26:60;1;5;1;3;1;1;0;6;6;5;1;0;2;4;4;
Ray Allen;;25:35;3;7;2;5;0;0;2;2;4;3;1;0;1;2;8;
Udonis Haslem;;15:23;5;6;0;0;0;0;5;2;7;0;0;0;0;2;10;
Norris Cole;;14:47;1;6;0;1;0;0;0;1;1;0;0;0;3;3;2;
Rashard Lewis;;9:10;1;4;0;0;0;0;0;0;0;0;0;0;0;3;2;
HOU
Chandler Parsons;F;40:26;8;17;5;10;4;4;1;3;4;3;2;0;1;1;25;
Patrick Patterson;F;35:33;8;14;0;1;1;2;4;5;9;1;0;1;0;1;17;
Omer Asik;C;32:21;4;8;0;0;11;14;5;9;14;3;0;1;3;1;19;
James Harden;G;39:50;6;17;1;6;9;11;0;3;3;5;1;1;2;4;22;
Jeremy Lin;G;34:10;3;8;2;6;1;2;0;1;1;6;1;3;2;4;9;
Marcus Morris;;19:30;3;4;2;3;0;0;1;4;5;0;0;0;0;6;8;
Carlos Delfino;;23:49;3;10;2;7;0;0;0;4;4;3;0;0;1;2;8;
Toney Douglas;;13:50;1;2;0;1;0;0;0;0;0;4;1;0;2;1;2;
Terrence Jones;;0:31;0;0;0;0;0;0;0;0;0;0;0;0;0;0;0;
