02-26;ORL-PHI;98-84;
18-20;29-22;21-19;30-23;
ORL
Maurice Harkless;F;31:17;3;4;0;1;4;5;0;4;4;2;1;0;0;3;10;
Andrew Nicholson;F;17:28;6;8;0;0;1;1;1;1;2;0;0;1;2;1;13;
Nikola Vucevic;C;35:38;5;12;0;0;2;4;3;16;19;1;0;1;4;2;12;
Arron Afflalo;G;34:53;8;17;0;0;0;0;1;5;6;7;1;0;2;2;16;
E'Twaun Moore;G;33:10;4;9;3;5;1;2;0;0;0;10;1;0;2;0;12;
Beno Udrih;;26:50;2;6;0;2;0;0;0;2;2;9;0;0;2;4;4;
Tobias Harris;;30:32;7;9;1;2;1;2;1;6;7;2;1;1;1;4;16;
Doron Lamb;;5:43;0;1;0;1;0;0;0;1;1;0;0;0;0;0;0;
Al Harrington;;12:01;4;7;1;2;0;0;0;3;3;2;0;0;0;1;9;
DeQuan Jones;;12:28;2;3;0;0;2;2;0;1;1;0;0;0;0;1;6;
PHI
Evan Turner;F;28:13;2;7;0;0;6;10;1;7;8;2;0;0;2;0;10;
Thaddeus Young;F;33:57;4;11;0;0;0;0;5;5;10;0;3;0;0;1;8;
Spencer Hawes;C;20:54;2;6;0;1;2;2;0;1;1;1;0;1;2;1;6;
Nick Young;G;14:18;1;6;0;3;1;1;0;1;1;2;0;0;1;2;3;
Jrue Holiday;G;39:28;4;11;1;3;0;0;0;3;3;10;0;0;1;3;9;
Jeremy Pargo;;21:15;5;8;2;3;2;3;0;0;0;3;0;0;3;1;14;
Lavoy Allen;;17:55;2;5;0;0;0;0;2;2;4;0;1;0;0;1;4;
Dorell Wright;;16:18;4;11;3;8;0;0;0;7;7;3;0;0;0;1;11;
Damien Wilkins;;28:52;6;12;0;1;2;2;0;1;1;4;1;0;2;4;14;
Royal Ivey;;10:58;1;2;1;2;0;0;0;1;1;1;1;0;0;1;3;
Arnett Moultrie;;5:30;1;2;0;0;0;0;0;1;1;0;0;0;0;0;2;
Charles Jenkins;;2:22;0;0;0;0;0;0;0;0;0;0;0;0;0;0;0;
