02-05;PHX-MEM;96-90;
27-27;23-25;15-19;31-19;
PHX
PJ Tucker;F;29:50;4;7;1;2;0;0;2;5;7;0;2;0;4;1;9;
Luis Scola;F;19:20;4;8;0;0;2;4;2;5;7;1;0;0;2;3;10;
Marcin Gortat;C;28:45;8;10;0;0;4;5;2;5;7;1;0;0;2;5;20;
Jared Dudley;G;17:23;0;5;0;0;0;0;2;1;3;2;0;0;1;1;0;
Goran Dragic;G;23:57;6;12;0;1;5;5;0;3;3;4;2;0;2;5;17;
Michael Beasley;;20:41;2;7;0;1;2;2;0;5;5;1;0;0;3;0;6;
Kendall Marshall;;32:38;4;8;3;5;0;0;0;0;0;4;0;0;2;1;11;
Markieff Morris;;22:50;2;5;0;1;0;0;1;2;3;3;1;1;0;2;4;
Jermaine O'Neal;;25:05;5;7;0;0;4;4;1;3;4;3;2;1;3;4;14;
Shannon Brown;;19:31;2;4;0;0;1;2;1;0;1;0;2;0;2;1;5;
MEM
Tayshaun Prince;F;36:48;5;12;0;0;1;2;2;4;6;3;3;0;3;1;11;
Zach Randolph;F;39:04;9;16;0;1;3;4;7;6;13;2;0;0;2;2;21;
Marc Gasol;C;22:40;2;8;0;0;2;2;0;3;3;1;0;0;4;6;6;
Tony Allen;G;30:12;4;6;0;0;0;0;1;1;2;1;1;0;1;3;8;
Mike Conley;G;37:28;3;11;0;3;3;3;0;1;1;6;2;0;1;2;9;
Jerryd Bayless;;28:60;11;15;3;4;4;4;0;2;2;2;1;0;4;3;29;
Darrell Arthur;;24:40;1;10;0;1;2;2;4;3;7;0;0;0;1;2;4;
Austin Daye;;7:05;0;1;0;0;0;0;0;0;0;0;0;0;0;1;0;
Ed Davis;;9:36;1;3;0;0;0;0;0;0;0;0;0;0;0;0;2;
Chris Johnson;;3:27;0;0;0;0;0;0;0;0;0;0;0;0;0;0;0;
