11-19;LAC-SAS;92-87;
18-28;29-14;24-21;21-24;
LAC
Caron Butler;F;8:58;0;2;0;0;0;0;0;1;1;0;0;0;1;1;0;
Blake Griffin;F;34:24;8;18;0;0;0;4;3;9;12;0;1;0;3;1;16;
DeAndre Jordan;C;24:14;5;8;0;0;3;6;3;2;5;0;0;2;1;3;13;
Willie Green;G;16:50;1;4;0;2;0;0;0;3;3;0;0;2;0;1;2;
Chris Paul;G;36:13;9;16;0;3;1;1;2;2;4;8;1;0;3;2;19;
Jamal Crawford;;28:47;4;14;1;3;2;2;0;3;3;0;0;1;4;2;11;
Ryan Hollins;;14:24;1;1;0;0;0;0;0;3;3;0;0;1;1;6;2;
Matt Barnes;;34:47;5;8;0;2;4;4;3;6;9;1;3;0;3;2;14;
Eric Bledsoe;;22:37;4;9;0;1;1;2;3;2;5;3;2;1;1;1;9;
Lamar Odom;;13:36;1;3;0;1;0;0;0;4;4;1;0;0;0;0;2;
Ronny Turiaf;;5:10;2;2;0;0;0;0;3;0;3;0;0;0;0;1;4;
SAS
Stephen Jackson;F;10:39;1;3;0;1;0;0;0;2;2;0;0;0;0;1;2;
Tim Duncan;F;34:12;6;16;0;0;8;10;5;9;14;1;0;2;2;2;20;
DeJuan Blair;C;17:44;3;7;0;0;0;0;2;4;6;1;2;0;1;1;6;
Danny Green;G;34:47;2;11;2;8;0;0;2;2;4;2;0;1;1;1;6;
Tony Parker;G;32:40;5;11;1;1;0;0;0;2;2;6;2;0;1;1;11;
Tiago Splitter;;16:51;2;2;0;0;5;5;2;3;5;0;1;0;0;1;9;
Manu Ginobili;;27:52;3;11;1;3;8;10;0;5;5;5;1;0;3;3;15;
Boris Diaw;;16:21;0;1;0;0;1;2;2;1;3;0;0;0;2;1;1;
Gary Neal;;22:55;3;11;0;2;1;1;0;1;1;0;0;0;1;4;7;
Patty Mills;;9:55;0;2;0;2;0;0;0;0;0;0;0;0;0;0;0;
Nando De Colo;;5:12;0;1;0;0;0;0;0;0;0;0;1;0;2;2;0;
Matt Bonner;;10:52;4;6;2;3;0;0;0;0;0;1;0;0;0;2;10;
