11-23;NOH-PHX;108-111;
31-23;22-24;28-30;22-26;5-8;
NOH
Al-Farouq Aminu;F;41:37;6;7;0;0;4;4;1;5;6;5;2;1;4;1;16;
Ryan Anderson;F;47:06;13;23;8;13;0;0;2;9;11;1;2;1;2;2;34;
Robin Lopez;C;41:29;4;9;0;0;0;0;0;7;7;3;0;4;2;3;8;
Roger Mason Jr.;G;37:06;3;12;3;8;0;0;0;7;7;2;1;0;0;5;9;
Greivis Vasquez;G;43:11;10;13;1;3;4;5;1;4;5;14;1;0;6;5;25;
Jason Smith;;0:32;0;0;0;0;0;0;0;1;1;0;0;0;0;0;0;
Austin Rivers;;15:54;0;2;0;0;3;4;2;0;2;2;0;0;1;2;3;
Lance Thomas;;16:53;2;3;0;0;4;5;0;2;2;0;2;0;1;3;8;
Xavier Henry;;11:23;2;5;1;1;0;0;0;0;0;0;0;0;0;2;5;
Brian Roberts;;9:49;0;4;0;1;0;0;0;0;0;0;0;0;2;1;0;
PHX
Michael Beasley;F;16:51;1;6;0;2;0;0;0;1;1;3;0;1;0;2;2;
Markieff Morris;F;34:31;9;12;2;2;3;4;2;1;3;3;1;0;0;3;23;
Marcin Gortat;C;24:12;2;7;0;0;2;3;1;4;5;0;1;0;0;1;6;
Shannon Brown;G;26:32;5;11;0;4;0;1;1;1;2;1;1;1;2;3;10;
Goran Dragic;G;37:19;7;14;3;6;3;4;0;2;2;8;3;0;3;1;20;
Jared Dudley;;29:07;3;9;3;7;0;0;1;1;2;4;2;0;0;0;9;
PJ Tucker;;33:31;5;8;2;3;3;5;1;6;7;3;0;0;0;0;15;
Luis Scola;;18:28;5;6;0;0;0;0;0;1;1;0;0;0;2;2;10;
Jermaine O'Neal;;28:48;6;15;0;0;1;1;4;7;11;1;1;2;1;2;13;
Sebastian Telfair;;15:42;1;2;1;1;0;1;0;1;1;5;1;1;2;5;3;
