03-10;PHI-ORL;91-99;
30-28;21-28;21-17;19-26;
PHI
Damien Wilkins;F;37:15;6;12;1;3;3;3;0;1;1;6;0;3;4;1;16;
Thaddeus Young;F;40:30;13;17;0;0;0;0;2;10;12;2;5;0;2;4;26;
Spencer Hawes;C;31:42;6;12;1;1;2;2;1;6;7;4;0;0;0;2;15;
Evan Turner;G;27:52;2;5;2;2;0;0;0;2;2;2;0;0;2;0;6;
Jrue Holiday;G;38:54;4;16;0;1;0;2;1;4;5;8;3;2;2;3;8;
Arnett Moultrie;;10:54;0;3;0;0;0;0;0;1;1;0;0;1;1;1;0;
Dorell Wright;;15:26;4;9;0;3;1;3;1;3;4;3;0;0;0;0;9;
Charles Jenkins;;12:34;3;6;0;0;0;0;1;1;2;0;0;0;0;0;6;
Lavoy Allen;;12:12;1;4;0;0;0;0;2;2;4;1;0;0;1;0;2;
Royal Ivey;;12:41;1;2;1;2;0;0;0;0;0;0;1;0;0;2;3;
ORL
Maurice Harkless;F;24:15;2;6;0;1;0;0;0;3;3;0;1;2;1;2;4;
Tobias Harris;F;37:36;7;16;1;4;0;0;1;6;7;3;0;2;1;0;15;
Nikola Vucevic;C;41:41;7;13;0;0;0;0;2;15;17;2;1;2;4;2;14;
Arron Afflalo;G;34:32;7;14;2;3;1;2;0;0;0;4;0;0;1;1;17;
Jameer Nelson;G;38:57;9;17;5;9;1;1;0;5;5;10;1;0;4;4;24;
DeQuan Jones;;7:26;1;1;0;0;0;0;0;1;1;0;0;1;2;1;2;
Al Harrington;;16:43;3;9;2;6;0;0;1;3;4;3;0;1;0;2;8;
Beno Udrih;;26:18;3;4;1;2;3;4;0;1;1;6;1;0;3;2;10;
E'Twaun Moore;;10:25;2;3;1;2;0;0;1;1;2;0;0;1;0;0;5;
Doron Lamb;;2:07;0;0;0;0;0;0;0;1;1;0;0;0;0;0;0;
