01-23;WAS-UTA;88-92;
19-25;19-27;20-21;30-19;
WAS
Martell Webster;F;34:16;3;6;3;4;6;6;1;2;3;2;1;1;3;3;15;
Nene;F;28:29;3;14;0;0;3;4;3;5;8;2;1;2;5;2;9;
Emeka Okafor;C;31:04;3;10;0;0;0;0;5;12;17;1;1;2;1;2;6;
Bradley Beal;G;25:16;5;11;0;3;2;6;0;2;2;2;1;0;1;1;12;
A.J. Price;G;21:20;4;9;2;5;0;0;0;3;3;3;0;0;0;1;10;
John Wall;;26:40;5;11;0;0;4;4;1;1;2;8;0;1;1;2;14;
Kevin Seraphin;;19:31;2;7;0;0;0;2;0;3;3;0;1;1;1;1;4;
Jordan Crawford;;22:44;3;9;1;3;2;2;0;1;1;1;1;0;2;2;9;
Trevor Ariza;;13:44;2;5;1;3;2;2;1;4;5;0;2;0;1;3;7;
Trevor Booker;;16:56;1;4;0;0;0;0;1;6;7;1;1;0;0;2;2;
UTA
Marvin Williams;F;20:01;2;5;0;1;0;0;0;3;3;1;0;0;0;2;4;
Paul Millsap;F;31:46;7;13;0;0;2;4;3;12;15;3;3;2;3;3;16;
Al Jefferson;C;32:29;5;17;0;1;1;2;1;9;10;2;2;2;0;2;11;
Randy Foye;G;34:06;4;8;2;3;2;2;0;1;1;3;0;1;2;4;12;
Jamaal Tinsley;G;35:07;5;11;1;4;0;0;2;3;5;6;2;0;5;3;11;
Derrick Favors;;20:45;4;8;0;0;0;0;0;7;7;1;1;0;2;1;8;
Gordon Hayward;;27:59;5;12;0;2;5;7;1;4;5;4;0;1;1;0;15;
Earl Watson;;12:53;2;2;0;0;0;0;0;2;2;3;0;1;1;2;4;
DeMarre Carroll;;10:28;0;4;0;0;1;2;0;0;0;1;0;0;0;0;1;
Enes Kanter;;11:00;4;4;0;0;2;2;2;1;3;0;0;0;0;1;10;
Alec Burks;;3:26;0;1;0;1;0;0;0;0;0;0;0;0;0;0;0;
