12-19;WAS-ORL;83-90;
26-27;24-25;13-24;20-14;
WAS
Martell Webster;F;31:18;4;8;3;6;0;0;0;4;4;1;1;1;0;3;11;
Earl Barron;F;20:13;1;6;0;0;0;0;0;5;5;1;1;0;2;5;2;
Emeka Okafor;C;27:04;4;9;0;0;0;2;3;9;12;3;0;1;0;1;8;
Shaun Livingston;G;24:48;1;7;0;0;0;0;0;3;3;4;0;0;1;2;2;
Jordan Crawford;G;41:01;7;16;3;7;2;2;1;3;4;6;2;0;7;1;19;
Nene;;24:53;8;10;0;0;4;4;1;1;2;2;0;1;4;5;20;
Cartier Martin;;31:23;4;7;3;4;0;0;0;5;5;0;0;0;0;2;11;
Chris Singleton;;16:17;2;5;0;0;0;0;0;1;1;1;1;0;0;1;4;
Kevin Seraphin;;23:03;3;9;0;0;0;0;0;2;2;2;0;2;1;1;6;
ORL
Maurice Harkless;F;17:51;3;6;0;1;3;4;2;5;7;0;2;0;2;0;9;
Glen Davis;F;38:31;6;18;0;0;0;0;2;7;9;1;1;2;4;3;12;
Nikola Vucevic;C;34:07;4;9;0;1;0;0;3;10;13;0;0;1;0;2;8;
Arron Afflalo;G;39:19;6;18;0;5;3;4;0;3;3;3;2;0;1;0;15;
Jameer Nelson;G;31:26;2;5;0;1;4;4;0;2;2;5;3;0;1;1;8;
JJ Redick;;26:12;5;9;4;6;3;3;0;2;2;3;0;0;2;1;17;
Andrew Nicholson;;6:17;0;2;0;0;0;0;0;1;1;0;0;0;0;0;0;
Josh McRoberts;;10:05;1;2;1;1;0;0;1;1;2;1;0;0;1;1;3;
Gustavo Ayon;;16:17;1;2;0;0;1;2;1;7;8;3;1;0;1;4;3;
E'Twaun Moore;;19:55;6;10;3;5;0;0;1;0;1;2;2;0;1;0;15;
