12-01;MEM-SAS;95-99;
22-21;24-24;27-15;14-27;8-12;
MEM
Rudy Gay;F;46:29;7;18;1;4;0;0;2;8;10;3;2;0;4;1;15;
Zach Randolph;F;39:07;5;21;0;0;7;7;7;8;15;2;0;0;3;3;17;
Marc Gasol;C;36:36;10;16;0;0;0;0;4;4;8;3;2;1;3;5;20;
Wayne Ellington;G;21:38;1;3;0;0;1;2;0;3;3;1;1;0;0;2;3;
Mike Conley;G;41:37;5;13;2;3;6;7;1;1;2;12;4;0;4;5;18;
Quincy Pondexter;;28:31;1;6;1;4;0;0;0;3;3;1;0;0;2;1;3;
Jerryd Bayless;;20:47;1;8;0;4;3;4;0;1;1;3;1;0;1;4;5;
Darrell Arthur;;14:60;5;8;0;0;0;0;2;0;2;0;0;0;2;1;10;
Marreese Speights;;15:15;1;6;0;0;2;2;2;6;8;0;0;3;0;2;4;
SAS
Gary Neal;F;40:15;4;16;3;10;2;2;1;4;5;1;0;0;1;0;13;
Tim Duncan;F;40:43;11;17;0;0;5;5;6;9;15;4;1;1;4;3;27;
DeJuan Blair;C;17:28;0;0;0;0;1;2;1;1;2;2;2;1;0;3;1;
Danny Green;G;19:21;0;7;0;6;0;0;2;1;3;0;0;1;0;1;0;
Tony Parker;G;43:25;11;20;0;1;8;10;0;4;4;6;1;1;2;2;30;
Manu Ginobili;;35:01;4;15;1;7;1;3;0;5;5;6;6;1;6;2;10;
Boris Diaw;;14:22;1;2;1;1;0;0;0;1;1;0;0;0;1;4;3;
Tiago Splitter;;19:45;2;5;0;0;1;2;2;4;6;0;1;0;0;3;5;
Matt Bonner;;19:49;1;4;1;3;0;0;1;2;3;0;0;0;0;4;3;
Nando De Colo;;5:44;0;0;0;0;0;0;0;4;4;1;0;0;2;0;0;
Patty Mills;;8:57;3;3;1;1;0;0;0;0;0;1;1;0;0;0;7;
James Anderson;;0:10;0;0;0;0;0;0;0;0;0;0;0;0;0;0;0;
