11-23;ATL-CHA;101-91;
30-23;27-28;23-23;21-17;
ATL
DeShawn Stevenson;F;35:47;3;7;3;6;0;2;0;6;6;2;0;1;4;2;9;
Josh Smith;F;38:22;4;12;0;0;2;4;0;4;4;8;2;2;5;2;10;
Al Horford;C;39:03;13;17;0;0;0;1;5;8;13;2;0;3;2;0;26;
Kyle Korver;G;30:20;6;10;4;6;0;0;0;6;6;2;1;2;1;1;16;
Jeff Teague;G;29:16;5;13;3;4;0;0;0;3;3;12;1;0;3;4;13;
Lou Williams;;25:57;3;6;0;2;0;0;0;1;1;1;0;3;2;3;6;
Devin Harris;;17:39;3;6;1;3;1;3;0;0;0;1;1;3;0;1;8;
Zaza Pachulia;;13:41;3;4;0;0;3;4;2;5;7;1;1;1;3;2;9;
Anthony Morrow;;5:01;1;2;0;1;0;0;0;0;0;0;0;0;0;2;2;
Ivan Johnson;;4:54;1;1;0;0;0;0;0;1;1;0;0;0;1;1;2;
CHA
Michael Kidd-Gilchrist;F;33:51;5;11;0;0;1;2;0;7;7;0;2;4;1;5;11;
Byron Mullens;F;36:35;4;14;0;3;4;4;3;5;8;2;6;2;4;0;12;
Brendan Haywood;C;22:01;4;5;0;0;0;0;2;1;3;0;0;2;1;3;8;
Jeff Taylor;G;35:51;5;13;4;6;2;2;1;1;2;0;3;0;1;1;16;
Kemba Walker;G;44:08;6;15;2;6;2;3;0;4;4;9;2;0;4;2;16;
Hakim Warrick;;2:55;0;1;0;0;0;0;0;1;1;0;0;0;1;1;0;
Bismack Biyombo;;19:27;0;1;0;0;2;2;0;6;6;0;1;1;1;1;2;
Ramon Sessions;;29:12;6;15;2;4;8;11;0;4;4;4;2;0;0;2;22;
Ben Gordon;;16:00;1;8;0;3;2;2;1;0;1;2;0;0;0;0;4;
