01-11;MIN-NOH;92-104;
29-14;17-26;15-30;31-34;
MIN
Andrei Kirilenko;F;37:06;4;8;1;4;8;10;0;5;5;2;2;1;3;1;17;
Dante Cunningham;F;38:42;5;12;0;0;2;2;2;7;9;1;1;0;3;2;12;
Nikola Pekovic;C;28:34;7;13;0;0;4;7;2;4;6;2;0;2;1;1;18;
Alexey Shved;G;36:53;4;12;1;5;2;2;0;0;0;7;2;1;1;0;11;
Luke Ridnour;G;34:32;6;12;2;6;6;7;0;4;4;4;0;0;1;3;20;
Ricky Rubio;;21:32;1;3;0;1;1;2;0;0;0;3;1;0;4;1;3;
Greg Stiemsma;;13:53;1;2;0;0;0;0;2;1;3;1;0;0;1;3;2;
Derrick Williams;;24:31;3;7;0;2;3;3;0;3;3;0;1;0;0;2;9;
Lou Amundson;;4:17;0;0;0;0;0;0;0;1;1;0;0;0;0;0;0;
NOH
Al-Farouq Aminu;F;30:49;5;7;0;0;2;2;3;10;13;3;3;1;2;2;12;
Anthony Davis;F;23:10;4;6;0;0;1;2;0;0;0;0;0;0;1;4;9;
Robin Lopez;C;26:47;2;3;0;0;0;0;1;5;6;2;0;2;0;3;4;
Eric Gordon;G;28:31;6;16;1;6;3;3;0;1;1;3;0;0;1;1;16;
Greivis Vasquez;G;26:05;7;16;2;5;2;2;1;3;4;13;0;0;2;4;18;
Brian Roberts;;10:46;2;6;0;2;0;0;0;0;0;2;1;0;0;3;4;
Ryan Anderson;;25:42;6;13;3;7;0;0;3;4;7;1;1;0;0;3;15;
Lance Thomas;;12:21;1;2;0;0;0;0;2;2;4;1;0;0;0;2;2;
Austin Rivers;;4:38;0;1;0;0;0;0;0;0;0;1;0;0;2;0;0;
Donald Sloan;;4:38;0;0;0;0;0;0;0;0;0;1;0;0;1;0;0;
Jason Smith;;20:21;7;8;0;0;0;0;1;4;5;0;0;0;3;3;14;
Roger Mason Jr.;;21:29;4;6;2;2;0;0;0;3;3;1;0;0;0;1;10;
Xavier Henry;;4:43;0;0;0;0;0;0;1;0;1;1;0;0;0;0;0;
