01-19;MEM-CHI;85-82;
18-22;26-12;16-13;16-29;9-6;
MEM
Rudy Gay;F;45:07;6;19;0;0;4;6;3;5;8;2;2;2;2;1;16;
Zach Randolph;F;41:54;6;20;0;1;1;4;9;10;19;0;1;0;1;2;13;
Marc Gasol;C;32:17;7;10;0;0;5;8;3;5;8;1;1;1;1;5;19;
Tony Allen;G;38:37;3;6;0;0;3;4;1;5;6;2;0;0;0;3;9;
Mike Conley;G;46:43;5;11;0;2;3;5;0;0;0;9;3;3;3;2;13;
Jerryd Bayless;;13:39;1;3;0;0;0;0;0;0;0;0;0;0;0;1;2;
Marreese Speights;;11:27;2;7;0;1;1;1;0;2;2;0;0;0;0;3;5;
Darrell Arthur;;19:41;4;7;0;0;0;0;1;1;2;1;1;2;3;4;8;
Wayne Ellington;;15:36;0;1;0;1;0;0;0;3;3;0;0;0;2;1;0;
CHI
Jimmy Butler;F;47:43;5;13;0;1;8;8;4;4;8;3;3;0;1;2;18;
Carlos Boozer;F;47:17;7;19;0;1;3;6;3;11;14;3;1;0;5;4;17;
Joakim Noah;C;26:40;5;11;0;0;0;0;2;3;5;3;0;2;2;1;10;
Richard Hamilton;G;23:00;2;7;0;1;1;1;1;1;2;2;0;0;0;1;5;
Kirk Hinrich;G;24:29;1;4;1;3;0;0;0;2;2;2;1;0;0;3;3;
Nate Robinson;;28:59;5;15;1;5;0;0;0;4;4;5;0;0;4;3;11;
Marco Belinelli;;30:00;3;9;1;3;1;2;0;3;3;3;0;0;2;5;8;
Taj Gibson;;31:24;3;7;0;0;4;4;5;7;12;1;1;4;1;6;10;
Daequan Cook;;5:05;0;0;0;0;0;0;0;0;0;0;0;0;0;0;0;
Marquis Teague;;0:10;0;0;0;0;0;0;0;0;0;0;0;0;0;0;0;
Nazr Mohammed;;0:02;0;0;0;0;0;0;0;0;0;0;0;0;0;0;0;
Vladimir Radmanovic;;0:12;0;0;0;0;0;0;0;0;0;0;0;0;0;0;0;
