12-26;NOH-ORL;97-94;
26-24;23-29;29-23;19-18;
NOH
Lance Thomas;F;22:14;0;2;0;0;0;0;0;2;2;1;0;0;0;3;0;
Anthony Davis;F;33:25;6;14;0;0;0;0;3;8;11;2;2;2;0;2;12;
Robin Lopez;C;32:54;9;10;0;0;11;12;1;2;3;0;0;3;1;1;29;
Austin Rivers;G;27:38;2;7;0;1;0;0;0;3;3;3;1;0;0;1;4;
Greivis Vasquez;G;41:27;12;21;1;4;2;2;1;5;6;8;1;0;4;3;27;
Dominic McGuire;;26:24;3;3;0;0;0;0;0;4;4;0;0;1;1;3;6;
Ryan Anderson;;29:42;4;11;1;5;6;6;3;2;5;2;0;1;2;2;15;
Brian Roberts;;6:33;1;5;0;1;0;0;0;0;0;3;0;0;0;1;2;
Roger Mason Jr.;;16:18;0;1;0;1;0;0;0;1;1;0;0;0;0;1;0;
Xavier Henry;;3:26;1;2;0;0;0;0;0;1;1;0;1;0;0;0;2;
ORL
Maurice Harkless;F;21:34;1;5;0;1;0;0;1;6;7;1;1;0;1;1;2;
Gustavo Ayon;F;27:31;2;4;0;0;0;0;1;2;3;2;1;2;1;4;4;
Nikola Vucevic;C;32:46;8;17;0;1;3;5;4;5;9;1;0;0;0;3;19;
Arron Afflalo;G;39:08;6;14;2;7;0;0;1;2;3;2;0;0;3;2;14;
Jameer Nelson;G;38:11;11;17;4;8;2;2;0;5;5;10;0;0;6;3;28;
JJ Redick;;35:14;2;10;2;7;6;6;1;4;5;6;2;0;1;0;12;
Josh McRoberts;;13:02;2;3;1;1;0;0;0;0;0;1;0;0;0;1;5;
E'Twaun Moore;;30:22;4;9;2;5;0;0;3;3;6;2;1;3;1;3;10;
Andrew Nicholson;;2:11;0;0;0;0;0;0;0;0;0;0;0;0;0;0;0;
