12-23;UTA-ORL;97-93;
18-30;28-17;25-26;26-20;
UTA
Marvin Williams;F;17:14;1;6;1;1;0;0;0;0;0;0;0;0;0;0;3;
Paul Millsap;F;30:15;6;12;1;2;5;8;3;4;7;1;0;0;0;2;18;
Al Jefferson;C;32:45;6;14;0;1;0;0;2;7;9;3;0;0;2;0;12;
Randy Foye;G;27:47;3;8;2;4;2;2;0;3;3;1;2;1;1;4;10;
Jamaal Tinsley;G;27:12;3;9;3;8;2;2;1;2;3;4;2;0;2;1;11;
Gordon Hayward;;25:44;7;10;0;0;3;3;0;0;0;1;1;1;1;2;17;
DeMarre Carroll;;4:49;0;0;0;0;0;0;0;0;0;0;0;0;0;0;0;
Earl Watson;;20:48;0;2;0;1;2;4;0;1;1;8;0;0;1;1;2;
Derrick Favors;;17:46;5;8;0;0;2;3;1;3;4;0;0;1;0;3;12;
Enes Kanter;;15:15;2;7;0;0;0;0;6;1;7;0;0;0;3;1;4;
Alec Burks;;20:25;3;7;0;1;2;3;0;2;2;3;1;0;1;3;8;
ORL
Maurice Harkless;F;17:54;3;4;1;1;0;2;1;1;2;1;2;1;1;2;7;
Gustavo Ayon;F;37:03;3;7;0;0;3;6;3;9;12;3;0;0;1;3;9;
Nikola Vucevic;C;40:07;7;10;0;0;2;2;4;12;16;1;0;1;2;3;16;
Arron Afflalo;G;38:02;9;19;1;3;1;2;1;3;4;3;0;0;3;0;20;
Jameer Nelson;G;43:32;5;13;4;7;0;0;1;3;4;9;1;0;4;4;14;
JJ Redick;;30:11;5;10;2;5;2;3;0;2;2;5;1;0;7;4;14;
E'Twaun Moore;;14:25;1;5;1;4;0;0;1;2;3;2;0;0;0;4;3;
Andrew Nicholson;;10:52;4;7;0;0;0;0;0;0;0;0;0;0;1;1;8;
Kyle O'Quinn;;7:49;1;1;0;0;0;0;1;1;2;1;0;1;0;1;2;
DeQuan Jones;;0:05;0;0;0;0;0;0;0;0;0;0;0;0;0;0;0;
