11-28;PHX-DET;77-117;
24-24;20-31;16-26;17-36;
PHX
Michael Beasley;F;18:14;1;6;0;3;0;0;0;1;1;1;0;1;4;3;2;
Markieff Morris;F;25:54;4;11;2;4;0;0;2;1;3;1;1;0;1;0;10;
Marcin Gortat;C;20:18;1;6;0;0;4;4;2;2;4;0;0;0;3;1;6;
Shannon Brown;G;21:44;2;4;0;0;1;3;2;2;4;0;1;0;0;1;5;
Goran Dragic;G;16:06;3;7;1;2;3;4;0;3;3;1;1;0;2;3;10;
Jared Dudley;;18:31;2;7;1;2;2;2;2;2;4;2;2;0;3;0;7;
Sebastian Telfair;;14:51;1;3;0;2;0;0;0;1;1;1;0;0;0;2;2;
Luis Scola;;21:08;4;12;0;0;3;3;2;4;6;1;0;0;0;6;11;
Jermaine O'Neal;;15:42;2;4;0;0;0;0;3;4;7;1;1;2;2;2;4;
PJ Tucker;;26:16;0;3;0;2;2;4;0;4;4;0;1;2;1;3;2;
Kendall Marshall;;16:20;3;6;1;3;0;0;0;0;0;0;0;0;3;2;7;
Wesley Johnson;;16:15;3;8;1;3;0;0;0;0;0;3;0;0;0;0;7;
Luke Zeller;;8:41;2;5;0;0;0;0;0;2;2;0;0;0;0;0;4;
DET
Tayshaun Prince;F;30:03;3;5;1;2;5;6;0;2;2;3;1;0;0;0;12;
Jason Maxiell;F;22:10;4;6;0;0;1;2;1;5;6;2;0;1;2;2;9;
Greg Monroe;C;28:13;4;7;0;0;1;2;2;6;8;3;2;0;4;2;9;
Kyle Singler;G;31:40;5;12;1;3;1;2;0;4;4;1;2;0;0;4;12;
Brandon Knight;G;24:01;5;11;3;3;6;7;0;1;1;6;2;0;3;5;19;
Andre Drummond;;24:47;3;7;0;0;0;2;2;7;9;0;1;2;1;2;6;
Rodney Stuckey;;24:44;4;8;0;0;10;11;2;3;5;4;1;1;0;0;18;
Charlie Villanueva;;20:50;7;8;4;5;1;3;1;5;6;2;0;1;1;1;19;
Corey Maggette;;15:06;3;5;2;2;0;0;0;0;0;2;0;0;0;2;8;
Austin Daye;;6:56;1;4;0;0;0;0;0;2;2;1;0;0;1;0;2;
Will Bynum;;6:30;0;0;0;0;0;0;0;0;0;4;0;0;0;0;0;
Kim English;;5:00;1;3;1;1;0;0;0;0;0;0;0;0;0;1;3;
