03-13;NYK-DEN;94-117;
26-31;16-33;27-33;25-20;
NYK
Carmelo Anthony;F;21:31;3;12;0;5;3;4;2;3;5;3;0;1;3;2;9;
James White;F;15:13;4;10;0;1;2;2;0;1;1;0;0;0;1;1;10;
Tyson Chandler;C;17:41;2;4;0;0;0;0;0;2;2;0;0;0;0;2;4;
Iman Shumpert;G;32:57;8;10;4;5;0;0;0;1;1;1;1;0;2;2;20;
Raymond Felton;G;29:04;3;7;2;2;0;0;0;1;1;4;3;2;4;2;8;
J.R. Smith;;31:38;5;12;3;5;2;3;0;5;5;8;1;0;1;3;15;
Jason Kidd;;8:55;1;2;1;2;0;0;0;0;0;1;0;0;1;0;3;
Kenyon Martin;;21:04;2;5;0;0;1;6;0;5;5;1;2;4;2;4;5;
Chris Copeland;;19:37;1;5;0;1;5;5;2;4;6;1;0;1;0;2;7;
Steve Novak;;18:55;2;7;0;5;0;0;1;1;2;0;0;0;1;1;4;
Kurt Thomas;;9:13;2;2;0;0;0;0;1;2;3;0;0;1;1;4;4;
Pablo Prigioni;;14:12;1;3;1;2;2;2;1;1;2;3;0;0;3;2;5;
DEN
Danilo Gallinari;F;25:27;4;13;1;8;7;7;0;3;3;1;3;0;0;0;16;
Kenneth Faried;F;24:54;4;10;0;0;3;6;6;4;10;0;0;2;1;2;11;
Kosta Koufos;C;18:27;3;6;0;0;0;1;4;6;10;0;0;0;1;3;6;
Andre Iguodala;G;32:59;5;7;2;3;2;6;0;6;6;6;2;1;4;0;14;
Ty Lawson;G;26:01;4;8;3;5;2;2;0;3;3;7;0;1;2;1;13;
JaVale McGee;;11:30;3;8;0;0;2;2;5;3;8;0;0;1;0;1;8;
Wilson Chandler;;24:55;9;12;1;1;5;8;0;4;4;0;2;1;2;4;24;
Corey Brewer;;21:09;3;9;1;2;3;3;1;0;1;1;1;1;1;0;10;
Andre Miller;;24:34;2;2;0;0;0;0;1;0;1;5;2;0;1;2;4;
Jordan Hamilton;;12:00;1;4;0;1;0;0;0;3;3;0;0;1;0;1;2;
Timofey Mozgov;;8:34;1;1;0;0;0;0;1;2;3;1;0;0;2;1;2;
Evan Fournier;;6:46;1;2;1;1;2;2;0;1;1;1;1;0;0;3;5;
Anthony Randolph;;2:44;1;2;0;0;0;0;0;0;0;0;0;0;0;0;2;
