01-23;ATL-CHA;104-92;
28-20;25-26;26-21;25-25;
ATL
DeShawn Stevenson;F;20:48;1;8;1;6;0;0;0;3;3;3;0;0;1;0;3;
Josh Smith;F;37:32;15;24;0;2;0;2;5;8;13;8;0;3;7;1;30;
Ivan Johnson;C;31:42;4;11;0;0;4;6;6;9;15;3;3;1;1;3;12;
Kyle Korver;G;41:08;8;11;5;6;0;0;0;4;4;2;1;0;0;5;21;
Jeff Teague;G;33:33;4;9;1;2;1;2;0;2;2;6;2;0;4;3;10;
John Jenkins;;19:26;3;7;2;4;0;0;0;1;1;4;0;1;0;2;8;
Johan Petro;;16:18;2;6;0;0;0;0;0;2;2;1;0;1;0;1;4;
Mike Scott;;13:25;2;3;0;0;1;2;2;3;5;1;0;0;1;3;5;
Jannero Pargo;;22:45;3;6;2;4;0;0;0;0;0;3;1;0;2;2;8;
Anthony Tolliver;;3:23;1;2;1;1;0;0;0;0;0;0;0;0;0;2;3;
CHA
Michael Kidd-Gilchrist;F;24:42;3;6;0;0;2;2;0;3;3;1;2;0;1;2;8;
Hakim Warrick;F;14:08;1;4;0;0;2;2;0;1;1;1;1;0;1;1;4;
Bismack Biyombo;C;26:50;1;5;0;0;0;2;3;7;10;0;2;4;2;2;2;
Gerald Henderson;G;15:25;2;6;0;1;2;2;0;1;1;1;0;0;1;2;6;
Kemba Walker;G;33:18;4;11;1;3;2;3;1;2;3;5;1;0;5;1;11;
Brendan Haywood;;21:39;0;2;0;0;4;6;6;3;9;1;1;0;2;1;4;
Ramon Sessions;;30:08;10;16;1;2;6;6;0;3;3;5;2;0;1;2;27;
Jeff Adrien;;26:01;1;6;0;0;4;4;1;3;4;1;1;2;0;1;6;
Jeff Taylor;;24:26;3;8;1;5;2;2;0;1;1;2;0;0;1;1;9;
Ben Gordon;;23:24;6;12;3;4;0;0;0;6;6;1;1;2;4;2;15;
