12-31;CHA-CHI;91-81;
28-18;19-24;18-23;26-16;
CHA
Jeff Taylor;F;24:48;2;3;1;2;0;0;1;3;4;0;0;0;3;2;5;
Hakim Warrick;F;28:36;3;10;0;0;2;5;1;5;6;1;0;0;3;3;8;
Bismack Biyombo;C;24:25;1;4;0;0;3;8;3;8;11;0;1;0;2;3;5;
Gerald Henderson;G;35:29;6;11;1;3;3;5;1;3;4;2;0;1;1;2;16;
Kemba Walker;G;34:48;6;13;1;3;5;6;0;8;8;6;4;2;3;0;18;
Ramon Sessions;;25:18;5;9;1;2;4;4;0;2;2;2;1;0;1;1;15;
Ben Gordon;;23:37;7;12;0;0;1;2;0;3;3;3;2;1;3;4;15;
Brendan Haywood;;19:55;0;3;0;0;0;2;2;2;4;0;0;2;0;1;0;
Jeff Adrien;;23:04;3;5;0;0;3;6;4;6;10;0;0;3;2;3;9;
CHI
Luol Deng;F;38:08;9;19;0;1;2;4;4;8;12;4;3;1;2;1;20;
Carlos Boozer;F;35:25;7;18;0;0;5;8;3;11;14;3;1;0;0;5;19;
Joakim Noah;C;30:20;1;2;0;0;0;0;0;4;4;2;3;2;1;3;2;
Richard Hamilton;G;17:59;5;11;1;3;0;0;1;0;1;2;2;0;1;3;11;
Nate Robinson;G;28:58;2;11;1;4;0;0;1;2;3;7;3;0;3;4;5;
Marco Belinelli;;26:04;3;12;2;7;0;0;0;1;1;1;0;0;0;6;8;
Taj Gibson;;21:22;3;9;0;0;2;4;6;3;9;0;0;1;0;4;8;
Nazr Mohammed;;8:53;1;3;0;0;0;0;0;3;3;1;0;0;1;3;2;
Marquis Teague;;19:02;2;7;0;0;0;0;0;2;2;3;1;0;1;2;4;
Jimmy Butler;;13:49;0;2;0;1;2;2;0;0;0;1;0;1;2;0;2;
