03-08;MEM-CLE;103-92;
23-19;25-32;32-18;23-23;
MEM
Tayshaun Prince;F;34:31;4;12;0;1;0;0;1;4;5;7;0;1;1;0;8;
Ed Davis;F;28:30;6;11;0;0;0;0;3;6;9;1;0;0;2;4;12;
Marc Gasol;C;40:03;11;16;0;0;0;0;3;5;8;5;1;2;1;2;22;
Tony Allen;G;33:20;4;9;0;0;3;3;0;6;6;2;2;0;3;3;11;
Mike Conley;G;33:35;6;10;1;2;4;5;0;0;0;11;5;1;3;2;17;
Jerryd Bayless;;23:18;8;16;1;3;0;0;1;1;2;3;1;0;0;2;17;
Jon Leuer;;12:24;2;2;0;0;0;0;0;3;3;0;0;0;0;0;4;
Tony Wroten;;7:07;2;3;0;0;1;1;1;0;1;1;1;0;1;0;5;
Quincy Pondexter;;16:07;1;3;1;2;1;2;0;3;3;0;0;0;0;1;4;
Austin Daye;;11:05;1;4;1;3;0;0;0;0;0;0;0;2;1;1;3;
CLE
Alonzo Gee;F;30:03;5;13;2;4;0;0;1;4;5;1;1;1;2;1;12;
Tristan Thompson;F;32:18;3;4;0;0;4;6;3;7;10;2;0;2;2;1;10;
Tyler Zeller;C;18:17;1;3;0;0;0;0;0;1;1;2;0;1;2;2;2;
Dion Waiters;G;20:08;0;4;0;1;3;4;0;1;1;1;0;0;0;1;3;
Kyrie Irving;G;36:10;11;21;1;3;1;2;0;2;2;3;1;0;4;4;24;
Marreese Speights;;24:22;1;5;0;0;7;8;0;1;1;2;0;1;2;4;9;
Wayne Ellington;;27:52;3;5;1;2;0;0;0;5;5;1;0;1;0;0;7;
Luke Walton;;19:16;2;5;1;1;1;2;2;2;4;5;0;0;1;3;6;
Shaun Livingston;;11:50;2;2;0;0;2;2;1;2;3;2;0;0;2;1;6;
CJ Miles;;19:44;5;10;1;3;2;2;0;1;1;0;3;1;0;0;13;
