10-31;MEM-LAC;92-101;
24-26;29-23;24-24;15-28;
MEM
Rudy Gay;F;38:18;11;21;0;1;3;4;3;4;7;3;2;1;3;2;25;
Zach Randolph;F;39:45;5;15;0;0;5;9;7;9;16;3;1;1;4;3;15;
Marc Gasol;C;38:51;8;13;0;0;4;4;3;4;7;5;1;1;2;3;20;
Tony Allen;G;28:30;2;6;0;1;4;4;1;4;5;1;3;0;1;3;8;
Mike Conley;G;34:25;2;10;1;4;2;2;1;2;3;5;3;0;6;3;7;
Jerryd Bayless;;15:20;1;8;1;3;3;4;0;1;1;4;1;1;1;3;6;
Marreese Speights;;16:51;2;4;0;0;3;3;0;2;2;0;1;0;0;4;7;
Wayne Ellington;;15:31;2;5;0;2;0;0;1;1;2;0;0;0;0;2;4;
Quincy Pondexter;;12:28;0;4;0;3;0;0;1;0;1;3;2;0;1;2;0;
LAC
Caron Butler;F;34:25;5;12;0;2;0;0;0;2;2;1;1;0;1;3;10;
Blake Griffin;F;32:09;4;10;0;0;3;5;2;5;7;2;0;1;4;4;11;
DeAndre Jordan;C;23:23;6;8;0;0;0;0;3;4;7;1;2;1;9;4;12;
Willie Green;G;28:53;2;7;2;2;1;2;0;4;4;1;0;1;0;2;7;
Chris Paul;G;34:14;4;10;0;2;4;6;0;4;4;12;4;0;2;2;12;
Ryan Hollins;;7:48;1;2;0;0;0;0;1;2;3;0;0;1;1;5;2;
Jamal Crawford;;29:51;10;14;3;7;6;8;1;1;2;1;1;0;1;1;29;
Eric Bledsoe;;17:11;5;8;0;1;3;4;1;3;4;4;0;0;1;1;13;
Ronny Turiaf;;15:32;0;1;0;0;3;4;0;0;0;1;2;1;0;3;3;
Lamar Odom;;16:36;1;2;0;1;0;0;0;6;6;2;2;4;3;2;2;
