02-24;LAL-DAL;103-99;
27-30;27-24;25-21;24-24;
LAL
Metta World Peace;F;36:47;0;6;0;1;1;2;0;2;2;1;1;0;0;4;1;
Earl Clark;F;29:11;3;5;0;0;0;0;2;4;6;2;1;0;3;1;6;
Dwight Howard;C;32:42;2;7;0;0;5;10;1;12;13;1;2;1;4;5;9;
Kobe Bryant;G;38:16;13;21;4;5;8;10;1;11;12;7;0;1;5;2;38;
Steve Nash;G;33:49;7;12;4;5;2;2;0;2;2;4;1;0;3;0;20;
Antawn Jamison;;26:40;5;10;2;5;1;2;3;2;5;0;0;0;1;2;13;
Jodie Meeks;;26:31;2;6;2;6;5;5;0;3;3;0;2;0;0;1;11;
Steve Blake;;16:04;2;5;1;3;0;0;0;2;2;2;0;0;0;1;5;
DAL
Shawn Marion;F;25:07;3;4;0;1;0;0;3;5;8;2;1;0;0;1;6;
Dirk Nowitzki;F;38:47;11;19;4;4;4;5;0;13;13;1;3;0;2;1;30;
Bernard James;C;3:06;0;1;0;0;0;0;0;0;0;0;0;0;1;2;0;
O.J. Mayo;G;34:36;2;9;1;3;3;6;0;3;3;2;2;0;3;5;8;
Darren Collison;G;28:43;3;11;1;2;0;0;1;0;1;4;3;0;1;1;7;
Elton Brand;;28:37;6;13;0;0;2;4;5;3;8;2;0;0;1;5;14;
Vince Carter;;28:16;6;13;1;5;2;2;0;1;1;3;2;1;2;3;15;
Brandan Wright;;6:34;3;4;0;0;0;0;1;0;1;0;0;0;0;0;6;
Mike James;;19:17;3;9;0;1;0;0;1;2;3;4;0;0;0;2;6;
Jae Crowder;;18:36;1;2;1;2;0;0;0;2;2;1;0;0;1;0;3;
Chris Kaman;;8:17;1;2;0;0;2;2;1;3;4;0;0;0;1;3;4;
Anthony Morrow;;0:04;0;0;0;0;0;0;0;0;0;0;0;0;0;0;0;
