12-07;ORL-SAC;82-91;
16-25;18-21;30-16;18-29;
ORL
Maurice Harkless;F;19:10;0;3;0;1;2;2;0;2;2;0;0;1;0;1;2;
Glen Davis;F;40:15;8;19;0;0;4;5;0;11;11;2;3;2;5;6;20;
Nikola Vucevic;C;20:59;1;5;0;0;1;2;2;5;7;0;0;0;2;4;3;
Arron Afflalo;G;38:06;6;15;1;5;5;6;0;3;3;3;0;0;1;4;18;
Jameer Nelson;G;36:26;7;13;3;5;0;0;0;3;3;6;1;0;4;5;17;
JJ Redick;;34:12;2;10;0;4;2;2;0;2;2;2;1;0;3;0;6;
E'Twaun Moore;;11:34;1;3;0;0;0;0;0;2;2;1;1;0;0;0;2;
Gustavo Ayon;;9:07;0;0;0;0;0;0;1;2;3;3;0;0;0;1;0;
Andrew Nicholson;;22:26;5;10;0;0;4;4;3;2;5;0;0;0;1;2;14;
DeQuan Jones;;4:32;0;2;0;0;0;0;0;0;0;0;0;0;0;0;0;
Kyle O'Quinn;;3:13;0;0;0;0;0;0;0;2;2;0;0;0;0;1;0;
SAC
John Salmons;F;28:22;1;8;0;3;0;0;0;2;2;1;0;0;0;3;2;
Jason Thompson;F;27:48;5;11;0;0;2;2;2;4;6;1;1;0;3;1;12;
DeMarcus Cousins;C;32:29;5;13;0;0;7;10;2;12;14;4;3;2;4;2;17;
Francisco Garcia;G;22:21;2;5;1;3;0;0;0;2;2;1;2;3;1;2;5;
Aaron Brooks;G;19:08;5;9;1;3;0;0;0;4;4;3;1;0;1;2;11;
Marcus Thornton;;24:02;1;7;1;4;2;2;0;3;3;2;1;1;2;0;5;
Isaiah Thomas;;28:52;5;10;0;5;7;8;1;4;5;4;1;0;1;2;17;
Jimmer Fredette;;21:15;5;7;1;3;4;4;1;3;4;1;0;0;4;2;15;
Charles Hayes;;19:07;3;4;0;0;0;0;3;1;4;0;0;0;2;1;6;
Thomas Robinson;;16:36;0;5;0;0;1;2;1;6;7;3;2;0;0;4;1;
