11-26;MIL-CHI;93-92;
19-26;21-24;23-30;30-12;
MIL
Tobias Harris;F;19:54;3;8;0;0;2;2;1;1;2;0;1;1;1;2;8;
John Henson;F;14:41;5;8;0;0;1;3;1;1;2;0;0;1;0;2;11;
Samuel Dalembert;C;18:27;1;4;0;0;0;0;2;2;4;1;0;2;4;0;2;
Monta Ellis;G;26:25;4;10;0;4;2;3;0;1;1;2;1;1;1;1;10;
Brandon Jennings;G;26:07;2;9;0;0;2;2;1;0;1;4;0;0;2;1;6;
Larry Sanders;;12:17;1;4;0;0;0;0;1;5;6;0;0;0;2;1;2;
Ekpe Udoh;;28:51;5;9;0;0;1;1;3;3;6;2;1;5;0;1;11;
Beno Udrih;;28:02;5;11;1;4;0;3;1;3;4;6;0;0;0;1;11;
Mike Dunleavy;;28:06;2;5;1;2;1;2;0;4;4;4;0;1;2;2;6;
Ersan Ilyasova;;21:44;8;14;1;5;1;1;3;3;6;2;1;1;0;4;18;
Doron Lamb;;15:26;3;3;0;0;2;2;0;0;0;2;0;0;0;2;8;
CHI
Luol Deng;F;47:18;4;11;2;5;0;0;1;7;8;2;0;0;5;1;10;
Carlos Boozer;F;39:27;9;19;0;0;1;2;4;7;11;2;1;0;3;5;19;
Joakim Noah;C;38:36;2;8;0;0;2;2;6;4;10;3;4;4;2;4;6;
Richard Hamilton;G;36:28;12;24;2;2;4;4;1;2;3;3;1;0;2;5;30;
Kirk Hinrich;G;38:08;4;11;1;4;8;9;0;2;2;6;1;1;2;2;17;
Jimmy Butler;;12:14;2;4;0;0;0;0;2;0;2;0;0;1;0;1;4;
Taj Gibson;;17:56;1;2;0;0;2;2;0;4;4;5;1;0;1;1;4;
Nate Robinson;;9:52;1;1;0;0;0;0;0;0;0;0;0;0;0;2;2;
