03-03;PHI-WAS;87-90;
22-26;27-24;19-22;19-18;
PHI
Evan Turner;F;33:40;4;13;0;0;3;4;1;9;10;4;0;0;1;4;11;
Thaddeus Young;F;34:19;5;12;0;0;4;6;2;4;6;2;3;0;1;2;14;
Spencer Hawes;C;38:39;6;11;1;2;1;2;2;9;11;3;0;1;1;4;14;
Royal Ivey;G;23:55;2;5;0;2;0;0;1;3;4;2;1;0;0;2;4;
Jrue Holiday;G;36:22;4;19;2;7;4;4;2;1;3;6;2;0;2;1;14;
Lavoy Allen;;17:01;1;3;0;0;0;0;0;2;2;1;0;0;0;0;2;
Dorell Wright;;25:37;5;10;3;6;2;2;0;3;3;2;1;1;0;2;15;
Damien Wilkins;;21:50;3;6;0;1;0;0;0;1;1;0;1;1;3;3;6;
Jeremy Pargo;;2:41;0;3;0;1;1;2;0;1;1;0;0;0;0;0;1;
Arnett Moultrie;;5:57;3;3;0;0;0;0;1;0;1;0;0;0;1;1;6;
WAS
Martell Webster;F;30:00;4;10;3;5;5;5;1;1;2;2;0;1;0;3;16;
Nene;F;34:43;7;14;0;0;1;2;1;8;9;2;1;2;3;1;15;
Emeka Okafor;C;35:45;4;9;0;0;4;6;3;13;16;3;1;1;4;3;12;
Bradley Beal;G;36:48;6;12;2;3;0;0;1;3;4;3;0;2;2;4;14;
John Wall;G;31:20;7;11;0;1;2;2;1;4;5;6;0;1;2;2;16;
Jan Vesely;;16:01;3;6;0;0;0;2;1;1;2;1;0;0;2;2;6;
Trevor Ariza;;27:55;2;8;1;2;4;4;4;4;8;2;0;0;2;3;9;
A.J. Price;;17:08;1;7;0;4;0;0;0;2;2;3;0;0;0;1;2;
Kevin Seraphin;;8:60;0;3;0;0;0;0;1;1;2;1;0;0;1;1;0;
Garrett Temple;;1:21;0;0;0;0;0;0;0;0;0;0;0;0;0;0;0;
