11-06;TOR-OKC;88-108;
17-30;21-27;25-28;25-23;
TOR
Landry Fields;F;20:12;1;6;0;2;1;2;0;2;2;2;1;0;0;0;3;
Andrea Bargnani;F;25:07;5;14;3;6;3;3;0;6;6;0;0;0;2;2;16;
Jonas Valanciunas;C;31:34;6;8;0;0;6;6;3;3;6;1;0;0;3;1;18;
DeMar DeRozan;G;27:34;2;10;0;2;4;4;0;1;1;0;1;0;2;2;8;
Kyle Lowry;G;16:45;1;4;0;2;0;0;0;1;1;4;1;1;1;1;2;
Alan Anderson;;18:39;1;6;0;5;1;2;0;0;0;1;0;1;0;3;3;
Dominic McGuire;;14:34;3;4;0;0;0;0;1;3;4;0;1;0;2;1;6;
Jose Calderon;;19:32;2;7;1;4;3;3;0;0;0;2;4;0;3;0;8;
Amir Johnson;;8:19;1;4;0;0;0;0;2;0;2;0;1;0;1;4;2;
Ed Davis;;20:33;2;4;0;0;2;3;2;7;9;0;1;0;0;5;6;
John Lucas III;;15:48;1;9;1;6;0;0;0;2;2;4;0;0;2;1;3;
Terrence Ross;;13:54;4;7;2;3;0;0;0;2;2;1;1;0;1;2;10;
Aaron Gray;;7:29;1;1;0;0;1;2;0;2;2;1;0;0;0;2;3;
OKC
Kevin Durant;F;29:09;4;11;1;4;6;6;0;6;6;3;2;0;4;3;15;
Serge Ibaka;F;23:18;8;9;0;0;1;1;0;4;4;2;1;2;2;1;17;
Kendrick Perkins;C;22:15;2;3;0;0;0;0;3;6;9;2;0;2;0;3;4;
Thabo Sefolosha;G;24:59;4;6;3;5;0;0;0;5;5;2;1;2;1;0;11;
Russell Westbrook;G;28:48;5;12;2;4;7;8;0;1;1;8;1;1;1;2;19;
Hasheem Thabeet;;22:36;2;2;0;0;6;6;1;4;5;0;1;2;1;6;10;
Kevin Martin;;21:55;4;9;1;4;6;7;0;3;3;2;2;0;4;2;15;
Eric Maynor;;20:01;3;9;0;3;3;4;0;0;0;2;1;0;3;0;9;
Nick Collison;;13:29;1;3;0;0;0;2;1;3;4;1;0;0;0;3;2;
Perry Jones;;18:02;0;3;0;0;0;0;0;3;3;1;1;0;1;2;0;
Reggie Jackson;;6:24;1;4;1;2;0;0;1;1;2;0;0;0;0;0;3;
Jeremy Lamb;;5:55;1;3;1;3;0;0;0;1;1;1;0;0;0;0;3;
DeAndre Liggins;;3:09;0;0;0;0;0;0;1;2;3;0;0;0;0;0;0;
