12-12;DAL-BOS;115-117;
25-27;18-21;27-28;26-20;9-9;10-12;
DAL
Dahntay Jones;F;26:39;5;10;0;3;2;2;0;3;3;0;0;1;0;3;12;
Shawn Marion;F;39:34;6;13;0;1;4;5;4;6;10;7;0;2;2;2;16;
Chris Kaman;C;24:06;5;7;0;0;2;2;0;5;5;1;0;0;1;1;12;
O.J. Mayo;G;46:55;8;14;2;4;1;2;0;5;5;3;2;0;8;3;19;
Derek Fisher;G;35:42;4;12;2;3;0;0;0;3;3;4;1;2;3;6;10;
Elton Brand;;20:14;4;6;0;0;1;1;1;6;7;0;1;0;4;1;9;
Darren Collison;;31:55;8;10;1;3;1;3;1;4;5;5;3;0;5;3;18;
Vince Carter;;30:32;3;9;1;4;0;0;1;4;5;5;1;0;1;1;7;
Brandan Wright;;5:06;1;1;0;0;0;0;0;0;0;0;0;1;0;2;2;
Rodrigue Beaubois;;2:22;0;2;0;1;0;0;0;0;0;0;0;0;0;0;0;
Dominique Jones;;1:55;0;0;0;0;0;0;0;1;1;0;0;0;0;0;0;
BOS
Paul Pierce;F;39:01;10;21;2;7;4;5;1;4;5;3;4;1;3;2;26;
Brandon Bass;F;33:21;3;7;0;0;3;6;2;5;7;0;2;0;0;2;9;
Kevin Garnett;C;35:08;7;14;0;0;2;2;0;2;2;2;2;1;1;2;16;
Jason Terry;G;42:46;3;10;1;6;3;3;0;1;1;3;3;0;0;2;10;
Rajon Rondo;G;47:32;7;11;0;0;0;0;1;7;8;14;2;1;5;5;14;
Chris Wilcox;;15:46;4;5;0;0;2;2;4;2;6;0;0;1;2;1;10;
Jeff Green;;21:47;5;16;1;4;4;4;0;5;5;0;0;0;1;1;15;
Courtney Lee;;18:49;2;5;1;3;0;0;0;0;0;0;1;1;0;2;5;
Jared Sullinger;;10:50;0;3;0;0;0;0;1;2;3;1;1;0;1;1;0;
