02-20;BOS-LAL;99-113;
27-36;28-28;21-26;23-23;
BOS
Paul Pierce;F;33:10;9;17;4;7;4;6;0;4;4;5;1;0;3;3;26;
Brandon Bass;F;29:17;3;6;0;0;0;0;1;1;2;2;0;0;2;4;6;
Kevin Garnett;C;24:20;6;14;0;0;0;2;2;2;4;2;1;1;1;3;12;
Courtney Lee;G;31:04;9;16;2;3;0;0;1;3;4;2;1;0;1;3;20;
Avery Bradley;G;34:14;2;7;1;3;1;2;1;3;4;4;1;1;1;1;6;
Jeff Green;;33:06;5;12;1;2;4;4;0;7;7;4;0;1;1;4;15;
Jason Collins;;5:29;0;0;0;0;0;0;0;1;1;1;0;0;0;1;0;
Jason Terry;;22:18;3;8;1;5;3;4;2;2;4;1;1;0;1;4;10;
Chris Wilcox;;7:12;0;0;0;0;0;0;0;2;2;1;0;0;0;1;0;
Terrence Williams;;12:44;1;1;0;0;0;0;0;2;2;2;0;0;2;0;2;
Fab Melo;;7:06;1;1;0;0;0;2;0;0;0;0;0;1;0;1;2;
LAL
Metta World Peace;F;41:01;5;14;2;7;0;0;0;4;4;3;2;1;0;1;12;
Earl Clark;F;37:42;6;14;0;3;2;4;5;11;16;0;1;1;0;3;14;
Dwight Howard;C;30:07;10;13;0;0;4;8;7;5;12;1;1;1;4;5;24;
Kobe Bryant;G;32:49;5;15;0;4;6;7;1;3;4;7;0;0;3;5;16;
Steve Nash;G;30:41;6;7;2;2;0;0;0;4;4;7;1;0;3;1;14;
Antawn Jamison;;21:42;5;7;1;1;4;5;1;4;5;0;0;0;1;4;15;
Jodie Meeks;;19:48;1;3;0;0;3;4;0;1;1;0;0;0;0;1;5;
Steve Blake;;23:20;3;8;1;4;3;3;0;2;2;5;0;0;1;1;10;
Chris Duhon;;2:50;1;2;1;1;0;0;0;1;1;1;0;0;0;0;3;
