12-25;NYK-LAL;94-100;
23-25;26-26;29-26;16-23;
NYK
Kurt Thomas;F;12:59;3;3;0;0;0;0;0;3;3;1;1;1;0;1;6;
Carmelo Anthony;F;43:17;13;23;3;8;5;6;1;6;7;3;0;0;3;4;34;
Tyson Chandler;C;39:53;3;7;0;0;0;2;4;5;9;1;1;1;1;6;6;
Raymond Felton;G;35:52;5;19;0;1;0;0;1;1;2;6;2;0;0;2;10;
Jason Kidd;G;34:04;2;5;2;4;0;0;1;5;6;7;2;0;3;2;6;
Ronnie Brewer;;8:18;0;3;0;2;0;0;0;1;1;1;1;0;0;2;0;
J.R. Smith;;37:07;10;23;3;8;2;4;1;4;5;0;2;0;1;4;25;
Steve Novak;;15:13;1;2;1;2;0;0;1;1;2;0;0;0;1;1;3;
Marcus Camby;;8:07;1;3;0;0;2;4;1;3;4;0;0;1;1;2;4;
Pablo Prigioni;;5:10;0;1;0;1;0;0;1;0;1;1;0;0;0;1;0;
LAL
Kobe Bryant;F;43:37;14;24;1;5;5;7;1;4;5;1;0;1;1;2;34;
Pau Gasol;F;34:17;5;13;1;3;2;4;0;8;8;6;1;1;1;2;13;
Dwight Howard;C;38:15;4;8;0;0;6;9;2;10;12;1;2;2;1;1;14;
Darius Morris;G;6:55;0;2;0;2;0;0;0;0;0;0;0;0;0;2;0;
Steve Nash;G;37:46;7;12;0;1;2;2;3;3;6;11;0;0;3;1;16;
Metta World Peace;;39:01;6;11;3;6;5;7;2;5;7;1;1;0;2;6;20;
Jodie Meeks;;21:46;1;6;0;4;1;2;0;1;1;1;0;0;2;2;3;
Jordan Hill;;8:09;0;1;0;0;0;0;0;2;2;0;0;0;0;1;0;
Chris Duhon;;10:14;0;0;0;0;0;0;0;1;1;1;0;0;1;0;0;
