01-09;MEM-GSW;94-87;
27-26;28-20;13-17;26-24;
MEM
Rudy Gay;F;37:44;9;19;0;4;0;0;1;4;5;6;0;0;0;2;18;
Zach Randolph;F;37:18;8;13;0;1;3;3;4;8;12;0;2;0;1;3;19;
Marc Gasol;C;36:47;4;12;0;0;4;5;1;8;9;5;1;1;2;2;12;
Tony Allen;G;29:14;4;11;0;0;2;3;3;1;4;2;1;0;1;1;10;
Mike Conley;G;38:47;6;12;1;4;3;4;0;2;2;4;3;0;5;2;16;
Jerryd Bayless;;33:04;2;10;1;7;0;1;1;3;4;6;2;1;1;3;5;
Marreese Speights;;8:24;3;5;0;0;0;0;3;3;6;2;1;0;0;3;6;
Wayne Ellington;;5:11;0;1;0;1;0;0;0;0;0;0;0;0;0;1;0;
Darrell Arthur;;13:32;4;5;0;0;0;0;0;1;1;2;1;0;0;0;8;
GSW
Harrison Barnes;F;27:28;3;5;1;1;0;0;0;3;3;1;1;1;1;3;7;
David Lee;F;40:35;6;14;0;0;2;6;1;9;10;4;1;0;4;4;14;
Festus Ezeli;C;24:54;3;6;0;0;0;0;1;1;2;0;3;1;2;4;6;
Klay Thompson;G;42:27;6;13;2;6;6;6;2;5;7;7;1;0;1;3;20;
Stephen Curry;G;40:31;10;22;4;8;0;1;1;3;4;4;2;0;4;2;24;
Jarrett Jack;;28:02;1;4;0;1;1;1;0;0;0;5;0;0;1;2;3;
Carl Landry;;24:49;4;6;0;0;5;6;1;8;9;1;0;0;1;1;13;
Charles Jenkins;;1:33;0;0;0;0;0;0;0;0;0;0;0;0;1;0;0;
Andris Biedrins;;5:42;0;0;0;0;0;0;0;2;2;0;0;0;0;2;0;
Draymond Green;;3:59;0;1;0;1;0;0;0;1;1;1;0;0;0;0;0;
Kent Bazemore;;0:03;0;0;0;0;0;0;0;0;0;0;0;0;0;0;0;
