03-04;UTA-MIL;108-109;
24-20;24-25;17-30;34-24;9-10;
UTA
Marvin Williams;F;14:51;0;5;0;2;0;0;0;2;2;0;0;0;1;0;0;
Paul Millsap;F;44:13;7;17;0;1;8;12;4;10;14;3;3;0;3;4;22;
Derrick Favors;C;30:06;11;20;0;0;1;3;7;8;15;1;1;1;2;0;23;
Randy Foye;G;20:23;0;6;0;2;0;0;1;0;1;1;1;0;0;0;0;
Earl Watson;G;17:27;0;4;0;0;0;0;1;3;4;2;3;0;4;0;0;
Gordon Hayward;;38:09;3;16;1;2;6;6;3;4;7;5;0;0;3;2;13;
Enes Kanter;;31:39;7;13;0;0;4;4;6;4;10;1;1;1;1;4;18;
Alec Burks;;35:33;7;10;1;1;4;4;0;3;3;4;2;0;6;4;19;
DeMarre Carroll;;32:39;5;8;2;5;1;2;1;2;3;1;3;0;1;3;13;
MIL
Luc Mbah a Moute;F;20:11;3;5;1;1;0;0;1;3;4;0;0;0;3;0;7;
Ersan Ilyasova;F;31:06;3;13;1;3;0;0;2;2;4;4;2;1;0;4;7;
Larry Sanders;C;39:43;3;9;0;0;2;4;5;11;16;3;1;6;2;5;8;
Monta Ellis;G;43:54;15;21;1;3;3;5;1;3;4;3;4;1;5;3;34;
Brandon Jennings;G;46:32;8;14;4;5;0;0;0;1;1;17;3;0;3;2;20;
Mike Dunleavy;;18:39;1;7;0;3;4;4;0;2;2;1;0;0;2;0;6;
Samuel Dalembert;;21:54;4;8;0;0;0;0;3;6;9;0;2;1;1;3;8;
JJ Redick;;29:44;7;14;3;9;0;0;0;2;2;1;1;0;1;3;17;
Ekpe Udoh;;13:17;1;4;0;0;0;0;0;0;0;0;0;1;0;3;2;
