11-26;NOH-LAC;105-98;
22-19;29-25;30-26;24-28;
NOH
Al-Farouq Aminu;F;35:16;4;10;0;0;2;3;3;5;8;1;4;0;2;2;10;
Ryan Anderson;F;34:38;6;14;5;9;0;0;2;6;8;1;0;1;1;2;17;
Robin Lopez;C;21:22;2;6;0;0;0;0;0;2;2;0;0;1;0;2;4;
Roger Mason Jr.;G;22:12;1;3;1;3;2;2;0;3;3;1;0;0;0;1;5;
Greivis Vasquez;G;37:02;8;13;5;8;4;4;0;6;6;10;0;0;8;3;25;
Jason Smith;;28:48;5;8;0;0;7;8;1;3;4;1;0;1;1;4;17;
Austin Rivers;;27:26;5;9;3;4;1;4;0;1;1;6;0;0;1;4;14;
Lance Thomas;;9:34;1;3;0;0;2;2;1;1;2;0;0;0;0;0;4;
Brian Roberts;;10:58;4;5;1;1;0;0;0;1;1;2;1;0;2;0;9;
Darius Miller;;12:44;0;0;0;0;0;0;0;1;1;1;1;0;0;1;0;
LAC
Caron Butler;F;34:20;12;24;9;15;0;1;3;3;6;2;0;0;1;3;33;
Blake Griffin;F;34:48;1;9;0;1;2;3;0;6;6;3;1;0;4;6;4;
DeAndre Jordan;C;15:23;1;4;0;0;1;2;1;0;1;1;0;1;1;2;3;
Willie Green;G;17:41;4;6;2;3;0;0;0;1;1;3;1;0;0;1;10;
Chris Paul;G;38:38;9;14;2;4;0;0;1;3;4;8;4;0;3;4;20;
Ryan Hollins;;8:04;2;2;0;0;0;0;0;0;0;0;0;1;1;1;4;
Matt Barnes;;23:49;2;7;2;6;0;0;2;6;8;1;0;3;3;4;6;
Eric Bledsoe;;20:26;3;4;1;2;1;3;1;1;2;4;1;0;0;1;8;
Jamal Crawford;;27:33;3;9;2;6;2;2;0;2;2;4;1;0;1;1;10;
Lamar Odom;;19:18;0;0;0;0;0;0;0;2;2;0;3;0;0;3;0;
