03-06;BKN-CHA;99-78;
26-29;17-24;28-9;28-16;
BKN
Gerald Wallace;F;33:14;1;7;0;1;6;7;0;8;8;2;2;5;1;3;8;
Reggie Evans;F;27:33;3;4;0;0;0;0;4;12;16;1;2;0;2;1;6;
Brook Lopez;C;32:46;6;7;0;0;4;4;1;4;5;1;0;3;2;2;16;
Joe Johnson;G;31:45;8;14;5;8;1;2;1;4;5;3;0;0;6;1;22;
Deron Williams;G;38:30;7;12;4;6;2;2;0;4;4;8;1;1;4;2;20;
Mirza Teletovic;;14:01;1;5;1;4;0;0;0;2;2;3;0;0;0;0;3;
Keith Bogans;;13:42;2;5;2;5;0;0;0;1;1;1;1;0;2;1;6;
MarShon Brooks;;8:43;0;2;0;1;3;4;0;1;1;0;1;1;2;0;3;
CJ Watson;;20:46;2;4;1;2;0;0;0;1;1;4;0;0;0;4;5;
Andray Blatche;;15:14;3;5;0;0;2;3;0;5;5;0;0;0;3;1;8;
Tornike Shengelia;;1:53;0;0;0;0;0;0;0;0;0;0;0;0;1;0;0;
Tyshawn Taylor;;1:53;1;2;0;0;0;0;0;1;1;0;0;0;1;1;2;
CHA
Michael Kidd-Gilchrist;F;32:19;8;13;0;0;1;1;1;4;5;1;2;0;1;5;17;
Byron Mullens;F;13:03;2;6;0;2;0;0;0;0;0;0;0;0;0;2;4;
Bismack Biyombo;C;16:08;3;4;0;0;1;2;0;3;3;0;0;1;1;3;7;
Gerald Henderson;G;33:04;4;13;0;2;3;4;0;3;3;3;1;0;1;3;11;
Kemba Walker;G;31:58;4;12;1;3;1;1;0;2;2;8;3;1;3;2;10;
Jeff Adrien;;13:28;1;2;0;0;0;0;0;2;2;2;0;1;0;2;2;
Brendan Haywood;;19:52;0;2;0;0;0;0;1;2;3;0;0;0;1;0;0;
Ramon Sessions;;20:27;3;10;1;3;2;2;1;2;3;2;1;0;1;0;9;
Jeff Taylor;;7:50;0;2;0;1;0;0;0;0;0;0;0;0;0;0;0;
Ben Gordon;;26:23;6;15;2;6;2;3;0;2;2;0;1;0;3;2;16;
Josh McRoberts;;25:28;1;5;0;1;0;2;3;3;6;5;0;0;1;2;2;
