03-16;MEM-UTA;84-90;
21-22;29-23;9-24;25-21;
MEM
Tayshaun Prince;F;32:56;3;11;0;1;3;4;2;5;7;2;1;0;2;1;9;
Zach Randolph;F;39:13;7;11;0;1;5;7;2;7;9;1;2;0;2;5;19;
Marc Gasol;C;41:00;5;14;0;0;1;1;3;3;6;3;0;2;3;5;11;
Tony Allen;G;30:00;1;3;0;0;2;4;1;8;9;2;0;1;1;3;4;
Mike Conley;G;37:29;6;18;0;2;1;2;0;4;4;4;1;1;1;2;13;
Ed Davis;;15:43;2;4;0;0;0;0;3;2;5;0;0;1;0;2;4;
Jerryd Bayless;;24:17;9;14;4;7;2;2;0;2;2;2;0;0;2;2;24;
Quincy Pondexter;;14:51;0;2;0;1;0;2;0;0;0;0;0;1;0;1;0;
Austin Daye;;4:27;0;0;0;0;0;0;0;0;0;0;0;0;0;1;0;
Jon Leuer;;0:04;0;0;0;0;0;0;0;0;0;0;0;0;0;0;0;
UTA
Gordon Hayward;F;37:53;5;10;3;6;4;6;0;8;8;3;1;0;1;2;17;
Paul Millsap;F;26:22;4;8;0;0;5;6;2;6;8;2;3;0;2;4;13;
Al Jefferson;C;37:25;7;16;0;1;0;2;0;5;5;3;0;0;1;1;14;
Randy Foye;G;21:16;1;5;1;3;2;2;1;1;2;0;0;1;0;2;5;
Mo Williams;G;35:43;5;13;0;3;3;5;0;4;4;6;1;1;1;4;13;
Derrick Favors;;27:11;4;5;0;0;2;2;2;4;6;0;0;2;0;4;10;
Marvin Williams;;22:43;1;4;0;1;3;4;2;1;3;1;1;0;0;1;5;
Enes Kanter;;10:22;2;6;0;0;4;4;0;1;1;0;1;0;0;1;8;
Earl Watson;;12:17;1;2;0;0;0;0;0;1;1;1;0;0;0;2;2;
Alec Burks;;8:48;1;2;1;2;0;0;0;0;0;2;0;0;0;0;3;
