12-31;MIA-ORL;112-110;
31-22;17-32;22-23;29-22;13-11;
MIA
LeBron James;F;47:53;10;22;1;6;15;16;1;7;8;11;1;0;3;2;36;
Udonis Haslem;F;16:58;1;3;0;0;0;0;0;6;6;0;0;0;0;4;2;
Chris Bosh;C;38:19;10;15;0;0;2;2;1;3;4;1;1;0;0;1;22;
Dwyane Wade;G;39:52;9;20;0;2;3;10;2;4;6;3;2;1;3;1;21;
Mario Chalmers;G;26:08;1;3;1;3;0;0;0;1;1;4;0;0;0;1;3;
Ray Allen;;32:46;6;9;3;4;2;2;1;0;1;0;4;0;0;3;17;
Joel Anthony;;12:32;2;3;0;0;4;5;3;0;3;0;0;1;1;0;8;
Shane Battier;;25:59;0;3;0;2;0;0;0;1;1;1;0;1;0;1;0;
Norris Cole;;7:04;0;3;0;1;0;0;0;0;0;0;0;0;0;1;0;
Mike Miller;;17:29;1;4;1;3;0;0;1;2;3;4;1;0;0;3;3;
ORL
DeQuan Jones;F;23:38;2;6;0;1;2;2;0;1;1;1;1;0;1;3;6;
Andrew Nicholson;F;17:10;5;10;0;0;0;1;2;1;3;0;0;0;0;2;10;
Nikola Vucevic;C;46:34;9;17;0;0;2;4;11;18;29;2;3;2;0;4;20;
Arron Afflalo;G;46:10;9;19;2;6;8;9;0;4;4;3;1;1;2;5;28;
Ish Smith;G;14:20;1;4;0;0;0;0;2;0;2;2;0;0;4;1;2;
JJ Redick;;36:12;9;13;5;9;0;0;0;1;1;5;0;0;3;1;23;
Hedo Turkoglu;;38:40;4;11;1;5;0;0;0;3;3;8;0;1;5;3;9;
Kyle O'Quinn;;2:45;0;0;0;0;0;0;1;0;1;0;0;0;1;0;0;
Josh McRoberts;;39:31;3;8;0;2;6;6;2;4;6;3;0;0;0;5;12;
