12-05;DAL-LAC;90-112;
18-29;24-31;26-23;22-29;
DAL
Shawn Marion;F;28:56;7;13;0;0;0;0;4;1;5;2;0;0;0;2;14;
Jae Crowder;F;17:33;0;6;0;3;2;2;1;0;1;3;2;1;0;2;2;
Chris Kaman;C;28:37;6;13;0;0;2;2;1;5;6;1;1;0;4;2;14;
O.J. Mayo;G;33:31;4;12;0;4;3;5;0;4;4;7;3;1;4;1;11;
Derek Fisher;G;27:23;5;11;3;5;2;2;0;1;1;2;0;0;1;2;15;
Darren Collison;;18:01;2;5;0;1;4;4;0;2;2;2;1;0;5;4;8;
Vince Carter;;23:06;6;12;2;5;2;2;3;4;7;1;1;0;3;0;16;
Elton Brand;;20:38;2;5;0;0;0;0;2;7;9;0;0;0;3;2;4;
Bernard James;;8:44;0;0;0;0;0;0;0;3;3;0;0;2;1;1;0;
Dahntay Jones;;14:50;1;5;0;1;2;2;0;2;2;0;0;0;0;1;4;
Brandan Wright;;11:37;1;1;0;0;0;0;0;1;1;0;0;2;1;0;2;
Dominique Jones;;2:36;0;1;0;0;0;0;0;0;0;1;0;0;0;1;0;
Rodrigue Beaubois;;4:28;0;0;0;0;0;0;0;0;0;1;0;0;0;0;0;
LAC
Caron Butler;F;24:56;5;9;2;4;4;5;1;4;5;0;0;0;1;2;16;
Blake Griffin;F;28:13;8;13;0;1;3;4;3;10;13;5;2;1;2;2;19;
DeAndre Jordan;C;24:17;5;7;0;0;2;4;2;2;4;1;1;1;3;0;12;
Willie Green;G;16:09;2;4;0;1;0;0;0;0;0;0;0;0;1;1;4;
Chris Paul;G;28:57;5;10;0;2;4;5;1;3;4;13;5;0;3;1;14;
Lamar Odom;;23:43;2;7;0;1;0;0;3;8;11;2;2;0;2;2;4;
Matt Barnes;;23:04;5;10;1;4;0;0;1;2;3;0;4;0;0;5;11;
Jamal Crawford;;31:05;7;12;3;6;3;3;0;1;1;4;1;0;2;3;20;
Eric Bledsoe;;19:03;4;12;0;1;0;0;1;4;5;5;3;1;3;1;8;
Ronny Turiaf;;16:06;1;2;0;0;0;0;0;3;3;0;0;3;0;0;2;
Ryan Hollins;;4:28;1;4;0;0;0;0;0;0;0;0;0;0;0;0;2;
