03-08;WAS-BKN;78-95;
14-38;19-21;25-15;20-21;
WAS
Martell Webster;F;25:23;2;7;1;4;0;0;2;1;3;3;0;1;0;5;5;
Nene;F;22:49;4;9;0;0;3;4;1;4;5;2;0;1;2;2;11;
Emeka Okafor;C;26:17;3;9;0;0;0;0;2;7;9;1;0;2;1;3;6;
Trevor Ariza;G;23:23;2;9;0;3;0;0;0;2;2;3;1;0;1;0;4;
John Wall;G;32:11;6;19;0;1;4;6;1;5;6;3;2;1;1;2;16;
A.J. Price;;21:15;4;8;2;4;0;0;0;1;1;4;1;0;3;2;10;
Garrett Temple;;23:40;1;5;0;1;0;0;1;3;4;1;2;0;0;5;2;
Kevin Seraphin;;22:44;4;8;0;0;3;5;3;4;7;0;1;1;2;4;11;
Cartier Martin;;18:09;1;8;0;4;0;0;1;1;2;1;2;1;1;2;2;
Chris Singleton;;10:03;1;3;0;0;0;0;2;0;2;0;1;1;0;0;2;
Trevor Booker;;11:40;2;3;0;0;1;2;1;1;2;0;0;0;0;3;5;
Jan Vesely;;2:27;2;2;0;0;0;0;0;1;1;0;0;0;0;0;4;
BKN
Gerald Wallace;F;20:44;0;5;0;2;2;4;2;3;5;5;0;0;1;1;2;
Reggie Evans;F;31:38;3;6;0;0;5;16;5;19;24;0;1;0;3;3;11;
Brook Lopez;C;31:46;4;11;0;0;3;4;3;4;7;0;0;2;1;5;11;
Joe Johnson;G;31:57;3;10;0;2;0;0;1;2;3;1;0;0;3;0;6;
Deron Williams;G;37:52;15;24;11;16;1;1;0;3;3;5;1;0;3;2;42;
MarShon Brooks;;13:36;2;6;0;1;3;3;1;0;1;0;1;0;2;0;7;
Andray Blatche;;13:16;1;2;0;0;1;1;0;5;5;0;1;0;2;4;3;
CJ Watson;;16:36;2;5;0;0;2;2;2;1;3;3;0;0;1;1;6;
Mirza Teletovic;;19:20;1;8;1;3;2;2;4;4;8;0;0;0;2;2;5;
Keith Bogans;;23:15;1;4;0;3;0;0;0;2;2;0;0;0;0;1;2;
