01-02;CHI-ORL;96-94;
29-28;25-18;28-25;14-23;
CHI
Luol Deng;F;39:05;8;16;2;4;5;6;1;2;3;2;1;0;0;1;23;
Carlos Boozer;F;39:38;13;22;0;0;5;7;2;9;11;2;2;0;4;3;31;
Taj Gibson;C;44:49;8;12;0;0;5;6;5;6;11;3;0;4;1;3;21;
Richard Hamilton;G;29:58;2;6;0;0;0;0;0;2;2;9;0;0;0;1;4;
Kirk Hinrich;G;32:13;2;9;1;3;2;4;0;2;2;8;3;1;1;4;7;
Nazr Mohammed;;11:15;0;2;0;0;2;2;1;2;3;0;1;0;0;2;2;
Marco Belinelli;;17:55;1;3;0;1;0;0;0;0;0;2;0;0;0;0;2;
Nate Robinson;;15:47;2;7;2;4;0;0;0;0;0;0;0;0;0;2;6;
Jimmy Butler;;9:20;0;0;0;0;0;0;0;3;3;1;0;0;0;0;0;
ORL
DeQuan Jones;F;10:31;2;4;0;0;0;0;1;1;2;0;0;1;0;0;4;
Andrew Nicholson;F;12:07;3;5;0;0;0;0;0;4;4;1;0;1;0;3;6;
Nikola Vucevic;C;39:24;8;14;0;0;4;6;5;7;12;0;1;1;3;5;20;
Arron Afflalo;G;40:46;7;13;2;4;3;4;0;1;1;3;0;0;2;4;19;
Jameer Nelson;G;40:12;11;20;6;9;4;4;0;5;5;4;2;0;4;2;32;
JJ Redick;;34:16;3;12;1;8;0;0;0;1;1;2;0;0;2;1;7;
Gustavo Ayon;;13:38;2;2;0;0;0;0;0;0;0;0;0;0;0;2;4;
Hedo Turkoglu;;17:50;0;3;0;1;0;0;0;5;5;1;0;0;0;3;0;
Ish Smith;;7:27;0;1;0;0;0;0;0;2;2;0;0;0;1;1;0;
Kyle O'Quinn;;2:54;0;0;0;0;0;0;0;0;0;0;0;0;0;1;0;
Josh McRoberts;;20:55;1;4;0;2;0;0;2;2;4;5;1;1;0;0;2;
