02-13;HOU-LAC;96-106;
28-46;21-23;23-19;24-18;
HOU
Chandler Parsons;F;37:19;7;16;0;4;3;4;2;4;6;4;0;0;5;2;17;
Patrick Patterson;F;24:24;6;11;0;0;0;0;2;4;6;0;1;0;0;3;12;
Omer Asik;C;25:30;3;5;0;0;2;2;3;4;7;0;1;1;2;1;8;
Carlos Delfino;G;23:26;1;6;1;5;0;0;0;1;1;2;2;0;2;2;3;
Jeremy Lin;G;34:10;4;12;1;3;5;6;0;2;2;7;2;1;4;4;14;
Patrick Beverley;;24:34;2;6;1;2;0;0;2;3;5;2;2;0;3;4;5;
James Anderson;;24:51;4;7;1;4;5;5;2;3;5;0;1;0;2;2;14;
Marcus Morris;;28:55;4;11;1;5;1;1;1;5;6;1;1;0;1;5;10;
Cole Aldrich;;1:05;0;0;0;0;0;0;0;0;0;0;0;0;0;0;0;
Donatas Motiejunas;;15:46;5;8;0;1;3;4;1;2;3;2;0;0;2;0;13;
LAC
Caron Butler;F;29:06;8;15;3;8;0;0;0;1;1;4;2;0;2;1;19;
Blake Griffin;F;32:26;6;10;0;0;8;11;4;7;11;5;4;1;2;4;20;
DeAndre Jordan;C;21:20;3;5;0;0;0;2;1;3;4;0;2;1;1;2;6;
Chauncey Billups;G;20:26;6;9;4;7;3;3;0;1;1;2;0;0;0;2;19;
Chris Paul;G;30:51;3;8;1;4;3;5;0;3;3;11;3;0;1;2;10;
Jamal Crawford;;27:54;5;11;2;6;1;1;1;2;3;1;1;0;4;0;13;
Lamar Odom;;25:24;1;4;0;1;0;0;0;7;7;0;0;0;3;3;2;
Eric Bledsoe;;17:13;1;5;0;1;0;0;0;2;2;3;0;1;0;0;2;
Ryan Hollins;;15:31;1;2;0;0;4;4;0;3;3;0;0;3;2;2;6;
Matt Barnes;;18:54;3;6;3;5;0;0;0;2;2;2;0;0;2;3;9;
Ronny Turiaf;;0:56;0;0;0;0;0;0;0;0;0;0;0;0;1;0;0;
