11-05;GSW-SAC;92-94;
22-21;22-31;20-23;28-19;
GSW
Harrison Barnes;F;29:58;3;8;0;3;0;0;0;2;2;4;1;0;1;2;6;
David Lee;F;41:07;6;13;0;0;8;8;1;5;6;4;1;0;3;4;20;
Andrew Bogut;C;18:55;5;7;0;0;2;3;1;2;3;1;0;1;1;2;12;
Klay Thompson;G;39:17;7;17;3;9;5;6;0;7;7;3;2;0;1;2;22;
Stephen Curry;G;39:04;3;15;2;6;4;5;1;5;6;8;1;0;3;2;12;
Festus Ezeli;;16:01;1;4;0;0;1;2;2;2;4;0;0;1;1;3;3;
Jarrett Jack;;18:02;3;6;0;1;0;0;0;1;1;0;0;0;1;2;6;
Carl Landry;;19:42;2;4;0;0;2;2;1;5;6;0;0;0;1;0;6;
Richard Jefferson;;13:28;1;3;1;1;2;2;1;2;3;1;0;0;0;0;5;
Charles Jenkins;;0:33;0;0;0;0;0;0;0;0;0;0;0;0;0;0;0;
Draymond Green;;3:53;0;1;0;1;0;0;0;0;0;0;0;0;1;0;0;
SAC
James Johnson;F;29:07;2;8;0;2;3;6;0;2;2;2;1;2;0;5;7;
Jason Thompson;F;26:46;1;2;0;0;4;4;0;6;6;0;0;1;1;1;6;
DeMarcus Cousins;C;33:33;10;16;0;0;3;5;5;10;15;1;2;2;3;2;23;
Tyreke Evans;G;29:14;1;9;0;2;1;2;0;3;3;2;0;0;2;3;3;
Isaiah Thomas;G;21:11;4;8;1;3;1;1;0;0;0;0;2;0;2;3;10;
Marcus Thornton;;29:45;6;15;2;8;2;2;1;3;4;3;1;0;0;1;16;
Aaron Brooks;;20:00;5;8;1;2;1;2;0;0;0;2;0;0;2;3;12;
Charles Hayes;;23:40;2;3;0;0;0;0;3;3;6;1;0;0;1;1;4;
Thomas Robinson;;11:46;3;6;0;0;0;0;1;3;4;0;1;0;0;3;6;
Travis Outlaw;;12:48;1;4;0;2;0;0;0;3;3;2;0;0;2;2;2;
Jimmer Fredette;;2:10;2;2;0;0;1;1;0;0;0;0;0;0;0;1;5;
