01-07;DAL-UTA;94-100;
26-19;27-34;27-21;14-26;
DAL
Shawn Marion;F;28:01;3;8;0;0;0;0;1;8;9;1;1;0;0;0;6;
Dirk Nowitzki;F;32:09;7;14;2;5;4;4;0;5;5;5;0;1;3;1;20;
Chris Kaman;C;27:26;5;12;0;0;4;4;2;7;9;0;1;1;0;4;14;
O.J. Mayo;G;37:54;5;14;1;8;2;2;0;1;1;5;0;1;1;4;13;
Darren Collison;G;29:19;3;8;0;0;5;5;0;3;3;2;1;0;2;2;11;
Elton Brand;;20:13;5;7;0;0;1;2;2;7;9;0;0;2;1;5;11;
Vince Carter;;23:50;2;5;1;2;2;3;0;7;7;2;0;0;1;3;7;
Jae Crowder;;16:28;1;4;1;3;0;0;1;0;1;2;1;0;0;2;3;
Rodrigue Beaubois;;18:41;3;8;1;1;0;0;0;2;2;3;1;0;1;3;7;
Jared Cunningham;;1:58;0;0;0;0;0;0;0;0;0;0;0;0;0;1;0;
Dahntay Jones;;4:01;1;1;0;0;0;0;0;0;0;0;0;0;1;1;2;
UTA
Marvin Williams;F;16:17;1;4;1;2;0;0;1;2;3;0;0;1;1;0;3;
Paul Millsap;F;35:01;6;14;0;0;2;2;1;8;9;2;2;1;2;5;14;
Al Jefferson;C;32:18;5;14;0;0;5;6;1;10;11;4;0;1;0;3;15;
Randy Foye;G;31:58;2;7;2;5;4;5;0;0;0;2;1;1;0;0;10;
Jamaal Tinsley;G;21:12;2;7;1;3;0;0;0;3;3;6;1;0;3;3;5;
Gordon Hayward;;34:24;8;14;4;5;7;9;0;6;6;5;1;2;0;0;27;
Derrick Favors;;13:20;1;3;0;0;2;5;0;4;4;0;0;1;2;5;4;
Earl Watson;;18:08;1;2;1;2;0;0;0;0;0;1;0;0;1;2;3;
Enes Kanter;;15:21;3;6;0;0;0;0;5;2;7;0;1;0;0;3;6;
Alec Burks;;22:01;2;7;1;2;8;9;2;2;4;0;1;1;1;1;13;
