12-12;LAC-CHA;100-94;
23-21;26-23;29-27;22-23;
LAC
Caron Butler;F;18:05;3;8;2;5;0;0;2;2;4;0;1;0;2;1;8;
Blake Griffin;F;37:44;9;17;0;0;1;5;2;3;5;3;0;2;2;2;19;
DeAndre Jordan;C;22:16;2;4;0;0;0;0;1;5;6;1;0;0;1;3;4;
Willie Green;G;14:44;1;3;0;2;2;2;0;0;0;0;0;0;1;1;4;
Chris Paul;G;30:59;5;13;2;5;7;9;2;3;5;10;1;0;1;1;19;
Lamar Odom;;24:18;2;5;0;0;1;1;4;5;9;2;2;3;0;3;5;
Jamal Crawford;;33:16;2;12;1;4;4;4;0;3;3;8;1;2;1;0;9;
Matt Barnes;;24:28;8;13;3;6;0;0;3;1;4;0;0;2;3;4;19;
Eric Bledsoe;;22:28;5;9;1;1;2;2;3;5;8;1;1;2;0;0;13;
Ronny Turiaf;;11:42;0;1;0;0;0;2;0;4;4;1;0;0;0;1;0;
CHA
Michael Kidd-Gilchrist;F;33:09;3;10;0;0;5;5;3;5;8;2;0;1;1;1;11;
Byron Mullens;F;38:06;8;15;2;4;1;2;1;7;8;2;0;1;3;3;19;
Bismack Biyombo;C;38:58;5;8;0;0;0;1;2;7;9;0;2;0;2;4;10;
Jeff Taylor;G;14:47;0;2;0;1;0;0;0;3;3;2;0;0;0;3;0;
Kemba Walker;G;35:37;6;14;1;2;4;5;0;2;2;6;1;1;2;4;17;
Gerald Henderson;;20:41;4;9;0;1;4;5;0;4;4;2;0;0;2;4;12;
Brendan Haywood;;13:38;3;3;0;0;0;0;4;2;6;0;0;1;1;2;6;
Ben Gordon;;23:18;3;11;1;6;1;1;0;2;2;1;0;1;0;2;8;
Ramon Sessions;;21:47;3;10;1;2;4;5;2;0;2;3;1;0;1;1;11;
