11-28;NYK-MIL;102-88;
23-26;35-22;30-22;14-18;
NYK
Carmelo Anthony;F;30:28;9;18;3;4;8;9;2;6;8;0;1;1;1;2;29;
Kurt Thomas;F;3:46;0;1;0;0;0;0;0;1;1;0;0;0;0;0;0;
Tyson Chandler;C;27:26;4;4;0;0;9;10;2;6;8;0;1;0;1;1;17;
Ronnie Brewer;G;31:03;1;5;0;1;0;0;0;2;2;3;1;0;2;3;2;
Raymond Felton;G;31:40;5;10;0;2;2;2;2;1;3;7;4;0;4;1;12;
J.R. Smith;;18:01;1;5;0;0;0;0;0;2;2;0;1;0;1;5;2;
Steve Novak;;39:42;7;10;5;7;0;0;1;3;4;1;2;0;0;3;19;
Rasheed Wallace;;15:09;2;10;1;5;0;0;0;5;5;0;0;0;1;2;5;
Chris Copeland;;10:57;2;5;0;0;1;2;0;1;1;0;0;0;0;0;5;
Pablo Prigioni;;28:08;4;5;2;2;1;2;1;2;3;7;1;0;4;3;11;
James White;;3:40;0;0;0;0;0;0;0;1;1;0;0;0;0;0;0;
MIL
Tobias Harris;F;9:35;1;4;0;1;0;0;0;1;1;0;0;0;0;0;2;
John Henson;F;12:16;0;3;0;0;0;0;1;1;2;3;0;1;2;1;0;
Samuel Dalembert;C;15:23;0;1;0;0;0;0;2;2;4;0;0;0;2;3;0;
Monta Ellis;G;27:07;6;11;0;1;5;6;0;2;2;7;3;0;3;2;17;
Brandon Jennings;G;29:20;6;8;2;2;4;4;0;3;3;5;0;0;3;1;18;
Marquis Daniels;;23:25;4;9;0;1;3;3;0;2;2;1;4;1;1;3;11;
Larry Sanders;;13:41;1;5;0;0;0;2;2;2;4;0;0;1;1;3;2;
Ersan Ilyasova;;13:16;0;1;0;1;0;0;0;4;4;1;1;0;0;0;0;
Beno Udrih;;24:41;8;12;0;1;2;2;0;2;2;1;0;0;1;1;18;
Mike Dunleavy;;23:50;2;6;1;2;3;4;0;9;9;2;0;0;1;0;8;
Ekpe Udoh;;23:03;2;4;0;0;0;0;0;3;3;3;0;1;2;4;4;
Doron Lamb;;24:23;3;8;2;4;0;0;0;0;0;1;0;0;1;2;8;
