11-09;UTA-DEN;84-104;
27-26;11-27;19-20;27-31;
UTA
Marvin Williams;F;24:53;2;7;0;4;1;2;1;2;3;2;2;1;1;2;5;
Paul Millsap;F;25:26;5;11;0;0;1;2;0;5;5;1;0;1;2;3;11;
Al Jefferson;C;22:26;1;9;0;0;2;2;4;7;11;0;0;0;2;1;4;
Gordon Hayward;G;22:25;6;7;1;1;2;2;0;1;1;1;0;1;2;3;15;
Mo Williams;G;25:40;1;6;0;4;0;0;0;2;2;4;0;0;4;3;2;
Derrick Favors;;25:20;3;8;0;0;4;4;3;8;11;1;0;5;2;1;10;
Randy Foye;;28:59;4;13;3;9;2;2;0;0;0;2;1;1;0;4;13;
Enes Kanter;;20:00;6;8;0;0;1;2;4;2;6;1;0;3;1;0;13;
Jamaal Tinsley;;22:20;2;6;0;2;1;2;0;3;3;7;1;0;3;1;5;
Alec Burks;;14:07;1;9;0;3;1;2;0;1;1;0;0;0;0;2;3;
DeMarre Carroll;;2:48;1;1;0;0;0;0;0;0;0;0;0;0;0;0;2;
Kevin Murphy;;2:48;0;1;0;0;0;0;0;0;0;0;1;0;0;0;0;
Jeremy Evans;;2:48;0;1;0;0;1;2;2;0;2;0;0;0;0;1;1;
DEN
Danilo Gallinari;F;24:44;2;11;0;2;1;2;0;6;6;4;0;1;0;3;5;
Kenneth Faried;F;27:55;5;11;0;0;8;10;4;6;10;2;1;2;0;1;18;
Kosta Koufos;C;25:09;6;8;0;0;3;4;4;6;10;1;2;3;0;5;15;
Andre Iguodala;G;30:52;7;12;1;4;0;0;0;7;7;1;1;1;2;1;15;
Ty Lawson;G;29:03;4;12;0;0;1;4;0;2;2;7;3;0;2;0;9;
JaVale McGee;;18:17;2;8;0;0;0;0;1;4;5;1;1;1;2;0;4;
Corey Brewer;;20:28;7;14;5;8;1;1;1;2;3;0;2;0;0;0;20;
Timofey Mozgov;;19:39;1;3;0;0;2;2;1;3;4;0;1;2;0;5;4;
Andre Miller;;24:31;2;6;0;1;2;2;0;3;3;7;0;2;1;1;6;
Evan Fournier;;12:00;1;3;0;2;0;0;1;0;1;2;0;0;3;0;2;
Anthony Randolph;;4:34;1;1;0;0;0;0;1;1;2;0;0;0;1;1;2;
Jordan Hamilton;;2:48;2;3;0;0;0;0;0;0;0;1;0;0;0;0;4;
