12-22;PHX-POR;93-96;
25-23;28-21;22-31;18-21;
PHX
Jared Dudley;F;35:18;3;7;0;4;2;2;0;1;1;10;0;0;1;3;8;
Luis Scola;F;19:02;3;9;0;1;0;0;1;3;4;3;1;0;0;1;6;
Marcin Gortat;C;30:23;9;12;0;0;0;0;2;7;9;0;2;0;1;2;18;
Shannon Brown;G;36:04;7;17;1;4;0;0;1;2;3;2;4;0;4;1;15;
Goran Dragic;G;33:23;4;13;2;5;0;0;0;1;1;5;0;0;1;2;10;
Markieff Morris;;28:58;5;10;0;1;1;2;3;0;3;3;2;1;1;1;11;
Sebastian Telfair;;14:37;1;4;1;3;0;0;0;2;2;2;2;0;2;2;3;
Jermaine O'Neal;;17:37;4;7;0;0;5;7;3;2;5;1;0;0;0;3;13;
PJ Tucker;;14:18;3;6;0;0;0;0;1;3;4;0;1;0;0;2;6;
Michael Beasley;;10:20;1;4;1;1;0;0;0;0;0;0;0;0;0;1;3;
POR
Nicolas Batum;F;42:18;4;12;2;9;3;3;2;7;9;8;2;0;7;0;13;
LaMarcus Aldridge;F;39:07;5;15;0;0;7;8;1;8;9;2;0;2;0;2;17;
JJ Hickson;C;37:34;8;11;0;0;3;5;4;11;15;0;0;1;1;2;19;
Wesley Matthews;G;9:49;0;2;0;1;0;0;0;0;0;0;0;0;1;0;0;
Damian Lillard;G;39:02;7;13;2;5;9;10;1;0;1;7;1;0;3;2;25;
Luke Babbitt;;15:23;1;3;1;2;0;0;0;3;3;0;1;0;2;1;3;
Victor Claver;;14:32;3;4;1;1;0;0;1;3;4;0;0;0;1;1;7;
Ronnie Price;;12:24;2;4;0;0;1;2;1;1;2;1;1;1;2;1;5;
Meyers Leonard;;6:12;2;2;0;0;0;0;0;0;0;0;0;0;2;1;4;
Will Barton;;2:56;0;0;0;0;0;0;0;0;0;1;0;0;0;0;0;
Sasha Pavlovic;;20:43;1;3;1;2;0;0;1;1;2;2;0;0;2;2;3;
