11-07;BKN-MIA;73-103;
22-26;19-24;15-29;17-24;
BKN
Joe Johnson;F;32:13;4;14;1;3;0;0;0;2;2;1;2;0;0;1;9;
Kris Humphries;F;24:14;4;8;0;0;3;6;5;6;11;1;0;0;1;2;11;
Brook Lopez;C;20:34;4;8;0;0;0;1;2;5;7;1;0;1;0;1;8;
Keith Bogans;G;21:00;1;3;1;3;0;0;0;2;2;1;1;0;0;2;3;
Deron Williams;G;30:52;7;15;0;4;0;0;0;1;1;3;1;0;7;3;14;
Andray Blatche;;21:09;2;8;0;0;0;0;2;6;8;0;1;0;2;2;4;
CJ Watson;;24:36;1;5;0;4;0;0;1;0;1;2;1;0;3;1;2;
Mirza Teletovic;;16:54;1;8;1;7;0;0;1;0;1;1;0;0;0;0;3;
MarShon Brooks;;18:58;5;7;0;0;2;4;0;1;1;2;1;0;3;1;12;
Reggie Evans;;13:09;1;1;0;0;3;4;2;3;5;0;0;0;1;2;5;
Tornike Shengelia;;12:00;0;0;0;0;2;2;0;1;1;0;0;0;2;0;2;
Tyshawn Taylor;;4:21;0;3;0;0;0;0;0;0;0;0;0;0;0;0;0;
MIA
LeBron James;F;29:59;7;12;2;3;4;4;4;8;12;8;1;0;2;1;20;
Shane Battier;F;24:47;3;9;3;8;0;0;0;2;2;0;0;0;0;2;9;
Chris Bosh;C;24:00;2;10;0;1;4;6;2;2;4;1;3;1;0;2;8;
Dwyane Wade;G;32:04;10;14;0;1;2;2;1;1;2;5;1;2;1;2;22;
Mario Chalmers;G;26:38;3;7;1;2;1;2;1;5;6;5;1;0;4;2;8;
Ray Allen;;26:43;4;6;1;2;0;0;0;3;3;1;0;0;1;5;9;
Norris Cole;;20:32;0;2;0;1;2;2;0;1;1;4;1;0;2;2;2;
Udonis Haslem;;19:39;2;3;0;0;0;0;0;6;6;0;0;0;1;0;4;
Rashard Lewis;;19:11;6;9;1;3;0;0;0;0;0;0;1;0;0;1;13;
Mike Miller;;4:21;1;1;1;1;0;0;0;1;1;1;0;0;0;0;3;
Joel Anthony;;4:21;1;1;0;0;0;0;0;2;2;0;0;2;0;0;2;
Josh Harrellson;;4:02;0;1;0;0;0;0;0;1;1;0;0;0;1;1;0;
James Jones;;3:43;1;2;1;2;0;0;0;0;0;0;0;0;0;0;3;
