01-12;ORL-LAC;104-101;
26-31;23-26;26-26;29-18;
ORL
DeQuan Jones;F;13:26;0;2;0;0;0;0;0;3;3;0;0;0;1;1;0;
Andrew Nicholson;F;28:44;4;8;0;0;0;0;1;4;5;1;1;0;4;2;8;
Nikola Vucevic;C;35:24;7;9;0;0;4;6;5;10;15;1;1;1;1;2;18;
Arron Afflalo;G;40:05;10;19;3;3;7;8;3;4;7;7;1;0;1;1;30;
Jameer Nelson;G;36:23;4;14;2;7;1;1;0;3;3;9;2;0;2;3;11;
JJ Redick;;33:09;8;14;4;8;1;1;0;3;3;3;0;0;3;1;21;
Josh McRoberts;;28:06;2;8;1;5;2;2;1;1;2;4;0;0;1;1;7;
Ish Smith;;11:37;3;6;1;2;0;1;0;2;2;2;0;0;0;0;7;
Maurice Harkless;;9:20;1;1;0;0;0;0;0;0;0;0;0;0;0;1;2;
Kyle O'Quinn;;3:46;0;0;0;0;0;0;0;1;1;1;1;0;0;0;0;
LAC
Caron Butler;F;22:11;3;7;2;4;0;0;0;1;1;1;1;0;0;2;8;
Blake Griffin;F;35:24;15;22;0;1;0;0;1;7;8;7;0;1;1;1;30;
DeAndre Jordan;C;21:25;5;6;0;0;0;0;3;3;6;2;1;2;0;1;10;
Willie Green;G;17:26;4;7;2;4;0;0;0;1;1;1;1;0;0;0;10;
Chris Paul;G;34:32;4;11;1;3;1;1;0;1;1;16;4;0;2;0;10;
Matt Barnes;;27:41;4;10;2;5;0;0;2;3;5;0;0;0;2;5;10;
Eric Bledsoe;;13:33;1;4;0;0;0;0;1;0;1;4;0;1;0;1;2;
Jamal Crawford;;28:37;4;12;2;4;3;3;0;1;1;1;0;0;2;1;13;
Lamar Odom;;26:35;3;5;0;1;0;0;1;6;7;0;1;2;1;4;6;
Ronny Turiaf;;6:11;0;1;0;0;0;0;1;1;2;0;0;0;1;0;0;
Grant Hill;;6:25;0;3;0;0;2;2;0;2;2;0;0;0;0;0;2;
