01-18;HOU-IND;95-105;
18-31;34-28;17-24;26-22;
HOU
Chandler Parsons;F;40:35;6;9;2;4;2;2;1;1;2;4;0;1;2;1;16;
Patrick Patterson;F;24:56;1;8;1;4;0;0;0;2;2;0;0;0;0;2;3;
Omer Asik;C;30:25;8;13;0;0;6;7;7;5;12;0;1;3;5;2;22;
James Harden;G;41:16;5;19;3;7;4;5;1;4;5;7;1;4;5;0;17;
Jeremy Lin;G;31:26;4;7;2;2;0;0;0;5;5;3;0;0;3;3;10;
Greg Smith;;17:35;0;2;0;0;0;0;2;2;4;0;0;1;1;5;0;
Patrick Beverley;;16:34;3;8;2;2;0;0;0;3;3;2;3;1;1;1;8;
Carlos Delfino;;24:11;6;11;3;6;2;2;0;3;3;5;2;0;0;1;17;
Marcus Morris;;11:04;0;5;0;5;0;0;0;0;0;0;0;0;1;1;0;
Donatas Motiejunas;;0:59;1;1;0;0;0;0;0;0;0;0;0;0;0;1;2;
James Anderson;;0:59;0;0;0;0;0;0;0;0;0;0;0;0;0;0;0;
IND
Paul George;F;42:43;11;19;7;10;2;2;1;5;6;3;5;1;5;4;31;
David West;F;33:60;8;18;0;0;4;6;2;9;11;7;1;3;1;2;20;
Roy Hibbert;C;24:31;6;12;0;0;0;0;6;3;9;3;1;3;2;5;12;
Lance Stephenson;G;37:03;4;10;1;3;0;0;2;1;3;4;1;0;2;2;9;
George Hill;G;37:33;4;9;2;2;5;6;0;4;4;3;3;0;2;1;15;
Ian Mahinmi;;11:21;1;1;0;0;1;1;0;1;1;0;0;1;0;1;3;
Orlando Johnson;;9:17;1;2;1;1;0;0;0;2;2;1;0;0;0;1;3;
D.J. Augustin;;17:33;3;7;0;3;0;0;0;2;2;0;0;0;1;2;6;
Tyler Hansbrough;;17:35;1;4;0;0;2;2;1;0;1;0;0;0;0;1;4;
Jeff Ayres;;7:54;1;5;0;0;0;0;2;0;2;0;0;1;0;1;2;
Ben Hansbrough;;0:30;0;0;0;0;0;0;0;0;0;0;0;0;0;0;0;
