01-04;PHI-OKC;85-109;
21-22;21-24;24-32;19-31;
PHI
Thaddeus Young;F;29:39;5;10;0;0;0;0;2;2;4;1;1;1;0;3;10;
Evan Turner;F;30:12;2;7;1;1;0;0;0;6;6;5;2;0;6;2;5;
Lavoy Allen;C;27:12;4;10;0;0;0;0;4;2;6;1;0;1;2;2;8;
Jason Richardson;G;28:58;4;10;1;3;0;0;0;4;4;2;1;0;0;1;9;
Jrue Holiday;G;31:57;7;13;1;6;0;0;0;1;1;9;0;0;4;3;15;
Spencer Hawes;;31:00;3;11;0;1;0;0;5;8;13;0;0;2;3;3;6;
Dorell Wright;;25:25;4;8;3;6;0;0;0;1;1;2;3;0;2;2;11;
Nick Young;;28:01;5;12;5;7;6;8;1;3;4;1;1;0;3;2;21;
Maalik Wayns;;4:06;0;2;0;0;0;0;0;0;0;0;0;0;0;1;0;
Damien Wilkins;;3:30;0;1;0;0;0;0;0;1;1;0;0;0;0;0;0;
OKC
Kevin Durant;F;36:04;8;15;1;4;9;10;0;6;6;3;1;0;2;0;26;
Serge Ibaka;F;29:10;6;10;0;1;3;4;6;4;10;1;3;0;4;2;15;
Kendrick Perkins;C;19:51;2;7;0;0;0;0;0;7;7;1;0;1;1;2;4;
Thabo Sefolosha;G;29:45;2;4;1;2;2;2;0;3;3;3;1;0;0;1;7;
Russell Westbrook;G;33:37;10;17;4;4;3;4;0;3;3;5;1;0;6;0;27;
Nick Collison;;23:22;3;5;0;0;0;0;1;2;3;3;1;0;1;4;6;
Kevin Martin;;31:02;5;9;4;4;2;2;1;2;3;0;1;1;3;1;16;
Hasheem Thabeet;;16:31;1;3;0;0;1;3;2;5;7;0;2;1;0;2;3;
Reggie Jackson;;14:23;2;4;0;1;1;2;0;4;4;1;1;0;0;0;5;
DeAndre Liggins;;3:30;0;0;0;0;0;0;0;1;1;1;1;0;1;0;0;
Eric Maynor;;2:45;0;1;0;1;0;0;0;0;0;0;1;0;0;0;0;
