01-30;LAL-PHX;86-92;
22-26;19-15;32-22;13-29;
LAL
Metta World Peace;F;33:08;6;17;3;10;0;0;2;3;5;0;1;1;1;2;15;
Earl Clark;F;30:28;1;4;1;4;2;4;2;6;8;2;1;0;2;4;5;
Dwight Howard;C;28:36;4;9;0;0;1;2;5;9;14;1;1;1;1;4;9;
Kobe Bryant;G;38:40;7;17;0;3;3;4;0;5;5;9;2;0;6;0;17;
Steve Nash;G;33:23;3;8;1;4;4;4;0;4;4;2;1;0;2;1;11;
Pau Gasol;;37:11;6;13;0;0;2;5;2;3;5;2;1;1;4;4;14;
Antawn Jamison;;12:27;5;6;3;4;0;0;0;4;4;0;0;0;2;0;13;
Steve Blake;;16:47;1;4;0;2;0;0;0;0;0;3;0;1;1;1;2;
Jodie Meeks;;9:20;0;0;0;0;0;0;0;1;1;0;0;0;0;0;0;
PHX
PJ Tucker;F;31:29;3;6;0;1;0;0;0;2;2;4;1;0;0;3;6;
Luis Scola;F;30:53;5;10;0;0;2;2;0;4;4;0;0;1;3;3;12;
Marcin Gortat;C;29:23;7;13;0;0;0;0;4;8;12;3;1;0;1;2;14;
Jared Dudley;G;30:48;3;10;1;6;4;4;1;3;4;1;0;0;0;3;11;
Goran Dragic;G;36:55;4;10;1;3;2;2;1;1;2;8;3;0;2;2;11;
Michael Beasley;;34:25;12;20;1;1;2;3;0;6;6;1;5;0;3;3;27;
Shannon Brown;;21:10;3;8;0;0;2;2;1;1;2;3;1;1;1;1;8;
Sebastian Telfair;;11:05;1;4;0;1;1;2;0;1;1;1;0;0;0;0;3;
Markieff Morris;;13:52;0;2;0;0;0;0;0;3;3;0;0;0;1;3;0;
