01-04;POR-MEM;86-84;
24-25;23-25;25-22;14-12;
POR
Nicolas Batum;F;39:49;4;11;3;8;0;0;2;3;5;4;3;0;3;1;11;
LaMarcus Aldridge;F;38:07;5;15;0;0;5;7;2;10;12;3;0;5;1;4;15;
JJ Hickson;C;36:45;7;13;0;0;5;8;4;7;11;1;1;2;0;2;19;
Wesley Matthews;G;39:02;8;14;5;8;0;0;0;2;2;4;3;0;2;2;21;
Damian Lillard;G;37:59;5;14;1;4;0;0;0;5;5;8;1;0;5;0;11;
Joel Freeland;;8:01;0;4;0;0;0;0;3;1;4;0;1;0;1;2;0;
Will Barton;;10:09;2;3;0;1;0;0;1;0;1;1;0;0;0;0;4;
Ronnie Price;;10:01;0;0;0;0;0;0;1;0;1;1;0;0;1;2;0;
Luke Babbitt;;10:57;2;6;1;5;0;0;0;0;0;0;0;0;2;0;5;
Sasha Pavlovic;;9:09;0;1;0;1;0;0;0;0;0;0;0;0;0;1;0;
MEM
Rudy Gay;F;38:41;8;21;1;2;2;2;2;7;9;2;1;0;1;3;19;
Marreese Speights;F;26:53;7;15;0;0;8;8;7;6;13;0;1;0;2;5;22;
Marc Gasol;C;38:06;5;11;0;0;2;2;1;5;6;3;3;8;3;2;12;
Tony Allen;G;40:56;2;9;0;0;0;0;1;2;3;1;0;0;4;2;4;
Mike Conley;G;32:47;2;8;0;1;2;2;1;2;3;3;2;0;1;3;6;
Darrell Arthur;;21:18;5;10;0;0;0;0;2;3;5;0;1;0;1;1;10;
Jerryd Bayless;;15:13;0;1;0;0;0;0;0;0;0;2;1;0;1;0;0;
Wayne Ellington;;20:50;2;5;1;2;4;4;1;3;4;2;1;0;1;2;9;
Hamed Haddadi;;5:17;1;1;0;0;0;0;1;1;2;0;0;1;0;0;2;
