03-16;DET-POR;101-112;
30-24;27-28;18-25;26-35;
DET
Kyle Singler;F;40:01;2;10;0;2;0;0;0;0;0;0;0;0;0;1;4;
Jason Maxiell;F;37:46;4;6;0;0;2;4;2;3;5;3;2;1;3;5;10;
Greg Monroe;C;36:07;5;9;0;0;4;8;2;7;9;6;0;0;1;5;14;
Rodney Stuckey;G;39:55;12;23;2;6;6;7;0;3;3;0;0;0;1;2;32;
Jose Calderon;G;24:00;5;8;3;5;0;0;0;4;4;5;2;0;1;3;13;
Jonas Jerebko;;15:40;2;4;0;2;0;0;1;4;5;1;0;1;2;2;4;
Khris Middleton;;12:29;0;2;0;1;0;0;1;2;3;0;2;0;0;3;0;
Will Bynum;;27:35;10;14;0;1;3;3;0;2;2;4;1;0;2;0;23;
Charlie Villanueva;;6:27;0;0;0;0;1;2;1;1;2;0;0;1;3;1;1;
POR
Nicolas Batum;F;37:44;7;14;3;7;0;0;2;3;5;6;0;3;1;3;17;
LaMarcus Aldridge;F;37:44;13;21;0;0;5;5;3;9;12;3;1;0;2;2;31;
JJ Hickson;C;33:03;7;14;0;0;4;5;5;10;15;2;2;0;2;2;18;
Wesley Matthews;G;38:15;4;10;2;5;7;7;0;3;3;2;1;0;0;2;17;
Damian Lillard;G;38:07;3;12;1;5;7;7;0;2;2;7;0;0;2;3;14;
Joel Freeland;;10:16;4;6;0;0;0;0;1;3;4;1;0;0;0;1;8;
Eric Maynor;;19:44;1;3;1;2;0;0;0;1;1;2;1;0;2;2;3;
Meyers Leonard;;14:57;1;3;0;0;0;0;0;1;1;1;0;1;0;3;2;
Will Barton;;10:10;1;3;0;0;0;0;1;1;2;1;1;0;0;2;2;
