01-25;HOU-NOH;100-82;
27-18;21-22;32-25;20-17;
HOU
Chandler Parsons;F;34:58;5;13;0;1;0;1;1;2;3;2;0;3;1;3;10;
Patrick Patterson;F;34:14;8;11;1;1;1;2;5;8;13;0;0;1;0;2;18;
Omer Asik;C;25:53;0;4;0;0;0;0;1;5;6;0;1;1;3;4;0;
James Harden;G;35:44;8;15;2;3;12;12;1;3;4;8;1;0;8;2;30;
Jeremy Lin;G;37:09;3;6;1;3;6;8;0;5;5;8;6;1;4;1;13;
Toney Douglas;;14:20;1;4;1;3;0;0;0;1;1;2;0;0;1;2;3;
Greg Smith;;13:10;1;2;0;0;0;1;3;2;5;1;0;0;1;5;2;
Marcus Morris;;17:08;3;6;2;4;0;0;1;2;3;0;0;0;3;4;8;
Carlos Delfino;;24:33;5;9;4;6;0;0;1;2;3;2;0;1;0;1;14;
James Anderson;;0:57;0;0;0;0;0;0;0;0;0;0;0;0;0;0;0;
Cole Aldrich;;0:57;0;0;0;0;0;0;0;1;1;0;0;0;0;0;0;
Patrick Beverley;;0:57;0;1;0;0;2;2;0;0;0;0;0;0;0;0;2;
NOH
Al-Farouq Aminu;F;23:25;5;10;1;2;0;0;3;3;6;2;2;0;2;2;11;
Anthony Davis;F;26:47;4;7;0;0;2;2;3;4;7;0;3;1;2;3;10;
Robin Lopez;C;18:08;2;4;0;0;2;2;0;2;2;0;0;0;0;1;6;
Eric Gordon;G;30:48;6;14;2;4;6;8;0;0;0;2;1;0;3;3;20;
Greivis Vasquez;G;23:58;1;6;0;2;0;0;0;1;1;6;0;0;2;3;2;
Lance Thomas;;4:25;0;2;0;0;0;0;0;0;0;0;0;0;0;0;0;
Jason Smith;;16:48;2;5;0;0;0;0;0;5;5;2;0;2;3;4;4;
Ryan Anderson;;32:39;6;13;0;5;7;7;3;1;4;1;1;2;1;2;19;
Brian Roberts;;18:46;2;7;0;4;0;0;0;1;1;3;1;0;1;1;4;
Austin Rivers;;20:16;3;11;0;2;0;1;2;1;3;2;0;1;0;3;6;
Roger Mason Jr.;;16:55;0;1;0;1;0;0;1;2;3;1;0;1;1;2;0;
Xavier Henry;;7:05;0;0;0;0;0;0;0;2;2;1;0;0;0;2;0;
