01-06;CHA-DET;108-101;
21-30;38-30;20-22;17-14;12-5;
CHA
Jeff Taylor;F;22:40;4;6;0;1;0;1;1;0;1;0;0;0;0;2;8;
Tyrus Thomas;F;38:05;4;14;0;0;5;5;2;3;5;0;1;1;1;2;13;
Bismack Biyombo;C;34:27;3;6;0;0;4;4;7;10;17;0;0;0;0;4;10;
Michael Kidd-Gilchrist;G;32:39;3;10;0;1;5;5;4;4;8;0;0;1;0;2;11;
Kemba Walker;G;33:40;9;23;0;4;2;2;0;2;2;7;2;1;3;2;20;
Gerald Henderson;;22:13;2;5;0;0;2;2;0;2;2;0;2;1;1;1;6;
Jeff Adrien;;12:29;2;2;0;0;1;4;2;1;3;2;1;0;1;2;5;
Brendan Haywood;;17:09;1;3;0;0;0;0;2;0;2;0;2;1;1;1;2;
Ramon Sessions;;22:32;5;11;1;2;4;4;1;1;2;1;2;0;2;2;15;
Ben Gordon;;29:06;7;12;2;5;2;2;0;3;3;4;3;0;2;2;18;
DET
Tayshaun Prince;F;41:40;9;15;1;3;2;2;2;5;7;3;1;1;4;3;21;
Jason Maxiell;F;20:16;1;3;0;0;2;2;1;2;3;0;0;3;2;4;4;
Greg Monroe;C;37:12;7;10;0;0;4;5;4;10;14;6;0;1;1;1;18;
Kyle Singler;G;16:41;2;6;0;1;0;0;2;3;5;1;0;1;3;5;4;
Brandon Knight;G;32:57;5;11;0;3;2;4;3;1;4;1;0;1;4;3;12;
Rodney Stuckey;;33:32;6;11;3;5;3;4;0;0;0;1;3;0;3;3;18;
Andre Drummond;;27:31;5;6;0;0;0;2;2;4;6;1;0;3;1;2;10;
Will Bynum;;24:29;2;9;1;5;0;0;0;2;2;9;1;0;1;2;5;
Charlie Villanueva;;19:28;3;8;3;8;0;0;0;2;2;0;0;1;2;2;9;
Austin Daye;;11:14;0;1;0;1;0;0;0;1;1;0;0;0;1;2;0;
