02-12;OKC-UTA;94-109;
26-28;26-30;27-28;15-23;
OKC
Kevin Durant;F;38:26;11;16;3;4;8;9;0;6;6;5;4;0;4;3;33;
Serge Ibaka;F;33:45;5;11;0;1;0;0;2;1;3;0;1;7;1;3;10;
Kendrick Perkins;C;27:58;2;3;0;0;0;0;0;1;1;0;0;2;4;3;4;
Thabo Sefolosha;G;23:13;0;2;0;2;0;0;0;2;2;0;1;1;0;0;0;
Russell Westbrook;G;31:30;8;14;2;3;4;8;2;1;3;5;0;0;7;1;22;
Nick Collison;;17:47;1;2;0;0;0;0;0;3;3;1;1;1;0;1;2;
Kevin Martin;;20:52;3;8;0;4;0;0;1;0;1;0;0;0;1;1;6;
Hasheem Thabeet;;11:07;0;0;0;0;0;0;0;1;1;0;1;1;0;2;0;
Reggie Jackson;;19:13;6;8;0;1;0;0;1;2;3;2;0;0;3;1;12;
Perry Jones;;5:23;2;3;0;0;0;0;0;1;1;0;0;0;0;0;4;
Daniel Orton;;5:23;0;0;0;0;1;4;1;1;2;1;0;1;0;0;1;
DeAndre Liggins;;5:23;0;1;0;0;0;2;0;0;0;1;3;0;0;1;0;
UTA
Marvin Williams;F;22:01;0;4;0;3;2;2;0;1;1;1;0;0;0;3;2;
Paul Millsap;F;24:05;8;14;0;0;2;2;5;5;10;6;2;0;2;1;18;
Al Jefferson;C;33:27;11;22;0;1;1;2;4;3;7;2;2;1;1;1;23;
Randy Foye;G;22:44;4;10;2;6;1;1;0;0;0;2;0;0;0;2;11;
Jamaal Tinsley;G;23:57;2;3;2;3;0;0;0;0;0;6;4;0;1;2;6;
Derrick Favors;;21:47;5;11;0;0;5;5;1;2;3;0;0;1;0;2;15;
Alec Burks;;25:16;6;11;1;3;0;2;1;4;5;2;0;0;6;4;13;
DeMarre Carroll;;25:59;3;6;2;3;5;6;2;1;3;1;3;0;2;1;13;
Earl Watson;;21:55;3;3;0;0;0;0;0;4;4;5;1;0;3;3;6;
Enes Kanter;;14:33;0;2;0;0;2;2;3;2;5;0;2;0;1;2;2;
Jeremy Evans;;2:08;0;1;0;0;0;0;0;0;0;0;0;1;1;0;0;
Kevin Murphy;;2:08;0;0;0;0;0;0;0;0;0;0;0;0;0;0;0;
