02-13;SAS-CLE;96-95;
21-22;25-32;28-19;22-22;
SAS
Kawhi Leonard;F;32:53;5;10;1;2;2;2;2;8;10;2;1;4;4;1;13;
Tim Duncan;F;25:26;6;15;0;0;1;2;2;4;6;3;0;5;1;0;13;
Tiago Splitter;C;26:43;2;6;0;0;2;2;3;4;7;1;2;1;1;3;6;
Danny Green;G;28:20;1;8;0;5;2;3;0;3;3;1;4;0;1;1;4;
Tony Parker;G;33:52;8;14;0;1;8;8;1;5;6;7;0;0;3;1;24;
Boris Diaw;;18:59;0;3;0;2;0;0;0;4;4;1;0;0;0;1;0;
DeJuan Blair;;18:18;6;7;0;0;0;1;2;3;5;1;0;0;0;3;12;
Manu Ginobili;;9:43;2;4;1;1;0;0;0;1;1;6;0;0;1;0;5;
Gary Neal;;25:07;6;12;3;7;0;0;1;1;2;1;0;0;1;3;15;
Nando De Colo;;11:47;1;3;0;0;0;0;0;0;0;2;0;0;1;0;2;
Matt Bonner;;8:53;1;2;0;1;0;0;0;0;0;0;0;0;0;2;2;
CLE
Alonzo Gee;F;22:03;3;5;0;1;1;2;1;3;4;1;2;0;1;2;7;
Tristan Thompson;F;28:11;5;13;0;0;0;0;4;3;7;1;0;2;3;2;10;
Tyler Zeller;C;33:56;7;10;0;0;2;2;3;6;9;4;0;1;2;2;16;
Dion Waiters;G;31:29;8;15;0;1;4;4;1;5;6;4;1;0;2;0;20;
Kyrie Irving;G;31:44;2;15;0;1;2;2;0;3;3;7;1;1;2;5;6;
Shaun Livingston;;20:24;4;8;0;0;0;0;1;2;3;4;1;0;0;1;8;
Marreese Speights;;15:50;4;12;0;1;1;2;6;3;9;0;1;0;0;2;9;
Wayne Ellington;;17:32;2;6;0;2;1;1;0;1;1;0;2;0;0;0;5;
Luke Walton;;17:54;1;2;0;0;2;2;0;1;1;3;0;0;0;1;4;
CJ Miles;;20:58;4;11;2;5;0;0;0;5;5;0;0;0;0;0;10;
