11-09;PHI-BOS;106-100;
23-20;34-25;26-29;23-26;
PHI
Dorell Wright;F;35:48;4;9;2;3;5;5;1;3;4;3;4;0;2;1;15;
Thaddeus Young;F;40:30;7;13;0;0;1;1;0;5;5;2;2;3;0;3;15;
Lavoy Allen;C;22:41;3;5;0;0;0;0;1;3;4;1;0;1;0;5;6;
Evan Turner;G;40:32;9;19;2;2;5;7;0;11;11;4;1;1;3;3;25;
Jrue Holiday;G;41:34;7;16;1;4;6;6;2;2;4;14;2;2;7;1;21;
Spencer Hawes;;21:53;4;7;0;0;0;0;2;4;6;1;0;0;1;5;8;
Royal Ivey;;12:27;2;4;0;1;2;4;1;0;1;1;1;0;0;0;6;
Nick Young;;18:06;4;9;2;3;0;0;0;1;1;1;1;0;2;3;10;
Arnett Moultrie;;6:29;0;0;0;0;0;0;1;1;2;0;1;0;1;1;0;
BOS
Paul Pierce;F;35:41;8;16;2;3;6;9;0;4;4;5;2;0;3;4;24;
Jared Sullinger;F;19:20;2;4;0;0;0;0;2;2;4;1;0;1;0;3;4;
Kevin Garnett;C;30:43;8;13;0;0;3;4;2;8;10;2;2;0;1;1;19;
Courtney Lee;G;18:36;3;5;0;1;0;0;0;3;3;0;0;0;2;0;6;
Rajon Rondo;G;41:50;6;17;0;1;2;4;1;1;2;20;2;0;4;1;14;
Brandon Bass;;23:14;2;7;0;0;4;4;1;1;2;0;0;1;2;3;8;
Jeff Green;;17:54;1;5;0;1;2;3;1;3;4;0;0;1;0;0;4;
Jason Terry;;29:08;5;7;2;4;1;1;0;1;1;1;1;0;1;2;13;
Chris Wilcox;;12:11;1;1;0;0;4;6;0;0;0;0;0;0;0;3;6;
Leandro Barbosa;;11:23;1;1;0;0;0;0;0;1;1;2;0;0;1;2;2;
