02-06;BKN-DET;93-90;
23-24;17-22;29-27;24-17;
BKN
Gerald Wallace;F;26:41;4;7;2;3;4;4;1;2;3;1;0;0;0;3;14;
Reggie Evans;F;30:01;3;5;0;0;4;7;4;10;14;0;0;1;1;3;10;
Brook Lopez;C;30:27;8;14;0;0;1;2;2;7;9;1;0;2;2;3;17;
Joe Johnson;G;34:19;5;15;2;3;4;4;1;3;4;1;0;0;0;1;16;
Deron Williams;G;34:54;4;10;0;2;4;4;1;1;2;9;0;2;6;3;12;
Andray Blatche;;17:15;3;9;0;0;1;2;2;5;7;2;2;0;2;3;7;
Keith Bogans;;29:02;3;6;2;5;1;2;0;3;3;5;2;0;0;0;9;
MarShon Brooks;;13:41;4;7;0;0;0;0;1;0;1;0;1;0;0;3;8;
Kris Humphries;;6:17;0;1;0;0;0;0;1;0;1;0;0;0;0;0;0;
CJ Watson;;13:06;0;5;0;1;0;0;2;0;2;3;1;0;2;0;0;
Mirza Teletovic;;4:17;0;3;0;2;0;0;0;0;0;0;0;0;0;0;0;
DET
Kyle Singler;F;33:53;5;7;1;2;1;2;1;4;5;3;0;1;1;2;12;
Jason Maxiell;F;19:37;3;8;0;0;0;0;4;5;9;0;0;2;2;5;6;
Greg Monroe;C;34:47;10;16;0;0;3;6;3;7;10;2;0;1;2;5;23;
Brandon Knight;G;26:03;4;10;0;3;4;6;0;2;2;4;2;0;2;4;12;
Jose Calderon;G;30:31;3;7;2;3;0;0;0;1;1;9;1;0;3;0;8;
Andre Drummond;;4:41;0;0;0;0;0;0;0;0;0;1;0;2;0;2;0;
Rodney Stuckey;;23:28;2;7;0;1;0;0;0;3;3;0;1;0;0;1;4;
Charlie Villanueva;;16:19;1;8;0;4;0;0;0;2;2;1;1;0;1;1;2;
Will Bynum;;20:27;4;9;0;3;5;5;1;3;4;7;2;0;2;2;13;
Jonas Jerebko;;19:23;2;7;0;1;2;2;3;0;3;1;0;1;0;4;6;
Viacheslav Kravtsov;;10:51;2;4;0;0;0;0;2;0;2;0;0;0;1;3;4;
