03-14;DAL-SAS;91-92;
17-22;24-28;25-23;25-19;
DAL
Jae Crowder;F;23:17;2;3;1;1;0;0;1;3;4;2;1;2;0;2;5;
Dirk Nowitzki;F;34:35;6;16;3;5;6;6;0;11;11;3;4;1;1;4;21;
Chris Kaman;C;14:15;3;6;0;0;0;0;1;0;1;1;1;2;3;3;6;
O.J. Mayo;G;33:49;4;11;0;1;2;2;0;2;2;2;1;0;1;3;10;
Mike James;G;35:28;4;10;2;4;0;0;0;1;1;5;1;0;2;3;10;
Darren Collison;;26:08;6;8;0;1;0;0;0;2;2;1;0;0;0;1;12;
Elton Brand;;21:42;3;8;0;0;1;1;1;2;3;1;2;2;1;5;7;
Brandan Wright;;24:20;5;9;0;1;0;1;3;5;8;2;0;2;1;0;10;
Vince Carter;;26:26;4;12;2;6;0;0;0;3;3;4;0;1;2;2;10;
SAS
Kawhi Leonard;F;33:48;5;14;1;5;1;1;2;4;6;3;0;1;1;0;12;
Tim Duncan;F;35:50;12;20;0;0;4;5;5;14;19;2;0;1;2;1;28;
Tiago Splitter;C;31:33;3;9;0;0;2;3;2;8;10;3;0;0;0;1;8;
Danny Green;G;33:27;3;9;2;4;0;0;1;0;1;3;2;0;4;1;8;
Cory Joseph;G;13:03;2;3;0;0;0;0;0;1;1;2;1;0;0;0;4;
Manu Ginobili;;28:07;2;9;0;1;3;4;1;4;5;9;2;0;2;1;7;
Boris Diaw;;22:52;4;6;0;0;1;2;0;1;1;3;1;2;2;3;9;
Gary Neal;;24:37;6;13;2;3;2;2;0;2;2;3;1;0;1;3;16;
Stephen Jackson;;10:58;0;1;0;0;0;0;0;3;3;3;0;0;1;0;0;
DeJuan Blair;;5:45;0;0;0;0;0;0;0;1;1;0;0;0;2;0;0;
