01-19;WAS-LAC;87-94;
22-24;18-23;24-26;23-21;
WAS
Martell Webster;F;19:50;1;7;1;4;0;0;2;2;4;3;1;0;1;1;3;
Nene;F;27:52;6;14;0;0;0;1;0;7;7;2;0;0;3;5;12;
Emeka Okafor;C;26:19;3;4;0;0;0;3;6;6;12;3;0;3;4;0;6;
Bradley Beal;G;32:02;5;11;3;5;0;0;0;1;1;0;1;0;1;3;13;
A.J. Price;G;17:20;2;4;2;3;1;3;0;1;1;4;0;0;0;3;7;
John Wall;;30:41;7;16;0;2;10;14;0;3;3;6;2;2;3;4;24;
Kevin Seraphin;;20:07;2;7;0;0;0;0;0;3;3;0;0;0;1;2;4;
Trevor Ariza;;28:33;3;7;2;4;3;4;1;3;4;0;2;1;1;1;11;
Jordan Crawford;;15:58;1;5;0;2;1;1;0;1;1;2;1;0;3;1;3;
Trevor Booker;;21:18;2;2;0;0;0;1;2;5;7;1;1;0;1;4;4;
LAC
Caron Butler;F;18:25;3;9;0;1;0;0;3;0;3;0;0;0;0;0;6;
Blake Griffin;F;32:51;5;18;0;0;7;10;2;9;11;3;1;1;0;5;17;
DeAndre Jordan;C;20:15;2;6;0;0;0;2;2;6;8;0;0;2;0;3;4;
Willie Green;G;16:50;3;4;1;1;0;0;1;1;2;0;1;0;1;0;7;
Chris Paul;G;35:24;6;16;2;8;8;9;1;3;4;11;1;1;4;3;22;
Jamal Crawford;;25:28;3;13;0;4;1;2;0;2;2;2;1;0;2;2;7;
Matt Barnes;;29:35;3;7;1;4;3;4;5;3;8;0;0;2;0;4;10;
Lamar Odom;;23:33;2;4;0;0;0;2;5;5;10;1;2;1;1;4;4;
Eric Bledsoe;;18:18;4;8;1;2;2;2;3;4;7;1;2;2;3;1;11;
Ronny Turiaf;;5:24;0;1;0;0;0;0;0;1;1;0;0;0;0;0;0;
Grant Hill;;13:57;3;7;0;1;0;0;0;2;2;0;1;0;0;1;6;
