12-25;BOS-BKN;93-76;
22-24;34-18;17-16;20-18;
BOS
Paul Pierce;F;30:45;3;10;0;1;2;2;0;5;5;10;1;0;2;2;8;
Kevin Garnett;F;29:28;4;8;0;0;0;0;1;9;10;1;2;2;2;3;8;
Jason Collins;C;13:21;2;5;0;0;0;0;2;2;4;0;0;0;2;5;4;
Jason Terry;G;30:01;4;7;3;4;0;0;1;1;2;4;1;0;1;2;11;
Rajon Rondo;G;36:16;8;16;2;2;1;1;4;2;6;5;3;0;1;2;19;
Brandon Bass;;19:11;4;11;0;0;0;0;1;2;3;0;0;1;0;3;8;
Jeff Green;;28:15;5;8;1;2;4;4;0;3;3;2;1;0;1;3;15;
Jared Sullinger;;32:50;6;7;0;0;4;6;0;7;7;2;1;1;1;5;16;
Courtney Lee;;17:35;1;3;0;1;0;0;0;1;1;1;0;0;1;0;2;
Kris Joseph;;1:16;1;2;0;0;0;0;0;0;0;0;0;0;0;0;2;
Jarvis Varnado;;1:02;0;0;0;0;0;0;0;0;0;0;1;0;0;0;0;
BKN
Keith Bogans;F;15:03;1;1;1;1;0;0;0;0;0;0;0;0;0;2;3;
Gerald Wallace;F;27:47;4;7;0;1;7;11;1;5;6;1;3;0;3;3;15;
Brook Lopez;C;36:30;5;12;0;0;5;9;1;7;8;1;0;2;4;1;15;
Joe Johnson;G;41:57;4;14;3;8;1;3;0;4;4;2;0;1;2;1;12;
Deron Williams;G;36:10;3;7;1;3;3;3;0;2;2;6;0;0;4;4;10;
Andray Blatche;;22:52;3;9;0;0;0;0;6;1;7;1;1;2;3;3;6;
Jerry Stackhouse;;16:47;3;8;1;4;0;0;0;1;1;1;0;0;2;2;7;
CJ Watson;;14:55;1;2;1;2;0;0;1;0;1;2;2;0;0;0;3;
Reggie Evans;;14:34;2;3;0;0;1;3;2;5;7;0;0;0;0;3;5;
Tornike Shengelia;;4:50;0;0;0;0;0;0;0;0;0;0;0;0;1;2;0;
MarShon Brooks;;6:03;0;1;0;1;0;0;0;0;0;0;0;0;0;1;0;
Tyshawn Taylor;;1:16;0;0;0;0;0;0;0;0;0;0;0;0;1;0;0;
Mirza Teletovic;;1:16;0;0;0;0;0;0;0;0;0;0;0;0;0;0;0;
