01-29;MIL-DET;117-90;
19-28;33-14;39-26;26-22;
MIL
Luc Mbah a Moute;F;16:47;1;3;0;0;0;0;1;3;4;3;0;0;0;1;2;
Ersan Ilyasova;F;21:06;3;6;2;2;1;2;0;1;1;3;2;0;0;2;9;
Larry Sanders;C;15:36;1;3;0;0;1;4;2;1;3;0;1;1;0;4;3;
Monta Ellis;G;33:38;5;14;2;6;2;2;1;3;4;2;6;0;4;1;14;
Brandon Jennings;G;29:42;11;19;5;8;3;6;0;2;2;6;1;0;2;1;30;
Samuel Dalembert;;20:52;4;9;0;0;4;4;5;5;10;0;0;3;1;4;12;
Mike Dunleavy;;24:59;7;13;2;5;1;1;1;4;5;2;1;1;0;3;17;
John Henson;;24:40;5;10;0;0;1;1;3;3;6;1;0;1;1;1;11;
Beno Udrih;;26:26;3;9;0;0;1;2;1;3;4;11;2;0;2;1;7;
Ekpe Udoh;;13:46;4;6;0;0;0;0;6;0;6;0;0;2;0;0;8;
Tobias Harris;;6:14;1;4;0;1;0;0;1;2;3;0;0;0;0;2;2;
Marquis Daniels;;6:14;1;2;0;1;0;0;0;0;0;0;0;0;0;1;2;
DET
Tayshaun Prince;F;24:18;4;9;0;0;2;2;1;5;6;3;0;0;1;1;10;
Jason Maxiell;F;19:30;1;5;0;0;1;1;1;2;3;1;0;1;0;2;3;
Greg Monroe;C;23:33;6;8;0;0;2;3;4;4;8;4;2;1;5;3;14;
Kyle Singler;G;28:01;4;11;1;4;3;3;1;1;2;0;1;0;3;2;12;
Brandon Knight;G;23:22;3;8;0;1;4;4;0;0;0;3;1;0;4;1;10;
Andre Drummond;;27:40;9;15;0;0;0;1;9;9;18;1;2;1;0;3;18;
Rodney Stuckey;;27:17;1;4;1;1;4;6;0;2;2;1;0;1;2;2;7;
Will Bynum;;17:08;1;7;0;2;0;0;0;0;0;2;0;0;2;0;2;
Austin Daye;;18:24;0;5;0;1;3;4;3;4;7;3;0;0;0;4;3;
Charlie Villanueva;;13:15;1;2;0;1;0;0;0;2;2;0;0;0;3;1;2;
Jonas Jerebko;;8:46;3;9;0;1;0;2;2;1;3;0;0;0;0;0;6;
Kim English;;8:46;1;1;0;0;1;2;0;0;0;0;1;0;0;1;3;
