03-05;LAL-OKC;105-122;
28-37;27-34;34-26;16-25;
LAL
Metta World Peace;F;32:42;5;11;3;6;3;4;1;2;3;1;0;0;1;4;16;
Earl Clark;F;30:07;3;8;1;2;6;8;5;6;11;1;0;1;5;2;13;
Dwight Howard;C;37:07;1;7;0;0;4;8;5;11;16;0;0;0;2;6;6;
Kobe Bryant;G;39:22;8;19;3;7;11;12;1;2;3;2;0;0;2;3;30;
Steve Nash;G;35:09;7;15;2;6;4;4;0;4;4;4;0;0;3;0;20;
Jodie Meeks;;21:02;2;6;1;3;2;2;0;1;1;0;0;0;2;1;7;
Antawn Jamison;;22:25;3;8;1;4;1;2;4;4;8;0;0;0;0;3;8;
Steve Blake;;19:02;2;3;1;1;0;0;0;0;0;3;0;0;1;2;5;
Robert Sacre;;1:32;0;0;0;0;0;0;0;0;0;0;0;0;0;0;0;
Chris Duhon;;1:32;0;0;0;0;0;0;0;0;0;0;0;0;0;0;0;
OKC
Kevin Durant;F;39:57;9;22;1;3;7;8;1;8;9;5;3;3;0;2;26;
Serge Ibaka;F;28:22;6;8;1;1;0;0;2;4;6;0;0;2;0;4;13;
Kendrick Perkins;C;20:11;0;5;0;0;2;2;1;4;5;0;0;0;0;4;2;
Thabo Sefolosha;G;27:37;2;4;1;3;0;0;1;0;1;1;2;0;0;5;5;
Russell Westbrook;G;35:49;15;29;0;2;7;8;4;6;10;5;2;0;1;1;37;
Nick Collison;;12:49;2;3;0;0;2;2;2;2;4;1;0;0;0;4;6;
Kevin Martin;;28:54;3;12;3;11;2;2;0;1;1;5;0;0;0;1;11;
Derek Fisher;;18:02;3;4;2;2;2;2;0;0;0;0;2;0;0;1;10;
Reggie Jackson;;13:08;5;7;0;1;0;0;0;2;2;2;0;0;0;3;10;
Ronnie Brewer;;6:07;0;0;0;0;0;0;0;1;1;0;1;0;1;0;0;
Hasheem Thabeet;;6:33;1;1;0;0;0;0;3;0;3;1;0;0;0;2;2;
DeAndre Liggins;;1:16;0;0;0;0;0;0;0;0;0;0;0;0;0;0;0;
Perry Jones;;1:16;0;1;0;0;0;0;0;0;0;0;0;0;0;0;0;
