01-16;HOU-DAL;100-105;
18-29;26-23;29-28;27-25;
HOU
Chandler Parsons;F;39:49;6;14;4;6;2;2;0;6;6;2;0;0;0;5;18;
Patrick Patterson;F;23:05;4;7;1;1;0;0;1;4;5;0;0;0;0;1;9;
Omer Asik;C;36:23;4;8;0;0;4;4;6;9;15;0;1;2;1;3;12;
James Harden;G;37:23;5;23;1;8;9;12;0;8;8;7;3;0;4;5;20;
Jeremy Lin;G;30:42;6;13;1;3;6;10;1;2;3;4;1;0;4;1;19;
Carlos Delfino;;24:49;2;7;1;4;0;0;0;1;1;1;1;0;5;2;5;
Greg Smith;;11:37;0;2;0;0;0;0;1;9;10;0;0;3;0;5;0;
Toney Douglas;;7:26;1;1;1;1;0;0;0;0;0;0;0;0;1;0;3;
Marcus Morris;;15:40;2;6;1;3;2;2;0;3;3;1;0;0;0;4;7;
Patrick Beverley;;13:06;3;3;1;1;0;0;0;1;1;2;0;1;1;3;7;
DAL
Shawn Marion;F;33:29;8;13;0;0;2;6;5;4;9;3;0;0;1;1;18;
Dirk Nowitzki;F;33:26;7;14;1;4;4;4;0;8;8;1;0;1;1;3;19;
Chris Kaman;C;21:26;3;6;0;0;0;0;1;5;6;1;0;1;2;0;6;
O.J. Mayo;G;32:45;3;14;0;3;12;13;2;4;6;8;2;1;2;4;18;
Darren Collison;G;31:14;3;9;2;4;2;2;0;2;2;3;2;0;2;2;10;
Vince Carter;;19:00;1;7;0;5;2;2;0;1;1;1;1;0;2;2;4;
Elton Brand;;26:34;4;9;0;0;3;3;2;8;10;0;0;2;0;2;11;
Mike James;;16:46;1;8;0;2;2;4;0;1;1;5;0;0;0;3;4;
Jae Crowder;;12:42;3;4;2;3;2;3;0;2;2;0;1;0;0;1;10;
Dahntay Jones;;12:37;0;2;0;1;5;6;1;1;2;0;1;0;0;1;5;
