12-01;DET-DAL;77-92;
27-24;21-18;11-25;18-25;
DET
Tayshaun Prince;F;36:41;5;14;1;2;1;2;3;2;5;1;0;1;1;2;12;
Jason Maxiell;F;36:31;4;11;0;0;2;2;1;11;12;0;2;5;2;2;10;
Greg Monroe;C;32:05;4;17;0;0;0;1;7;8;15;2;1;0;3;0;8;
Kyle Singler;G;33:06;3;6;1;3;5;6;1;3;4;1;1;0;4;5;12;
Brandon Knight;G;34:36;6;14;2;6;6;7;1;3;4;2;3;0;3;2;20;
Rodney Stuckey;;28:27;4;11;1;5;0;0;1;4;5;6;0;0;2;2;9;
Andre Drummond;;12:28;1;1;0;0;0;0;1;3;4;2;0;1;0;0;2;
Corey Maggette;;11:19;2;6;0;2;0;0;0;0;0;0;0;0;0;2;4;
Charlie Villanueva;;14:47;0;5;0;3;0;0;0;3;3;2;0;0;0;0;0;
DAL
Shawn Marion;F;30:55;3;8;0;0;1;2;1;8;9;4;2;1;1;1;7;
Jae Crowder;F;30:25;1;8;0;4;2;3;0;4;4;1;3;1;3;2;4;
Chris Kaman;C;18:44;5;11;0;0;0;0;5;4;9;1;0;3;4;4;10;
O.J. Mayo;G;35:09;10;21;6;9;1;1;2;3;5;4;0;0;1;2;27;
Derek Fisher;G;24:22;1;8;0;1;0;0;0;2;2;2;2;0;3;2;2;
Elton Brand;;27:55;8;12;0;0;1;2;4;8;12;2;0;4;0;3;17;
Vince Carter;;21:12;4;6;4;6;0;0;0;2;2;5;0;0;1;2;12;
Darren Collison;;26:53;2;5;1;2;0;0;0;2;2;9;1;0;0;1;5;
Dahntay Jones;;6:52;1;6;0;3;0;0;0;1;1;0;0;0;0;0;2;
Bernard James;;17:33;3;8;0;0;0;0;1;2;3;0;0;0;0;1;6;
