11-26;NYK-BKN;89-96;
23-26;24-19;20-23;17-16;5-12;
NYK
Carmelo Anthony;F;50:03;11;25;3;5;10;16;6;7;13;1;1;1;3;4;35;
Kurt Thomas;F;7:31;1;1;0;0;0;0;0;2;2;0;0;1;0;2;2;
Tyson Chandler;C;45:22;12;13;0;0;4;4;7;3;10;1;2;0;3;5;28;
Ronnie Brewer;G;19:07;1;6;1;3;0;0;1;4;5;2;1;0;0;1;3;
Raymond Felton;G;42:15;3;19;0;2;2;2;0;3;3;5;3;0;5;5;8;
Rasheed Wallace;;22:40;2;11;2;6;0;0;2;6;8;1;1;0;0;0;6;
J.R. Smith;;41:28;2;7;0;3;1;2;1;6;7;2;0;0;1;3;5;
Pablo Prigioni;;10:45;0;0;0;0;0;0;0;2;2;1;0;0;0;1;0;
Marcus Camby;;5:20;0;0;0;0;0;0;0;0;0;1;0;0;2;2;0;
Steve Novak;;18:22;1;3;0;2;0;0;0;0;0;0;0;0;0;1;2;
James White;;2:06;0;0;0;0;0;0;0;0;0;0;1;0;0;0;0;
BKN
Gerald Wallace;F;41:52;6;13;2;5;2;4;1;4;5;2;2;2;0;4;16;
Kris Humphries;F;18:57;2;3;0;0;0;0;1;4;5;0;0;0;0;1;4;
Brook Lopez;C;37:44;9;20;0;0;4;5;7;4;11;0;0;5;3;5;22;
Joe Johnson;G;43:39;3;12;1;4;1;1;0;4;4;3;0;0;2;2;8;
Deron Williams;G;43:03;6;17;1;6;3;4;1;5;6;14;3;0;4;4;16;
Keith Bogans;;19:34;2;8;1;5;1;3;2;1;3;0;0;0;1;2;6;
Reggie Evans;;17:35;2;3;0;0;0;0;6;8;14;1;0;0;1;1;4;
CJ Watson;;9:58;2;7;0;3;0;0;0;0;0;1;0;0;1;1;4;
Andray Blatche;;7:02;1;2;0;0;0;0;0;1;1;1;0;0;0;0;2;
Jerry Stackhouse;;22:13;4;6;4;5;2;2;0;1;1;1;0;0;0;0;14;
Josh Childress;;3:24;0;0;0;0;0;0;0;0;0;0;0;0;0;1;0;
