02-23;DEN-CHA;113-99;
31-29;29-25;23-20;30-25;
DEN
Danilo Gallinari;F;15:23;2;3;2;3;0;0;0;1;1;2;1;2;1;2;6;
Kenneth Faried;F;27:03;7;9;0;0;1;1;1;4;5;1;2;0;1;4;15;
Kosta Koufos;C;22:13;4;7;0;0;0;0;3;3;6;0;1;2;0;3;8;
Andre Iguodala;G;29:44;5;7;1;3;2;3;1;4;5;10;2;2;1;5;13;
Ty Lawson;G;39:34;6;15;1;2;7;9;2;3;5;5;0;0;3;2;20;
Corey Brewer;;27:44;5;16;2;8;2;2;1;3;4;2;2;0;2;3;14;
JaVale McGee;;17:20;8;10;0;0;1;1;2;4;6;1;0;3;3;2;17;
Wilson Chandler;;28:37;4;9;1;2;2;2;1;5;6;3;1;0;1;5;11;
Andre Miller;;26:08;3;6;0;1;2;2;0;2;2;5;2;1;4;0;8;
Anthony Randolph;;2:20;0;0;0;0;1;2;0;0;0;1;0;0;1;2;1;
Jordan Hamilton;;2:20;0;1;0;0;0;0;0;0;0;0;0;0;0;0;0;
Evan Fournier;;1:36;0;0;0;0;0;0;0;0;0;0;0;0;0;0;0;
CHA
Michael Kidd-Gilchrist;F;21:21;4;11;0;0;4;4;0;4;4;3;0;1;3;0;12;
Byron Mullens;F;28:15;1;9;0;3;2;4;1;2;3;3;2;0;2;2;4;
Bismack Biyombo;C;37:06;3;8;0;0;3;4;5;4;9;0;0;2;2;3;9;
Gerald Henderson;G;31:33;7;11;1;1;4;4;1;3;4;2;0;2;2;5;19;
Kemba Walker;G;31:38;9;14;1;2;5;6;0;2;2;5;2;0;3;4;24;
Ramon Sessions;;22:10;4;8;0;1;1;2;0;1;1;4;0;0;1;2;9;
Ben Gordon;;11:50;0;3;0;0;0;0;0;0;0;2;1;0;1;0;0;
Jeff Taylor;;33:18;7;13;0;3;4;6;2;1;3;2;2;2;4;2;18;
Jeff Adrien;;9:36;2;3;0;0;0;0;0;3;3;1;0;2;0;1;4;
Brendan Haywood;;7:38;0;1;0;0;0;0;2;3;5;0;1;1;0;1;0;
Josh McRoberts;;5:35;0;1;0;1;0;0;1;2;3;0;0;0;0;0;0;
