02-02;SAC-NYK;81-120;
22-25;11-31;19-41;29-23;
SAC
Francisco Garcia;F;21:54;0;3;0;3;0;0;0;1;1;0;0;0;1;1;0;
John Salmons;F;23:49;1;5;1;2;0;0;0;0;0;1;0;0;3;3;3;
DeMarcus Cousins;C;32:57;10;14;0;1;5;5;1;8;9;1;1;0;3;2;25;
Tyreke Evans;G;30:32;3;10;0;0;1;2;1;3;4;4;1;1;3;1;7;
Isaiah Thomas;G;35:49;3;13;2;7;0;0;0;4;4;6;1;0;1;2;8;
Jason Thompson;;15:55;2;4;0;0;0;0;1;3;4;0;1;0;1;0;4;
Jimmer Fredette;;23:00;6;8;2;3;0;0;0;2;2;1;0;0;2;2;14;
Marcus Thornton;;8:29;1;5;1;3;0;0;0;1;1;0;1;0;1;2;3;
Charles Hayes;;3:03;0;0;0;0;0;0;0;0;0;0;1;0;1;0;0;
Thomas Robinson;;25:58;4;8;0;0;3;4;2;2;4;0;1;1;2;1;11;
Travis Outlaw;;18:35;2;6;0;2;2;4;0;1;1;1;1;0;0;1;6;
NYK
Carmelo Anthony;F;27:20;4;12;1;6;0;0;0;3;3;5;1;0;1;2;9;
Iman Shumpert;F;17:41;2;6;1;3;1;2;1;1;2;3;0;0;0;1;6;
Tyson Chandler;C;29:25;4;8;0;0;3;4;8;12;20;2;1;0;3;4;11;
Raymond Felton;G;26:29;3;8;1;4;0;0;1;1;2;8;0;1;4;1;7;
Jason Kidd;G;15:34;2;5;1;3;0;0;2;4;6;2;0;0;1;1;5;
J.R. Smith;;21:56;9;16;7;14;0;0;0;6;6;4;2;0;0;2;25;
Amar'e Stoudemire;;20:42;10;10;0;0;1;1;2;4;6;0;0;0;1;1;21;
Pablo Prigioni;;21:31;1;1;1;1;0;0;0;1;1;7;2;0;3;2;3;
Steve Novak;;16:58;5;7;5;7;0;0;0;0;0;0;0;0;0;1;15;
Kurt Thomas;;12:30;5;6;1;1;0;0;0;2;2;0;0;0;1;2;11;
James White;;12:00;1;1;0;0;0;2;0;2;2;1;1;0;2;0;2;
Chris Copeland;;9:45;1;5;1;3;2;2;1;1;2;2;0;0;1;2;5;
Ronnie Brewer;;8:10;0;1;0;1;0;2;0;0;0;0;1;0;0;0;0;
