12-11;LAC-CHI;94-89;
21-18;26-22;22-25;25-24;
LAC
Caron Butler;F;23:04;3;8;0;0;3;3;1;3;4;0;1;0;0;1;9;
Blake Griffin;F;37:25;10;19;1;2;1;2;4;6;10;3;1;0;0;1;22;
DeAndre Jordan;C;24:04;3;5;0;0;1;4;4;6;10;1;0;0;1;3;7;
Willie Green;G;16:10;2;9;0;2;0;0;0;1;1;0;0;1;2;3;4;
Chris Paul;G;34:17;6;15;1;3;5;6;0;4;4;4;3;1;2;0;18;
Lamar Odom;;23:56;1;2;0;0;0;0;0;5;5;1;1;0;1;1;2;
Matt Barnes;;24:56;4;7;2;4;4;6;1;3;4;2;2;2;2;3;14;
Jamal Crawford;;31:23;4;7;0;0;2;2;0;3;3;5;1;0;3;3;10;
Eric Bledsoe;;14:10;3;6;0;0;0;0;0;0;0;3;2;0;2;0;6;
Ronny Turiaf;;10:35;1;2;0;0;0;0;1;0;1;0;0;1;2;0;2;
CHI
Luol Deng;F;39:56;3;14;2;4;0;0;2;5;7;2;2;1;4;3;8;
Carlos Boozer;F;40:04;11;20;0;0;2;4;5;8;13;3;1;1;3;2;24;
Joakim Noah;C;42:30;4;9;0;0;2;2;3;8;11;6;1;2;4;3;10;
Marco Belinelli;G;41:25;6;22;4;10;2;2;2;5;7;5;2;0;2;2;18;
Kirk Hinrich;G;28:52;3;7;2;2;0;0;0;1;1;4;1;0;1;5;8;
Nate Robinson;;19:08;3;8;2;4;1;2;1;3;4;5;0;0;2;2;9;
Taj Gibson;;13:26;4;5;0;0;2;2;4;2;6;1;1;0;0;1;10;
Jimmy Butler;;14:39;1;2;0;0;0;0;1;0;1;0;0;0;0;0;2;
