01-23;BKN-MIN;91-83;
24-17;29-25;15-20;23-21;
BKN
Gerald Wallace;F;29:42;2;6;0;1;2;2;2;1;3;1;3;1;1;1;6;
Reggie Evans;F;21:07;1;1;0;0;0;0;1;4;5;1;0;0;3;3;2;
Brook Lopez;C;26:02;10;16;0;0;2;5;3;4;7;1;0;2;2;1;22;
Joe Johnson;G;36:39;8;16;2;8;0;0;1;2;3;3;0;0;3;1;18;
Deron Williams;G;33:44;6;12;2;4;4;5;0;6;6;8;3;0;2;4;18;
Kris Humphries;;21:04;1;5;0;0;0;0;4;4;8;2;0;0;1;2;2;
Keith Bogans;;18:08;0;4;0;4;0;0;1;3;4;1;0;0;0;1;0;
Andray Blatche;;21:26;3;11;0;0;3;4;2;3;5;0;2;1;1;0;9;
Jerry Stackhouse;;7:29;0;3;0;0;0;0;0;1;1;0;0;0;0;0;0;
CJ Watson;;20:02;6;8;2;3;0;0;0;3;3;2;1;0;1;3;14;
MarShon Brooks;;4:37;0;2;0;0;0;0;0;0;0;0;0;0;0;0;0;
MIN
Andrei Kirilenko;F;40:37;6;10;1;3;2;3;1;5;6;4;1;0;2;1;15;
Derrick Williams;F;23:59;4;11;0;0;1;1;2;4;6;0;0;0;0;0;9;
Greg Stiemsma;C;17:07;1;5;0;0;0;0;1;3;4;1;0;2;1;3;2;
Luke Ridnour;G;30:35;6;15;1;4;0;0;0;4;4;3;0;1;1;4;13;
Ricky Rubio;G;24:08;2;5;0;1;1;2;0;1;1;6;3;0;4;1;5;
Dante Cunningham;;30:53;7;12;0;1;0;0;0;3;3;0;2;1;1;0;14;
Mickael Gelabale;;24:48;1;4;0;2;0;0;0;3;3;1;0;0;1;1;2;
Jose Juan Barea;;23:52;5;11;1;4;0;0;1;3;4;8;1;0;3;5;11;
Chris Johnson;;24:01;6;10;0;0;0;0;1;5;6;2;0;3;0;2;12;
