11-18;ORL-TOR;86-97;
22-32;19-17;28-18;17-30;
ORL
DeQuan Jones;F;22:44;3;5;1;1;0;0;1;4;5;1;0;0;1;3;7;
Glen Davis;F;33:28;8;17;0;0;0;0;4;8;12;1;0;0;2;2;16;
Nikola Vucevic;C;32:59;5;11;0;0;2;4;0;6;6;1;0;1;0;3;12;
Arron Afflalo;G;35:06;4;10;1;1;6;6;0;0;0;2;0;0;3;2;15;
Jameer Nelson;G;35:17;3;13;0;5;2;2;1;3;4;9;2;0;4;2;8;
E'Twaun Moore;;27:48;5;11;2;5;4;4;0;1;1;4;0;0;4;3;16;
Josh McRoberts;;15:04;1;3;0;1;0;0;1;1;2;0;0;0;0;2;2;
Andrew Nicholson;;15:47;2;7;0;0;4;5;0;3;3;0;0;0;0;0;8;
Maurice Harkless;;10:01;0;1;0;0;0;0;0;4;4;0;0;0;0;1;0;
Gustavo Ayon;;11:46;1;2;0;0;0;0;1;2;3;0;0;0;1;4;2;
TOR
Dominic McGuire;F;21:36;5;9;0;0;1;2;1;2;3;0;1;1;0;4;11;
Andrea Bargnani;F;39:30;7;19;1;4;2;2;1;4;5;1;2;2;2;3;17;
Jonas Valanciunas;C;23:32;2;5;0;0;2;6;4;3;7;0;1;1;2;3;6;
DeMar DeRozan;G;38:07;8;16;1;2;3;5;2;7;9;2;0;0;1;2;20;
Jose Calderon;G;42:43;3;8;2;5;1;1;0;2;2;18;1;1;2;2;9;
Amir Johnson;;25:18;5;6;1;1;4;5;1;4;5;1;2;0;1;1;15;
John Lucas III;;10:54;1;4;0;1;0;0;0;2;2;0;1;0;0;1;2;
Linas Kleiza;;26:24;5;9;2;5;0;0;1;4;5;0;0;0;2;3;12;
Ed Davis;;7:41;2;3;0;0;1;2;0;1;1;0;0;1;0;2;5;
Terrence Ross;;4:15;0;1;0;0;0;0;0;1;1;0;0;0;0;0;0;
