01-18;CHA-ORL;106-100;
28-28;29-17;19-26;30-29;
CHA
Michael Kidd-Gilchrist;F;23:09;2;5;0;1;0;0;1;2;3;1;0;1;0;0;4;
Hakim Warrick;F;31:00;5;12;0;1;5;8;3;2;5;0;1;0;0;2;15;
Bismack Biyombo;C;18:07;1;4;0;0;2;2;0;4;4;0;0;1;2;0;4;
Gerald Henderson;G;21:26;8;11;0;1;1;2;0;3;3;0;1;0;2;3;17;
Kemba Walker;G;35:42;8;16;2;6;7;9;3;5;8;5;2;0;1;2;25;
Ramon Sessions;;30:00;4;13;1;2;6;8;0;4;4;7;0;1;1;4;15;
Brendan Haywood;;29:45;3;7;0;0;2;2;3;4;7;1;0;1;2;4;8;
Jeff Taylor;;19:05;1;1;1;1;0;0;0;2;2;0;1;0;0;2;3;
Jeff Adrien;;17:00;3;5;0;0;3;5;1;4;5;0;0;0;1;3;9;
Ben Gordon;;14:46;2;5;0;0;2;2;0;2;2;2;0;0;1;4;6;
ORL
DeQuan Jones;F;20:21;3;5;1;2;0;0;1;0;1;0;1;0;2;0;7;
Glen Davis;F;23:49;1;5;0;0;2;4;0;8;8;3;1;0;2;5;4;
Nikola Vucevic;C;39:39;5;8;0;0;1;2;5;4;9;3;0;3;0;3;11;
Arron Afflalo;G;39:44;8;20;1;6;6;7;2;2;4;2;1;0;3;5;23;
Jameer Nelson;G;37:44;8;17;4;10;2;2;0;5;5;7;0;0;1;3;22;
JJ Redick;;31:35;4;9;3;7;2;3;0;1;1;3;0;0;4;3;13;
Andrew Nicholson;;18:29;4;6;0;0;2;2;2;4;6;1;0;0;1;2;10;
Kyle O'Quinn;;2:55;1;1;0;0;0;1;0;0;0;0;0;0;0;1;2;
E'Twaun Moore;;14:44;3;7;2;5;0;0;0;1;1;1;0;0;0;5;8;
Josh McRoberts;;11:00;0;1;0;1;0;0;0;1;1;0;0;0;1;1;0;
