03-19;LAC-SAC;101-116;
23-23;31-33;29-22;18-38;
LAC
Caron Butler;F;25:26;5;14;3;9;0;0;1;2;3;1;1;0;0;3;13;
Blake Griffin;F;37:43;11;14;0;0;4;4;1;3;4;5;2;1;3;5;26;
DeAndre Jordan;C;24:36;5;6;0;0;1;4;2;7;9;0;0;0;1;4;11;
Chauncey Billups;G;7:21;1;2;0;0;0;0;0;1;1;0;0;0;2;0;2;
Chris Paul;G;43:49;2;10;0;3;7;10;2;5;7;15;4;0;7;2;11;
Jamal Crawford;;35:22;7;12;5;8;6;6;0;0;0;3;2;0;1;2;25;
Lamar Odom;;18:41;1;9;0;1;0;0;4;2;6;0;0;0;1;4;2;
Matt Barnes;;31:51;4;10;1;5;2;2;1;5;6;4;1;3;1;3;11;
Grant Hill;;12:35;0;2;0;0;0;0;0;1;1;2;0;0;1;1;0;
Maalik Wayns;;0:39;0;0;0;0;0;0;0;0;0;0;0;0;0;0;0;
Ryan Hollins;;0:39;0;0;0;0;0;0;0;0;0;0;0;0;0;0;0;
Willie Green;;0:39;0;1;0;0;0;0;0;0;0;0;0;0;0;0;0;
DaJuan Summers;;0:39;0;0;0;0;0;0;0;0;0;0;0;0;0;0;0;
SAC
John Salmons;F;36:23;2;4;2;4;5;6;1;3;4;2;0;0;1;3;11;
Jason Thompson;F;14:51;1;3;0;0;0;0;0;2;2;2;0;0;2;2;2;
DeMarcus Cousins;C;27:57;6;10;0;1;5;9;2;9;11;1;2;0;3;5;17;
Tyreke Evans;G;35:56;4;13;0;2;9;10;0;4;4;5;2;0;1;2;17;
Isaiah Thomas;G;21:47;3;5;1;3;0;0;0;0;0;3;2;0;2;4;7;
Patrick Patterson;;26:29;6;10;1;2;0;0;3;2;5;1;0;0;2;3;13;
Marcus Thornton;;29:47;7;14;6;10;5;5;0;4;4;4;1;0;1;1;25;
Cole Aldrich;;15:43;1;2;0;0;0;0;2;3;5;0;0;1;0;0;2;
Toney Douglas;;26:13;6;10;3;5;4;4;0;2;2;7;1;0;2;3;19;
Jimmer Fredette;;4:54;1;2;1;1;0;0;0;0;0;0;0;0;1;2;3;
