12-28;ORL-WAS;97-105;
31-25;20-29;21-26;25-25;
ORL
Maurice Harkless;F;16:18;3;3;0;0;0;0;1;2;3;0;0;0;0;0;6;
Gustavo Ayon;F;35:10;4;8;0;0;0;0;3;4;7;3;0;0;3;3;8;
Nikola Vucevic;C;34:57;4;8;0;0;0;2;1;10;11;3;0;1;3;3;8;
Arron Afflalo;G;38:14;9;21;1;6;7;7;1;3;4;2;2;0;1;2;26;
Jameer Nelson;G;34:11;6;15;4;7;0;0;0;3;3;8;1;0;3;2;16;
JJ Redick;;34:53;9;18;5;12;0;0;0;4;4;4;2;0;0;1;23;
Kyle O'Quinn;;3:08;1;3;0;0;0;0;0;0;0;1;0;1;0;2;2;
DeQuan Jones;;12:36;0;0;0;0;2;2;0;3;3;0;0;0;0;0;2;
E'Twaun Moore;;3:08;0;0;0;0;0;0;0;0;0;0;0;0;1;0;0;
Ish Smith;;12:33;1;2;0;0;0;0;0;0;0;2;0;0;1;0;2;
Andrew Nicholson;;4:48;1;4;0;0;0;0;3;0;3;0;0;0;0;0;2;
Josh McRoberts;;10:04;1;4;0;3;0;0;0;3;3;2;0;0;1;0;2;
WAS
Martell Webster;F;23:14;3;7;2;3;0;0;0;1;1;2;0;0;0;3;8;
Nene;F;29:05;7;11;0;0;9;10;2;9;11;4;1;0;3;3;23;
Emeka Okafor;C;29:57;1;7;0;0;0;0;1;10;11;1;0;3;1;1;2;
Bradley Beal;G;30:30;4;12;0;3;3;3;0;1;1;4;1;1;0;1;11;
Shelvin Mack;G;13:51;2;7;0;4;0;0;0;2;2;1;0;0;1;1;4;
Kevin Seraphin;;32:03;8;18;0;0;1;2;2;4;6;1;0;4;1;1;17;
Garrett Temple;;34:42;6;8;1;3;0;0;2;4;6;6;2;0;1;2;13;
Jordan Crawford;;34:14;11;16;3;5;2;2;2;4;6;6;1;0;1;1;27;
Cartier Martin;;8:35;0;2;0;2;0;0;0;1;1;0;1;0;2;1;0;
Jan Vesely;;3:51;0;0;0;0;0;0;2;0;2;0;0;0;0;0;0;
