02-05;LAL-BKN;92-83;
18-24;31-16;18-24;25-19;
LAL
Antawn Jamison;F;37:13;4;8;1;3;0;0;0;8;8;1;0;1;0;3;9;
Earl Clark;F;40:31;6;9;0;1;2;3;2;10;12;0;1;1;0;3;14;
Pau Gasol;C;34:01;6;16;0;0;3;4;1;3;4;2;0;2;2;2;15;
Kobe Bryant;G;37:16;9;24;0;2;3;3;1;7;8;4;4;1;5;1;21;
Steve Nash;G;34:00;6;11;0;1;5;6;0;4;4;8;0;0;2;2;17;
Steve Blake;;17:20;3;6;1;2;0;0;0;2;2;2;0;0;1;3;7;
Jodie Meeks;;23:43;2;6;1;4;0;0;0;1;1;0;0;0;0;2;5;
Robert Sacre;;10:07;1;2;0;0;2;2;1;0;1;1;0;0;2;2;4;
Chris Duhon;;5:50;0;0;0;0;0;0;0;0;0;2;0;0;1;0;0;
BKN
Gerald Wallace;F;35:39;3;10;1;5;2;2;1;2;3;4;3;0;4;0;9;
Reggie Evans;F;22:48;2;3;0;0;0;0;2;9;11;0;2;1;2;3;4;
Brook Lopez;C;40:07;11;25;0;0;8;10;7;4;11;0;0;3;2;3;30;
Joe Johnson;G;41:27;4;15;1;4;2;2;3;3;6;5;1;0;1;2;11;
Deron Williams;G;37:36;5;13;2;4;3;5;1;4;5;6;0;0;5;6;15;
Kris Humphries;;20:40;2;6;0;0;0;0;4;5;9;0;0;0;0;2;4;
MarShon Brooks;;3:22;0;2;0;1;0;0;0;1;1;0;0;0;0;0;0;
Keith Bogans;;14:24;0;3;0;3;0;0;0;2;2;0;0;0;1;1;0;
CJ Watson;;11:46;2;7;1;5;0;0;1;0;1;1;1;1;0;0;5;
Andray Blatche;;4:45;1;4;0;0;0;0;1;1;2;0;0;0;1;1;2;
Mirza Teletovic;;7:27;1;1;1;1;0;0;0;1;1;0;0;0;0;0;3;
