11-12;MIN-DAL;90-82;
25-17;20-22;21-19;24-24;
MIN
Andrei Kirilenko;F;44:15;7;12;1;2;1;2;2;9;11;2;2;2;4;2;16;
Derrick Williams;F;12:23;1;2;0;0;2;2;0;5;5;0;0;2;3;1;4;
Nikola Pekovic;C;27:31;8;13;0;0;4;5;2;4;6;3;1;0;1;1;20;
Malcolm Lee;G;23:13;2;6;0;2;0;0;0;3;3;1;1;0;1;2;4;
Luke Ridnour;G;40:36;3;9;2;5;7;8;0;8;8;7;4;0;3;3;15;
Dante Cunningham;;32:55;6;9;0;0;2;2;2;6;8;2;0;0;1;5;14;
Alexey Shved;;33:09;3;12;1;6;9;11;0;4;4;5;0;3;2;1;16;
Greg Stiemsma;;7:34;0;1;0;0;0;0;0;1;1;0;0;0;1;4;0;
Will Conroy;;3:31;0;0;0;0;1;2;0;0;0;0;0;0;0;0;1;
Lou Amundson;;14:53;0;1;0;0;0;0;1;2;3;0;0;0;1;3;0;
DAL
Jae Crowder;F;12:57;1;5;1;4;0;0;0;0;0;1;0;1;0;2;3;
Elton Brand;F;16:56;2;5;0;0;0;0;0;4;4;1;0;0;0;2;4;
Brandan Wright;C;9:25;1;3;0;0;0;0;0;0;0;0;1;1;0;0;2;
O.J. Mayo;G;34:02;7;18;2;4;2;2;2;3;5;1;0;0;2;3;18;
Darren Collison;G;33:23;5;10;0;0;11;12;0;2;2;5;2;0;2;2;21;
Chris Kaman;;27:18;5;15;0;0;2;4;2;3;5;0;0;0;1;2;12;
Vince Carter;;29:01;1;7;0;4;2;2;0;3;3;1;2;0;0;4;4;
Troy Murphy;;25:05;2;6;0;2;1;1;0;5;5;0;0;0;0;1;5;
Rodrigue Beaubois;;21:08;0;3;0;1;0;0;0;3;3;7;2;0;2;1;0;
Dahntay Jones;;20:51;2;4;1;1;2;4;1;3;4;0;0;0;0;3;7;
Bernard James;;9:54;3;4;0;0;0;0;2;2;4;0;0;0;1;0;6;
