11-30;BKN-ORL;98-86;
25-21;20-23;31-21;22-21;
BKN
Gerald Wallace;F;32:27;7;9;5;6;1;2;0;4;4;3;0;1;0;1;20;
Kris Humphries;F;32:42;4;12;0;0;3;3;3;4;7;0;0;2;0;4;11;
Andray Blatche;C;28:11;6;14;0;0;2;2;2;7;9;3;0;1;1;3;14;
Joe Johnson;G;33:43;10;16;2;4;0;0;0;0;0;5;0;1;1;1;22;
Deron Williams;G;29:59;4;9;1;3;2;2;0;4;4;7;0;1;2;3;11;
Reggie Evans;;26:21;2;4;0;0;1;2;5;5;10;0;2;0;2;2;5;
Keith Bogans;;12:42;0;1;0;1;0;0;0;1;1;2;1;0;1;0;0;
CJ Watson;;16:06;2;4;2;3;0;0;0;2;2;1;0;0;0;1;6;
Josh Childress;;9:01;1;5;0;0;0;0;1;1;2;0;0;0;0;0;2;
Mirza Teletovic;;8:46;1;4;1;3;0;0;0;1;1;0;0;0;0;2;3;
MarShon Brooks;;5:46;1;4;0;0;2;2;0;1;1;0;1;0;0;0;4;
Tyshawn Taylor;;4:16;0;1;0;0;0;0;0;0;0;1;0;0;0;0;0;
ORL
Maurice Harkless;F;27:33;4;8;0;0;0;0;0;7;7;0;1;1;2;3;8;
Glen Davis;F;28:59;6;11;0;0;4;5;0;3;3;2;0;0;3;1;16;
Nikola Vucevic;C;28:11;5;12;0;0;2;2;1;5;6;3;2;1;0;3;12;
Arron Afflalo;G;34:09;2;10;0;3;1;2;0;1;1;2;0;0;0;2;5;
E'Twaun Moore;G;31:21;6;10;1;3;0;0;1;3;4;4;0;0;0;1;13;
Andrew Nicholson;;17:00;5;8;0;0;2;2;1;2;3;0;0;0;0;0;12;
JJ Redick;;26:56;0;4;0;3;2;2;0;2;2;4;1;0;2;3;2;
Gustavo Ayon;;12:07;2;3;0;0;1;2;2;1;3;1;0;0;0;1;5;
Ish Smith;;16:39;2;7;0;1;0;0;2;2;4;3;0;0;1;2;4;
Kyle O'Quinn;;6:45;1;2;0;0;2;2;1;2;3;1;1;0;0;1;4;
Josh McRoberts;;6:38;1;1;0;0;0;0;0;0;0;0;0;0;1;2;2;
DeQuan Jones;;3:42;1;2;0;1;1;2;0;0;0;0;0;0;0;0;3;
