01-09;UTA-CHA;112-102;
27-20;36-24;27-29;22-29;
UTA
DeMarre Carroll;F;28:27;4;6;2;2;0;2;2;4;6;1;0;1;1;2;10;
Paul Millsap;F;26:53;8;12;0;0;3;5;2;3;5;5;0;3;1;3;19;
Al Jefferson;C;32:15;11;15;0;1;4;4;1;7;8;2;1;0;2;0;26;
Randy Foye;G;32:06;3;9;3;6;0;0;1;4;5;4;1;0;1;3;9;
Jamaal Tinsley;G;19:47;4;8;1;5;0;0;1;1;2;8;2;0;2;1;9;
Derrick Favors;;19:40;5;5;0;0;0;0;1;5;6;3;1;2;2;3;10;
Gordon Hayward;;25:45;4;10;4;5;2;3;1;3;4;3;0;0;2;4;14;
Earl Watson;;6:55;0;1;0;1;1;2;0;0;0;1;0;2;1;1;1;
Alec Burks;;28:13;4;9;0;2;4;5;0;2;2;3;1;1;1;4;12;
Enes Kanter;;14:25;1;6;0;0;0;0;1;1;2;0;1;2;2;1;2;
Jeremy Evans;;2:48;0;0;0;0;0;0;0;1;1;0;1;0;0;0;0;
Kevin Murphy;;2:48;0;1;0;0;0;0;0;0;0;0;0;0;1;0;0;
CHA
Michael Kidd-Gilchrist;F;29:07;7;11;0;0;1;1;1;7;8;4;2;0;2;3;15;
Tyrus Thomas;F;10:03;0;4;0;0;0;0;1;1;2;0;0;0;2;0;0;
Bismack Biyombo;C;24:12;0;1;0;0;0;0;3;2;5;2;0;2;2;0;0;
Jeff Taylor;G;18:13;3;9;0;1;0;0;0;1;1;0;0;1;1;1;6;
Kemba Walker;G;31:43;6;12;1;2;1;3;1;0;1;6;1;0;2;2;14;
Brendan Haywood;;24:12;1;4;0;0;0;1;2;4;6;1;0;1;2;3;2;
Hakim Warrick;;17:50;4;9;0;0;2;2;3;5;8;1;0;0;1;2;10;
Gerald Henderson;;23:50;5;9;0;0;4;4;1;1;2;4;3;1;1;2;14;
Ramon Sessions;;18:44;5;10;0;0;4;5;0;0;0;4;0;1;1;2;14;
Ben Gordon;;25:02;8;16;2;4;2;4;0;2;2;3;1;0;1;2;20;
Jeff Adrien;;14:46;1;1;0;0;0;2;1;3;4;1;0;1;0;3;2;
Reggie Williams;;2:18;2;2;1;1;0;0;0;0;0;0;0;0;0;0;5;
