01-21;HOU-CHA;100-94;
22-30;23-26;29-25;26-13;
HOU
Chandler Parsons;F;36:19;5;8;2;3;2;2;1;6;7;5;1;1;0;2;14;
Patrick Patterson;F;8:27;0;3;0;1;0;0;1;3;4;0;0;0;1;1;0;
Omer Asik;C;30:25;2;4;0;0;2;5;1;7;8;0;1;0;3;5;6;
James Harden;G;41:27;5;20;0;5;19;21;2;5;7;7;2;0;4;2;29;
Jeremy Lin;G;24:11;1;5;0;0;2;2;0;2;2;3;1;0;2;2;4;
Marcus Morris;;32:59;7;12;3;7;4;6;1;7;8;2;1;2;0;2;21;
Cole Aldrich;;17:36;0;2;0;0;0;0;2;3;5;0;1;0;0;4;0;
Patrick Beverley;;23:49;3;6;2;5;2;3;2;1;3;2;0;0;2;3;10;
Carlos Delfino;;24:48;6;14;3;8;1;2;1;2;3;1;0;0;1;2;16;
CHA
Michael Kidd-Gilchrist;F;24:16;4;7;0;0;1;2;0;4;4;1;0;1;0;5;9;
Hakim Warrick;F;24:15;4;9;0;1;2;2;1;2;3;2;0;0;2;2;10;
Bismack Biyombo;C;35:41;1;5;0;0;0;0;4;5;9;0;1;7;1;4;2;
Gerald Henderson;G;26:18;3;11;0;2;2;2;0;4;4;1;1;0;2;5;8;
Kemba Walker;G;39:10;12;21;6;7;5;6;2;1;3;5;1;0;4;3;35;
Jeff Adrien;;14:23;0;3;0;0;2;2;0;2;2;0;0;1;0;0;2;
Jeff Taylor;;16:32;3;5;0;0;1;2;0;1;1;2;2;0;0;3;7;
Ramon Sessions;;29:28;6;15;0;3;7;8;0;8;8;5;0;0;1;1;19;
Ben Gordon;;8:28;0;4;0;2;0;0;0;1;1;0;0;0;0;0;0;
Brendan Haywood;;12:08;1;1;0;0;0;0;1;2;3;0;0;1;0;3;2;
Tyrus Thomas;;9:22;0;0;0;0;0;0;0;2;2;1;0;0;0;1;0;
