11-14;WAS-DAL;101-107;
19-23;26-40;22-22;34-22;
WAS
Trevor Ariza;F;19:50;2;7;0;1;0;0;1;2;3;1;2;1;1;1;4;
Trevor Booker;F;22:47;3;5;0;0;1;2;1;5;6;4;1;0;0;2;7;
Emeka Okafor;C;21:46;4;8;0;0;0;0;3;1;4;1;1;2;1;2;8;
Bradley Beal;G;27:38;3;14;2;6;0;0;1;0;1;2;1;0;0;2;8;
A.J. Price;G;18:24;4;7;3;4;0;0;1;0;1;2;1;0;2;2;11;
Kevin Seraphin;;22:24;8;10;0;0;0;0;1;4;5;5;1;1;2;4;16;
Chris Singleton;;10:09;0;2;0;1;0;0;0;0;0;0;0;0;0;2;0;
Jordan Crawford;;34:33;6;11;3;5;6;6;1;3;4;7;1;0;5;2;21;
Martell Webster;;16:45;2;6;1;4;3;3;0;4;4;1;0;0;3;0;8;
Earl Barron;;3:29;1;1;0;0;0;0;0;2;2;0;0;0;0;0;2;
Jan Vesely;;15:30;0;1;0;0;0;0;0;2;2;0;0;0;0;4;0;
Jannero Pargo;;16:49;1;3;0;2;0;0;0;0;0;1;0;0;2;1;2;
Cartier Martin;;9:56;5;6;4;4;0;0;0;2;2;0;0;0;0;2;14;
DAL
Dahntay Jones;F;14:49;1;2;0;0;0;0;0;1;1;0;0;0;1;1;2;
Elton Brand;F;29:53;4;10;0;0;3;5;8;4;12;1;0;2;2;4;11;
Chris Kaman;C;32:10;10;12;0;0;3;3;1;7;8;3;1;1;2;0;23;
O.J. Mayo;G;37:52;9;15;1;3;6;8;2;0;2;4;0;1;2;1;25;
Darren Collison;G;32:54;2;10;0;0;5;6;0;3;3;5;1;0;3;0;9;
Troy Murphy;;18:17;3;5;0;0;4;4;1;1;2;2;2;0;0;2;10;
Vince Carter;;22:48;2;8;1;3;2;3;1;4;5;1;0;0;1;3;7;
Rodrigue Beaubois;;15:06;2;7;0;2;0;0;0;2;2;1;0;0;0;2;4;
Bernard James;;15:24;2;4;0;1;0;0;1;2;3;0;0;0;2;1;4;
Jae Crowder;;20:31;4;5;1;2;3;4;0;2;2;3;2;0;0;1;12;
Jared Cunningham;;0:16;0;0;0;0;0;0;0;0;0;0;0;0;0;0;0;
