12-20;MIA-DAL;110-95;
31-20;27-22;33-19;19-34;
MIA
LeBron James;F;30:55;9;13;3;5;3;4;0;9;9;5;1;1;5;0;24;
Udonis Haslem;F;16:44;1;3;0;0;3;4;0;7;7;1;1;0;0;0;5;
Chris Bosh;C;34:44;8;14;0;1;1;1;1;6;7;4;3;1;1;3;17;
Dwyane Wade;G;26:14;7;13;1;3;4;4;2;3;5;6;0;1;3;1;19;
Mario Chalmers;G;27:15;1;2;0;1;2;2;0;1;1;5;3;1;3;3;4;
Shane Battier;;24:34;4;9;3;7;2;2;0;4;4;2;0;0;0;3;13;
Joel Anthony;;9:59;1;3;0;0;0;0;3;2;5;0;0;0;0;0;2;
Ray Allen;;18:29;4;7;1;4;1;1;1;2;3;0;0;0;2;0;10;
Norris Cole;;23:08;3;6;0;2;0;0;0;2;2;1;0;0;3;3;6;
Mike Miller;;18:07;2;4;2;4;0;0;0;2;2;1;0;0;1;0;6;
Rashard Lewis;;3:17;1;1;0;0;0;0;0;0;0;0;0;0;0;0;2;
Dexter Pittman;;3:17;1;2;0;0;0;0;1;1;2;0;0;0;0;1;2;
James Jones;;3:17;0;1;0;1;0;0;0;0;0;0;0;0;0;0;0;
DAL
Dahntay Jones;F;16:07;3;6;1;2;5;5;0;0;0;0;0;0;1;1;12;
Shawn Marion;F;28:59;5;14;0;0;0;0;4;5;9;0;2;0;0;2;10;
Chris Kaman;C;18:57;4;10;0;0;0;0;1;1;2;0;0;0;2;0;8;
O.J. Mayo;G;30:05;3;14;0;5;2;2;0;5;5;2;2;2;1;2;8;
Darren Collison;G;26:48;4;8;0;1;3;4;0;3;3;5;1;0;2;1;11;
Vince Carter;;24:50;4;9;0;4;2;2;1;3;4;2;2;1;0;3;10;
Dominique Jones;;26:20;2;9;0;0;3;4;0;1;1;7;1;0;2;3;7;
Bernard James;;21:41;6;10;0;0;0;0;5;4;9;1;1;3;1;0;12;
Jae Crowder;;25:35;5;13;2;8;3;4;2;1;3;3;0;0;0;3;15;
Rodrigue Beaubois;;20:38;1;3;0;2;0;0;0;0;0;3;1;0;0;2;2;
