12-05;ORL-UTA;81-87;
15-24;19-21;23-23;24-19;
ORL
Maurice Harkless;F;15:13;0;2;0;1;0;0;0;3;3;0;1;0;0;1;0;
Glen Davis;F;38:40;7;16;0;0;4;6;2;10;12;1;0;2;3;4;18;
Nikola Vucevic;C;38:17;3;9;0;0;0;0;7;9;16;1;0;2;2;2;6;
Arron Afflalo;G;36:26;7;12;0;3;2;2;0;3;3;2;1;0;2;0;16;
Jameer Nelson;G;39:24;7;16;1;4;2;2;2;3;5;5;2;0;3;3;17;
JJ Redick;;35:49;5;12;0;5;4;5;0;2;2;4;1;0;5;4;14;
Gustavo Ayon;;11:01;0;0;0;0;0;2;2;0;2;2;0;1;2;4;0;
E'Twaun Moore;;8:36;1;4;0;2;0;0;0;0;0;0;1;1;1;0;2;
Andrew Nicholson;;8:02;4;5;0;0;0;0;0;1;1;0;0;0;0;1;8;
DeQuan Jones;;3:13;0;1;0;0;0;0;0;1;1;0;0;1;0;0;0;
Josh McRoberts;;5:19;0;0;0;0;0;0;0;1;1;0;0;0;1;1;0;
UTA
Marvin Williams;F;23:23;3;7;0;1;2;2;0;4;4;0;0;0;1;0;8;
Paul Millsap;F;38:52;8;14;0;1;6;9;1;3;4;3;1;3;2;2;22;
Al Jefferson;C;34:50;13;20;0;0;5;5;3;12;15;2;1;0;1;4;31;
Randy Foye;G;29:51;1;7;1;6;0;0;0;2;2;0;0;0;1;1;3;
Mo Williams;G;32:04;3;9;0;0;3;3;0;1;1;7;4;0;3;1;9;
DeMarre Carroll;;19:57;2;3;0;0;2;2;1;0;1;1;3;1;0;3;6;
Gordon Hayward;;23:04;0;6;0;1;4;4;1;4;5;2;2;0;1;2;4;
Enes Kanter;;16:01;2;5;0;0;0;0;1;2;3;0;0;0;2;1;4;
Earl Watson;;15:56;0;3;0;1;0;0;0;1;1;2;1;0;0;2;0;
Jeremy Evans;;6:02;0;3;0;0;0;2;1;1;2;0;1;0;1;0;0;
