01-06;MEM-PHX;92-81;
21-16;20-22;30-24;21-19;
MEM
Rudy Gay;F;39:37;9;18;0;2;2;2;0;3;3;0;1;0;3;1;20;
Zach Randolph;F;35:57;9;11;0;0;3;5;0;8;8;0;1;0;2;3;21;
Marc Gasol;C;36:01;5;10;0;1;0;0;4;8;12;5;2;3;5;5;10;
Tony Allen;G;26:38;3;7;0;0;5;5;1;3;4;2;3;0;2;3;11;
Mike Conley;G;31:32;3;10;0;2;1;2;0;0;0;9;4;0;1;0;7;
Hamed Haddadi;;9:57;0;1;0;0;0;0;0;1;1;0;0;0;0;3;0;
Jerryd Bayless;;25:20;2;2;1;1;4;4;1;6;7;6;1;0;0;1;9;
Wayne Ellington;;12:14;1;2;0;1;0;0;0;1;1;0;0;0;1;0;2;
Darrell Arthur;;10:00;2;3;1;1;1;2;1;1;2;0;0;0;0;1;6;
Marreese Speights;;12:11;3;5;0;0;0;0;0;3;3;0;0;1;3;2;6;
Tony Wroten;;0:16;0;0;0;0;0;0;0;1;1;0;0;0;0;0;0;
Josh Selby;;0:16;0;0;0;0;0;0;0;0;0;0;0;0;0;0;0;
PHX
PJ Tucker;F;31:26;6;11;2;2;3;4;4;1;5;0;3;0;0;2;17;
Luis Scola;F;27:12;3;12;0;0;1;2;0;6;6;6;1;0;4;3;7;
Marcin Gortat;C;31:51;6;14;0;0;0;0;3;5;8;1;0;2;1;2;12;
Jared Dudley;G;21:30;1;3;0;1;5;6;0;1;1;0;0;0;0;2;7;
Goran Dragic;G;33:31;4;9;0;3;1;1;1;2;3;6;2;0;4;2;9;
Shannon Brown;;26:30;3;9;0;1;1;2;0;3;3;2;2;0;3;5;7;
Markieff Morris;;20:48;2;8;0;1;1;1;1;2;3;1;2;2;1;2;5;
Sebastian Telfair;;14:30;1;3;1;2;0;0;0;0;0;1;0;0;0;0;3;
Wesley Johnson;;16:34;2;5;2;4;0;0;1;1;2;0;0;1;0;1;6;
Jermaine O'Neal;;16:09;3;5;0;0;2;2;1;0;1;1;0;0;1;2;8;
