12-05;CHI-CLE;95-85;
27-11;18-24;27-28;23-22;
CHI
Luol Deng;F;42:23;8;13;1;2;5;5;1;6;7;2;0;0;4;0;22;
Carlos Boozer;F;32:07;4;9;0;0;2;4;2;10;12;4;0;1;2;3;10;
Joakim Noah;C;44:18;5;13;0;0;3;4;5;10;15;5;1;2;1;3;13;
Marco Belinelli;G;39:39;7;15;2;8;7;8;0;3;3;0;1;0;3;5;23;
Kirk Hinrich;G;34:37;4;7;1;2;2;2;0;1;1;8;2;1;2;4;11;
Jimmy Butler;;13:58;2;5;0;1;2;2;1;0;1;0;1;0;0;1;6;
Taj Gibson;;15:53;1;2;0;0;0;0;1;2;3;0;0;2;1;5;2;
Nate Robinson;;13:23;2;7;0;2;2;2;0;2;2;3;0;0;2;2;6;
Nazr Mohammed;;3:42;1;1;0;0;0;0;0;1;1;0;0;0;0;1;2;
CLE
Alonzo Gee;F;30:27;4;10;0;4;0;0;1;3;4;2;0;0;1;1;8;
Tristan Thompson;F;32:15;5;9;0;0;1;2;5;0;5;0;1;2;2;2;11;
Anderson Varejao;C;36:13;4;16;0;0;3;4;5;10;15;3;3;0;3;3;11;
Daniel Gibson;G;28:19;3;7;2;3;2;2;0;0;0;1;1;0;1;5;10;
Jeremy Pargo;G;28:55;3;12;0;4;3;4;0;2;2;4;1;0;2;0;9;
Omri Casspi;;17:33;0;2;0;1;1;4;0;4;4;1;0;0;0;1;1;
Tyler Zeller;;24:48;4;12;0;0;2;2;3;4;7;0;1;0;1;2;10;
Donald Sloan;;23:33;4;8;2;3;4;4;0;1;1;3;0;0;0;2;14;
CJ Miles;;15:13;4;8;1;1;1;1;0;2;2;1;1;0;0;2;10;
Samardo Samuels;;2:44;0;1;0;0;1;2;0;1;1;0;0;0;0;0;1;
