03-01;OKC-DEN;103-105;
29-26;18-30;28-29;28-20;
OKC
Kevin Durant;F;39:39;9;20;1;4;6;7;1;13;14;3;2;3;4;0;25;
Serge Ibaka;F;37:39;6;13;1;2;4;6;3;5;8;1;0;3;3;2;17;
Kendrick Perkins;C;21:18;2;5;0;0;0;2;0;3;3;3;1;1;2;3;4;
Thabo Sefolosha;G;37:10;3;10;2;5;0;0;3;9;12;5;2;3;1;5;8;
Russell Westbrook;G;37:33;12;23;2;4;12;17;0;6;6;5;2;0;3;2;38;
Kevin Martin;;24:21;1;5;1;3;0;0;0;2;2;0;0;1;4;2;3;
Nick Collison;;21:32;1;1;0;0;0;0;3;1;4;0;0;1;0;2;2;
Reggie Jackson;;15:50;2;4;0;1;2;2;0;1;1;1;0;0;2;1;6;
Derek Fisher;;4:58;0;2;0;1;0;0;0;0;0;1;0;0;0;1;0;
DEN
Danilo Gallinari;F;22:28;2;7;1;4;2;2;0;2;2;0;1;1;0;2;7;
Kenneth Faried;F;18:16;2;7;0;0;0;0;1;3;4;2;0;1;2;2;4;
Kosta Koufos;C;23:33;4;8;0;0;0;2;3;10;13;1;1;3;0;4;8;
Andre Iguodala;G;36:42;2;9;0;4;0;0;3;3;6;5;3;0;3;1;4;
Ty Lawson;G;35:55;5;14;0;3;1;2;1;2;3;7;2;0;2;1;11;
Wilson Chandler;;35:44;13;19;6;7;3;4;0;3;3;1;0;0;4;4;35;
JaVale McGee;;16:00;3;6;0;0;2;3;2;2;4;0;2;1;0;2;8;
Corey Brewer;;24:38;7;13;0;2;0;0;0;2;2;3;5;0;0;2;14;
Andre Miller;;26:44;5;12;0;1;4;4;0;6;6;7;0;1;3;5;14;
Timofey Mozgov;;0:00;0;0;0;0;0;0;0;0;0;0;0;0;0;0;0;
