02-05;ATL-IND;103-114;
21-18;28-32;21-31;33-33;
ATL
DeShawn Stevenson;F;19:25;2;4;2;3;0;0;0;4;4;0;0;0;1;2;6;
Josh Smith;F;38:32;4;12;1;2;0;0;1;9;10;0;0;1;4;4;9;
Al Horford;C;27:34;7;11;0;0;1;3;2;6;8;2;1;1;2;6;15;
Kyle Korver;G;39:11;3;13;2;9;2;2;1;0;1;8;1;1;3;4;10;
Jeff Teague;G;35:51;9;17;1;1;5;7;0;2;2;8;1;0;4;2;24;
Johan Petro;;14:59;4;6;0;0;2;2;0;2;2;0;0;0;2;3;10;
John Jenkins;;20:21;2;5;1;3;9;10;0;2;2;1;0;0;0;0;14;
Jannero Pargo;;19:03;3;7;1;3;2;2;0;2;2;5;1;0;0;4;9;
Ivan Johnson;;11:20;0;3;0;0;0;0;0;1;1;1;1;0;0;3;0;
Mike Scott;;11:56;2;3;0;0;2;2;1;5;6;1;0;0;0;5;6;
Anthony Tolliver;;1:48;0;0;0;0;0;0;0;1;1;0;0;0;0;0;0;
IND
Paul George;F;39:02;8;19;5;9;8;9;0;5;5;4;1;0;2;4;29;
David West;F;35:05;5;11;0;0;5;5;2;5;7;4;5;3;5;3;15;
Roy Hibbert;C;30:25;6;8;0;0;0;0;2;6;8;4;0;3;2;2;12;
Lance Stephenson;G;30:23;5;10;2;6;2;2;0;6;6;3;0;1;1;5;14;
George Hill;G;34:07;4;12;1;4;6;8;1;2;3;8;0;0;1;2;15;
Tyler Hansbrough;;12:55;0;2;0;0;4;6;0;0;0;2;1;1;0;2;4;
Orlando Johnson;;8:19;1;1;1;1;0;0;0;1;1;0;0;0;0;2;3;
D.J. Augustin;;15:40;3;6;2;4;2;3;0;0;0;2;0;0;0;1;10;
Ian Mahinmi;;15:56;4;4;0;0;4;7;0;3;3;0;0;0;1;3;12;
Sam Young;;14:50;0;2;0;1;0;0;0;3;3;1;0;0;0;2;0;
Ben Hansbrough;;1:39;0;0;0;0;0;0;0;1;1;0;0;0;0;0;0;
Jeff Ayres;;1:39;0;0;0;0;0;0;0;0;0;0;0;0;0;0;0;
