02-13;PHI-MIL;92-94;
28-18;22-25;25-29;17-22;
PHI
Evan Turner;F;40:36;8;19;0;2;4;4;0;3;3;1;0;0;4;2;20;
Lavoy Allen;F;26:30;3;7;0;1;1;2;3;4;7;0;0;1;0;5;7;
Spencer Hawes;C;41:05;7;14;0;1;5;6;2;7;9;2;0;1;1;3;19;
Nick Young;G;32:46;4;6;2;3;4;4;1;4;5;1;0;0;1;3;14;
Jrue Holiday;G;39:17;6;17;1;2;3;4;1;4;5;12;2;1;5;4;16;
Jeremy Pargo;;17:47;1;3;0;1;0;0;0;2;2;2;1;0;3;2;2;
Arnett Moultrie;;19:20;2;5;0;0;1;2;4;4;8;0;1;0;0;1;5;
Dorell Wright;;6:30;1;2;0;1;2;2;0;1;1;0;0;0;0;1;4;
Damien Wilkins;;4:52;1;1;0;0;0;0;0;0;0;0;0;0;0;0;2;
Royal Ivey;;11:18;1;2;1;2;0;0;0;1;1;0;1;1;0;1;3;
MIL
Luc Mbah a Moute;F;39:00;3;11;0;2;4;6;3;5;8;0;0;2;2;4;10;
Ersan Ilyasova;F;18:32;3;7;1;1;0;0;0;2;2;1;2;0;2;4;7;
Samuel Dalembert;C;32:10;8;13;0;0;1;2;7;7;14;2;0;3;3;3;17;
Monta Ellis;G;46:09;11;24;0;3;5;6;2;2;4;5;1;0;1;3;27;
Brandon Jennings;G;42:26;8;21;2;8;3;3;2;2;4;5;4;0;4;1;21;
Ekpe Udoh;;14:24;0;2;0;0;0;0;1;1;2;1;0;3;0;2;0;
Mike Dunleavy;;33:40;4;7;1;3;2;2;0;3;3;4;1;2;1;2;11;
John Henson;;6:14;0;1;0;0;0;0;1;3;4;0;1;0;0;1;0;
Beno Udrih;;7:25;0;2;0;1;1;2;0;0;0;3;0;0;0;1;1;
