02-08;CHI-UTA;93-89;
31-27;27-23;11-19;24-20;
CHI
Luol Deng;F;35:01;6;14;0;2;3;4;4;6;10;4;0;0;1;1;15;
Carlos Boozer;F;31:31;6;15;0;0;7;8;1;4;5;2;1;0;0;4;19;
Joakim Noah;C;33:49;3;8;0;0;6;6;3;8;11;3;3;0;3;4;12;
Richard Hamilton;G;18:52;3;7;0;0;0;0;1;2;3;1;0;0;0;2;6;
Nate Robinson;G;46:09;7;17;4;7;0;0;3;1;4;9;0;0;3;1;18;
Taj Gibson;;30:40;7;9;0;0;0;0;3;5;8;0;2;2;1;2;14;
Marco Belinelli;;28:42;4;8;1;3;0;0;0;0;0;6;0;0;1;1;9;
Jimmy Butler;;13:26;0;1;0;0;0;0;0;0;0;0;0;0;0;0;0;
Marquis Teague;;1:51;0;0;0;0;0;0;0;0;0;0;0;0;0;1;0;
UTA
Marvin Williams;F;30:02;1;6;1;1;0;2;0;6;6;0;0;1;1;2;3;
Paul Millsap;F;26:57;8;14;0;2;5;5;1;2;3;3;0;1;3;5;21;
Al Jefferson;C;40:56;15;22;0;1;2;5;4;9;13;1;2;2;0;1;32;
Randy Foye;G;39:24;4;11;2;6;4;5;1;1;2;6;1;1;3;2;14;
Jamaal Tinsley;G;32:22;0;2;0;2;0;0;2;2;4;6;1;1;2;2;0;
Derrick Favors;;23:34;3;8;0;0;0;0;1;1;2;0;0;2;1;6;6;
DeMarre Carroll;;15:08;2;5;0;1;0;0;2;1;3;1;0;1;0;0;4;
Alec Burks;;24:35;2;6;1;3;0;0;0;2;2;4;0;0;0;3;5;
Enes Kanter;;7:04;2;4;0;0;0;0;2;0;2;0;0;1;2;1;4;
