03-03;MIA-NYK;99-93;
23-22;22-37;28-18;26-16;
MIA
LeBron James;F;42:50;12;23;2;6;3;6;3;8;11;7;3;1;2;1;29;
Udonis Haslem;F;16:17;2;4;0;0;0;0;1;5;6;0;0;0;0;2;4;
Chris Bosh;C;36:35;7;17;0;1;2;3;1;0;1;0;1;0;2;4;16;
Mario Chalmers;G;29:35;2;5;1;4;1;1;1;3;4;1;2;0;4;4;6;
Dwyane Wade;G;36:56;8;16;0;1;4;5;2;6;8;8;1;0;4;0;20;
Ray Allen;;21:16;2;7;1;3;2;2;1;3;4;1;1;0;1;2;7;
Shane Battier;;23:18;4;4;4;4;0;0;0;2;2;0;0;1;0;3;12;
Chris Andersen;;11:25;0;1;0;0;1;2;1;2;3;0;0;2;0;1;1;
Norris Cole;;15:29;2;4;0;1;0;0;0;2;2;2;1;0;1;2;4;
Rashard Lewis;;6:19;0;3;0;0;0;0;0;0;0;1;1;0;0;1;0;
NYK
Carmelo Anthony;F;42:14;9;19;1;3;13;14;0;2;2;3;0;0;1;3;32;
James White;F;7:47;0;1;0;0;0;0;1;1;2;1;0;0;2;3;0;
Tyson Chandler;C;34:26;4;7;0;0;2;2;3;5;8;0;2;2;1;0;10;
Raymond Felton;G;30:59;3;8;0;1;3;4;1;0;1;2;1;1;4;2;9;
Iman Shumpert;G;21:05;1;4;0;3;1;2;2;1;3;2;0;0;2;2;3;
J.R. Smith;;35:39;5;18;3;14;0;0;1;11;12;2;3;0;3;4;13;
Amar'e Stoudemire;;21:15;5;7;0;0;2;4;0;2;2;1;0;1;2;1;12;
Jason Kidd;;34:27;5;7;4;5;0;0;1;7;8;6;3;0;2;3;14;
Steve Novak;;12:08;0;3;0;3;0;0;0;2;2;1;0;0;0;1;0;
