11-06;ORL-CHI;93-99;
24-23;24-22;22-23;23-31;
ORL
DeQuan Jones;F;11:51;1;2;0;0;0;0;0;2;2;0;1;1;0;0;2;
Glen Davis;F;35:45;7;22;0;1;2;5;4;6;10;1;1;0;1;6;16;
Nikola Vucevic;C;41:32;5;13;0;0;6;7;3;7;10;0;1;2;2;3;16;
Arron Afflalo;G;34:08;10;17;3;7;5;5;1;4;5;5;1;1;0;3;28;
E'Twaun Moore;G;33:27;7;13;3;4;0;0;3;2;5;2;0;0;1;4;17;
JJ Redick;;34:21;4;11;2;6;0;0;0;2;2;7;0;0;2;2;10;
Josh McRoberts;;14:44;0;0;0;0;0;0;0;4;4;1;0;0;0;1;0;
Ish Smith;;16:21;1;5;0;1;0;0;0;2;2;5;0;0;2;0;2;
Gustavo Ayon;;11:00;0;1;0;0;0;0;0;0;0;2;0;1;3;1;0;
Andrew Nicholson;;6:51;1;2;0;0;0;0;0;3;3;0;0;0;0;2;2;
CHI
Luol Deng;F;38:23;9;16;0;2;5;6;1;7;8;4;0;0;1;1;23;
Carlos Boozer;F;28:29;6;18;0;0;0;0;2;6;8;3;1;0;1;3;12;
Joakim Noah;C;40:44;7;13;0;1;6;8;3;6;9;4;0;5;2;3;20;
Richard Hamilton;G;28:04;3;8;0;0;1;1;0;3;3;2;1;0;2;0;7;
Kirk Hinrich;G;26:09;3;5;2;2;0;2;1;4;5;5;2;0;0;1;8;
Marco Belinelli;;7:56;1;1;0;0;0;0;0;0;0;1;1;0;1;0;2;
Taj Gibson;;19:32;5;9;0;0;2;3;0;5;5;0;0;2;0;1;12;
Nazr Mohammed;;7:16;0;3;0;0;0;0;0;0;0;0;0;0;0;0;0;
Nate Robinson;;21:51;5;8;0;1;1;2;0;2;2;6;1;0;2;2;11;
Jimmy Butler;;21:37;1;3;0;0;2;2;2;1;3;2;1;0;0;1;4;
