02-02;ORL-MIL;98-107;
22-31;26-21;19-27;31-28;
ORL
Maurice Harkless;F;42:00;7;16;0;1;5;9;6;8;14;1;4;1;0;3;19;
Andrew Nicholson;F;10:13;3;3;0;0;0;0;0;0;0;0;0;1;3;4;6;
Nikola Vucevic;C;33:34;10;16;0;0;0;0;5;7;12;6;2;2;2;2;20;
JJ Redick;G;39:06;5;16;2;9;3;4;0;1;1;8;1;0;2;0;15;
E'Twaun Moore;G;34:36;3;14;1;4;0;0;4;3;7;6;1;0;4;4;7;
DeQuan Jones;;18:59;3;7;0;1;2;5;1;3;4;1;0;0;2;1;8;
Gustavo Ayon;;5:56;1;2;0;0;0;0;0;1;1;1;1;0;0;0;2;
Ish Smith;;23:30;2;7;0;1;0;0;0;1;1;6;0;1;1;2;4;
Hedo Turkoglu;;5:25;1;2;0;0;0;0;0;1;1;1;0;0;0;0;2;
Josh McRoberts;;15:00;2;4;2;3;0;2;2;6;8;2;0;0;2;1;6;
Kyle O'Quinn;;11:41;4;7;0;0;1;2;2;1;3;0;0;0;1;0;9;
MIL
Luc Mbah a Moute;F;25:26;4;7;0;1;0;0;1;4;5;1;1;0;2;1;8;
Ersan Ilyasova;F;33:33;6;13;2;5;2;2;3;5;8;3;0;2;2;2;16;
Larry Sanders;C;35:06;7;15;0;0;3;4;6;7;13;2;1;6;1;5;17;
Monta Ellis;G;43:41;7;16;1;6;6;7;1;3;4;11;1;0;6;4;21;
Brandon Jennings;G;32:51;8;16;2;7;2;2;0;1;1;5;1;0;1;1;20;
Mike Dunleavy;;24:07;4;9;3;4;0;0;0;4;4;3;0;1;1;2;11;
Samuel Dalembert;;6:06;0;1;0;0;0;0;0;1;1;0;0;0;1;0;0;
John Henson;;12:54;4;7;0;0;1;5;2;3;5;0;0;0;0;0;9;
Beno Udrih;;15:09;2;4;1;1;0;0;0;0;0;1;0;0;1;1;5;
Marquis Daniels;;4:19;0;0;0;0;0;0;0;0;0;0;1;0;1;0;0;
Ekpe Udoh;;6:48;0;2;0;0;0;0;1;0;1;0;1;0;0;0;0;
