12-22;MEM-HOU;96-121;
32-33;22-31;24-30;18-27;
MEM
Rudy Gay;F;28:36;3;6;0;2;0;0;0;4;4;4;0;0;4;3;6;
Zach Randolph;F;26:18;5;8;0;0;0;0;2;8;10;3;0;1;1;2;10;
Marc Gasol;C;27:10;4;7;0;0;3;4;1;4;5;3;0;0;2;1;11;
Tony Allen;G;18:47;5;8;0;1;1;2;0;1;1;0;0;1;0;3;11;
Mike Conley;G;28:08;7;12;0;0;2;2;0;1;1;6;3;1;1;2;16;
Quincy Pondexter;;27:45;6;13;2;6;0;0;1;1;2;1;1;0;3;2;14;
Marreese Speights;;15:40;3;4;0;0;0;0;2;1;3;0;1;1;1;1;6;
Jerryd Bayless;;21:21;2;6;0;2;1;2;1;3;4;5;0;0;3;2;5;
Wayne Ellington;;5:38;1;2;0;0;0;0;0;1;1;0;1;0;0;0;2;
Darrell Arthur;;22:44;4;8;0;0;0;0;1;3;4;0;0;1;1;2;8;
Josh Selby;;13:46;1;4;0;2;3;4;0;1;1;0;0;0;2;0;5;
Hamed Haddadi;;4:08;1;1;0;0;0;0;0;1;1;1;1;0;1;1;2;
HOU
Chandler Parsons;F;29:47;3;7;1;3;0;0;0;3;3;4;1;0;2;0;7;
Marcus Morris;F;31:17;6;8;3;4;1;1;1;0;1;1;0;2;0;4;16;
Omer Asik;C;23:32;5;9;0;0;4;6;4;8;12;1;0;1;3;2;14;
James Harden;G;30:22;9;13;3;3;10;12;0;2;2;8;3;0;3;1;31;
Jeremy Lin;G;34:41;5;12;1;5;4;4;0;6;6;11;2;1;2;3;15;
Greg Smith;;20:20;5;6;0;0;0;0;2;3;5;0;1;0;1;0;10;
Toney Douglas;;26:49;4;13;1;4;1;1;1;1;2;1;1;0;0;1;10;
Carlos Delfino;;26:40;4;9;3;8;0;0;0;3;3;4;1;0;0;1;11;
Cole Aldrich;;4:08;0;1;0;0;0;0;0;2;2;0;0;0;1;0;0;
Donatas Motiejunas;;4:08;1;2;0;1;1;2;1;0;1;0;1;1;0;0;3;
Daequan Cook;;4:08;1;1;0;0;0;0;0;0;0;0;0;0;1;1;2;
Scott Machado;;4:08;1;1;0;0;0;0;0;1;1;2;1;0;2;0;2;
