02-08;ORL-CLE;108-119;
24-24;32-32;24-29;28-34;
ORL
Maurice Harkless;F;43:19;4;5;0;1;1;1;1;3;4;3;1;2;2;3;9;
Andrew Nicholson;F;30:41;9;13;0;0;3;5;2;6;8;3;0;2;2;5;21;
Nikola Vucevic;C;43:23;12;19;0;0;1;1;5;8;13;3;0;1;1;4;25;
Arron Afflalo;G;36:26;9;17;2;6;3;3;0;4;4;3;0;0;3;0;23;
Jameer Nelson;G;40:40;5;16;4;9;1;1;0;5;5;13;1;2;6;5;15;
E'Twaun Moore;;18:54;1;6;0;2;0;0;0;1;1;4;0;0;2;2;2;
Kyle O'Quinn;;9:32;2;5;0;0;1;2;1;1;2;1;0;0;2;2;5;
DeQuan Jones;;4:41;0;1;0;0;0;0;0;1;1;0;0;0;1;2;0;
Josh McRoberts;;12:24;3;4;2;3;0;0;0;1;1;0;1;0;0;3;8;
CLE
Alonzo Gee;F;25:27;2;8;0;1;2;2;0;2;2;0;3;0;1;0;6;
Tristan Thompson;F;27:02;7;11;0;0;2;2;0;5;5;1;2;1;0;2;16;
Tyler Zeller;C;30:17;0;0;0;0;7;10;2;2;4;3;0;1;1;5;7;
Dion Waiters;G;27:01;6;10;0;2;3;4;0;2;2;2;2;0;1;2;15;
Kyrie Irving;G;35:22;9;17;1;2;5;7;1;5;6;8;1;1;2;1;24;
Shaun Livingston;;16:50;3;4;0;0;2;2;1;2;3;4;1;0;0;0;8;
Marreese Speights;;22:15;3;13;0;0;12;12;3;2;5;1;0;0;0;2;18;
CJ Miles;;14:25;3;4;2;3;0;0;0;1;1;0;0;0;0;0;8;
Luke Walton;;16:26;1;2;1;1;0;0;0;3;3;3;0;0;1;2;3;
Wayne Ellington;;24:55;5;11;3;5;1;2;0;1;1;1;1;0;0;1;14;
