11-28;POR-WAS;82-84;
27-23;16-20;16-25;23-16;
POR
Nicolas Batum;F;44:35;6;15;5;10;3;4;1;3;4;2;3;1;2;1;20;
JJ Hickson;F;33:59;6;8;0;0;3;7;9;10;19;2;1;1;5;2;15;
LaMarcus Aldridge;C;41:08;8;19;0;1;1;1;1;6;7;3;1;0;1;5;17;
Wesley Matthews;G;34:57;2;10;1;8;1;2;1;1;2;1;2;0;0;2;6;
Damian Lillard;G;42:34;6;21;4;9;4;4;2;0;2;5;2;0;2;1;20;
Jared Jeffries;;7:14;0;2;0;0;0;0;0;0;0;0;0;1;0;3;0;
Meyers Leonard;;13:39;1;5;0;0;0;0;3;4;7;0;0;0;1;3;2;
Will Barton;;8:03;1;4;0;1;0;0;1;1;2;0;0;0;0;0;2;
Ronnie Price;;5:26;0;1;0;1;0;0;0;0;0;1;1;0;0;2;0;
Sasha Pavlovic;;8:25;0;1;0;1;0;0;0;2;2;0;0;0;0;1;0;
WAS
Trevor Ariza;F;36:22;6;9;2;2;0;0;1;4;5;2;1;0;1;2;14;
Kevin Seraphin;F;32:54;5;13;0;0;0;0;2;8;10;3;0;1;2;2;10;
Emeka Okafor;C;21:51;2;7;0;0;2;2;3;5;8;2;3;1;1;2;6;
Bradley Beal;G;16:18;2;6;1;2;0;0;0;0;0;0;0;0;2;0;5;
A.J. Price;G;30:59;1;7;1;3;0;0;0;3;3;6;0;0;1;3;3;
Martell Webster;;16:25;1;3;0;1;5;5;0;2;2;0;1;0;1;2;7;
Chris Singleton;;22:02;3;5;0;1;2;3;0;5;5;1;0;0;4;3;8;
Shaun Livingston;;17:01;3;3;0;0;0;0;0;2;2;1;1;0;0;2;6;
Nene;;19:13;1;4;0;0;4;5;2;4;6;2;1;0;2;2;6;
Jordan Crawford;;26:55;7;14;1;3;4;4;0;1;1;1;0;0;2;1;19;
Jan Vesely;;0:00;0;0;0;0;0;0;0;0;0;0;0;0;0;0;0;
