11-23;NYK-HOU;103-131;
32-35;25-37;23-32;23-27;
NYK
Carmelo Anthony;F;34:33;14;24;7;12;2;2;1;3;4;2;0;0;7;4;37;
Ronnie Brewer;F;15:16;2;3;0;0;0;0;1;1;2;0;1;0;0;0;4;
Tyson Chandler;C;28:07;3;4;0;0;0;0;3;4;7;1;0;3;0;4;6;
Raymond Felton;G;30:26;6;11;4;6;1;2;0;0;0;8;1;1;4;1;17;
Jason Kidd;G;27:43;2;5;1;3;2;2;0;5;5;5;1;2;1;2;7;
J.R. Smith;;34:59;2;13;1;2;7;8;0;5;5;2;2;1;1;5;12;
Steve Novak;;25:12;3;8;3;7;0;0;0;2;2;0;0;1;0;2;9;
Pablo Prigioni;;17:34;2;7;1;6;0;0;1;3;4;4;2;0;2;1;5;
Kurt Thomas;;9:34;0;1;0;0;0;0;0;1;1;0;0;1;0;1;0;
James White;;8:39;0;4;0;1;0;0;0;0;0;0;0;0;0;0;0;
Chris Copeland;;7:57;3;6;0;2;0;0;0;0;0;0;1;0;0;1;6;
HOU
Chandler Parsons;F;34:12;13;17;4;7;1;2;1;4;5;4;4;1;0;1;31;
Patrick Patterson;F;20:11;5;7;0;0;0;0;2;3;5;0;0;0;0;3;10;
Omer Asik;C;29:44;6;11;0;0;6;8;4;10;14;3;0;1;2;1;18;
James Harden;G;39:25;7;15;3;5;16;16;0;4;4;9;1;1;3;3;33;
Jeremy Lin;G;34:52;6;12;1;2;0;0;0;7;7;3;2;0;4;2;13;
Marcus Morris;;17:17;2;7;0;1;0;0;1;3;4;2;0;2;0;2;4;
Greg Smith;;14:16;1;3;0;0;0;0;0;4;4;0;0;0;0;3;2;
Toney Douglas;;17:19;3;6;3;4;2;2;1;1;2;1;0;0;4;1;11;
Daequan Cook;;26:08;3;9;3;6;0;0;0;2;2;0;1;1;0;1;9;
Terrence Jones;;6:36;0;2;0;0;0;0;2;0;2;0;0;0;1;0;0;
