02-08;LAC-MIA;89-111;
29-30;21-32;18-31;21-18;
LAC
Caron Butler;F;24:31;3;8;1;2;1;1;0;1;1;1;2;0;0;1;8;
Blake Griffin;F;24:07;5;7;0;0;3;4;0;5;5;3;0;0;4;4;13;
DeAndre Jordan;C;22:23;7;11;0;0;3;7;3;3;6;0;0;1;0;2;17;
Chauncey Billups;G;16:26;2;5;1;3;2;2;0;1;1;4;0;0;0;1;7;
Chris Paul;G;19:36;1;5;1;1;0;0;1;0;1;2;0;0;3;2;3;
Eric Bledsoe;;28:24;2;6;1;1;2;2;1;3;4;6;1;0;2;0;7;
Jamal Crawford;;24:29;6;15;1;5;0;0;0;0;0;3;2;0;3;0;13;
Lamar Odom;;21:49;0;3;0;1;0;0;0;2;2;2;1;2;4;5;0;
Matt Barnes;;23:29;4;9;2;3;0;0;2;2;4;1;2;0;0;4;10;
Ryan Hollins;;20:36;2;2;0;0;1;1;3;5;8;0;0;1;2;4;5;
Willie Green;;7:05;2;5;0;0;0;0;0;1;1;0;1;0;0;0;4;
Ronny Turiaf;;7:05;0;1;0;0;2;2;1;1;2;1;0;1;0;1;2;
MIA
Shane Battier;F;21:02;4;5;4;5;0;0;0;1;1;1;0;0;1;2;12;
LeBron James;F;30:59;9;11;4;5;8;11;1;4;5;6;0;2;5;3;30;
Udonis Haslem;C;17:33;3;3;0;0;0;0;0;6;6;0;0;0;0;3;6;
Dwyane Wade;G;31:23;8;16;0;2;4;6;2;4;6;7;4;0;2;2;20;
Mario Chalmers;G;24:42;5;9;5;8;3;3;0;2;2;3;3;0;1;2;18;
Norris Cole;;23:18;2;5;0;0;0;0;0;0;0;2;0;0;2;1;4;
Chris Andersen;;18:01;1;4;0;0;6;8;3;1;4;2;2;0;2;1;8;
Mike Miller;;23:28;0;4;0;3;0;0;1;3;4;0;0;0;0;0;0;
Rashard Lewis;;26:58;3;7;1;2;3;4;1;6;7;0;2;0;0;2;10;
Joel Anthony;;12:26;0;0;0;0;0;0;0;1;1;0;0;2;0;3;0;
James Jones;;7:05;1;3;1;2;0;0;0;0;0;0;0;0;0;2;3;
Jarvis Varnado;;3:05;0;1;0;0;0;0;0;0;0;1;0;0;0;0;0;
