12-07;CHA-MIL;93-108;
20-33;20-25;21-28;32-22;
CHA
Michael Kidd-Gilchrist;F;31:50;4;4;0;0;3;6;2;9;11;2;0;1;0;5;11;
Byron Mullens;F;14:11;3;4;0;0;0;0;2;3;5;0;0;0;0;0;6;
Brendan Haywood;C;8:48;0;4;0;0;1;2;2;0;2;0;2;0;1;1;1;
Jeff Taylor;G;26:48;1;10;0;5;2;2;1;1;2;1;0;0;0;1;4;
Kemba Walker;G;26:10;8;13;0;1;0;0;0;2;2;6;3;0;1;1;16;
Bismack Biyombo;;28:39;1;7;0;0;0;2;3;5;8;1;0;4;1;2;2;
Ben Gordon;;14:40;3;9;0;4;2;2;1;0;1;0;0;0;2;2;8;
Ramon Sessions;;20:32;2;6;0;0;4;4;1;4;5;2;2;0;2;2;8;
Gerald Henderson;;24:23;6;10;1;1;6;7;0;4;4;1;0;0;2;3;19;
DeSagana Diop;;21:36;3;4;0;0;0;0;2;3;5;2;0;1;1;4;6;
Reggie Williams;;9:15;3;4;2;2;0;3;0;0;0;1;0;0;0;1;8;
Hakim Warrick;;13:10;2;6;0;0;0;4;0;0;0;2;2;0;1;1;4;
MIL
Marquis Daniels;F;27:45;7;11;3;3;1;1;2;4;6;3;0;0;2;0;18;
Larry Sanders;F;25:51;4;8;0;0;0;0;4;6;10;1;1;5;0;3;8;
Ekpe Udoh;C;22:05;1;4;0;0;4;4;2;4;6;0;0;2;0;2;6;
Monta Ellis;G;31:06;3;11;0;1;7;9;0;4;4;5;0;1;1;3;13;
Brandon Jennings;G;35:47;5;16;1;5;4;5;1;1;2;8;3;0;2;0;15;
Doron Lamb;;17:34;3;6;0;1;0;0;1;3;4;1;0;0;0;3;6;
Ersan Ilyasova;;19:35;7;17;2;3;5;6;4;8;12;0;0;0;0;3;21;
Luc Mbah a Moute;;19:30;3;6;0;0;3;5;1;2;3;1;1;0;1;0;9;
Samuel Dalembert;;13:57;2;4;0;0;0;0;2;1;3;0;0;5;2;2;4;
Drew Gooden;;8:23;0;4;0;1;2;2;3;1;4;1;0;1;1;1;2;
Joel Przybilla;;6:09;0;0;0;0;0;0;0;2;2;0;0;0;0;0;0;
Tobias Harris;;6:09;2;4;0;0;0;0;1;0;1;0;0;0;0;0;4;
John Henson;;6:09;1;3;0;0;0;0;2;0;2;0;0;0;1;0;2;
