01-18;OKC-DAL;117-114;
30-22;23-24;28-26;24-33;12-9;
OKC
Kevin Durant;F;49:40;13;31;5;9;21;21;0;9;9;1;2;0;4;2;52;
Serge Ibaka;F;44:47;5;13;0;0;1;2;7;7;14;0;0;2;4;4;11;
Kendrick Perkins;C;29:50;1;3;0;0;0;0;3;6;9;1;1;0;1;5;2;
Thabo Sefolosha;G;24:51;0;4;0;2;0;0;1;4;5;3;2;0;1;2;0;
Russell Westbrook;G;45:01;12;26;0;3;7;9;4;2;6;6;1;0;4;1;31;
Kevin Martin;;31:29;3;10;1;6;4;4;1;0;1;0;0;0;1;1;11;
Nick Collison;;22:15;4;6;0;0;0;0;2;3;5;0;0;0;1;5;8;
DeAndre Liggins;;9:08;0;0;0;0;0;0;0;2;2;1;2;0;1;3;0;
Reggie Jackson;;7:59;1;2;0;0;0;0;0;2;2;1;0;0;0;0;2;
DAL
Shawn Marion;F;27:44;4;5;0;0;0;0;2;5;7;2;0;1;4;5;8;
Dirk Nowitzki;F;40:42;5;19;0;2;8;9;1;8;9;1;1;0;1;0;18;
Chris Kaman;C;16:23;3;5;0;0;0;0;2;1;3;2;1;0;3;2;6;
O.J. Mayo;G;44:54;6;16;1;3;5;6;1;2;3;7;2;0;3;2;18;
Darren Collison;G;30:36;5;8;0;1;5;6;0;4;4;6;3;0;1;2;15;
Elton Brand;;36:12;4;11;0;0;2;2;5;8;13;1;0;1;1;5;10;
Vince Carter;;32:24;10;17;4;8;5;7;0;3;3;2;2;1;0;3;29;
Mike James;;22:15;4;7;2;5;0;0;0;2;2;2;0;0;3;2;10;
Jae Crowder;;8:46;0;1;0;1;0;0;0;1;1;1;2;0;0;2;0;
Dahntay Jones;;5:04;0;2;0;0;0;0;0;1;1;0;0;0;0;0;0;
