02-02;OKC-CLE;110-115;
25-23;32-29;21-24;32-39;
OKC
Kevin Durant;F;36:42;8;21;3;7;13;17;2;9;11;3;1;0;3;2;32;
Serge Ibaka;F;30:15;7;12;0;1;4;4;6;6;12;0;1;4;3;3;18;
Kendrick Perkins;C;30:06;3;6;0;0;0;0;1;3;4;5;0;4;4;3;6;
Thabo Sefolosha;G;23:44;0;2;0;1;0;0;0;3;3;0;3;0;1;1;0;
Russell Westbrook;G;35:07;12;22;0;2;4;5;0;2;2;5;3;0;1;4;28;
Kevin Martin;;31:53;6;13;3;9;0;0;0;1;1;2;0;1;2;2;15;
Nick Collison;;22:57;1;1;0;0;0;0;3;4;7;4;0;1;0;2;2;
DeAndre Liggins;;2:04;0;0;0;0;0;0;0;0;0;0;1;0;0;0;0;
Perry Jones;;5:06;0;0;0;0;0;0;0;0;0;0;0;0;0;0;0;
Hasheem Thabeet;;10:38;2;3;0;0;0;0;1;4;5;0;0;1;0;2;4;
Reggie Jackson;;11:28;2;3;1;1;0;0;1;1;2;0;1;0;2;1;5;
CLE
Alonzo Gee;F;29:11;2;4;0;1;2;3;1;1;2;0;3;0;2;3;6;
Tristan Thompson;F;38:27;4;13;0;0;3;4;5;7;12;3;1;0;2;4;11;
Tyler Zeller;C;24:03;3;8;0;0;1;1;5;3;8;1;0;0;0;3;7;
Dion Waiters;G;31:47;4;13;1;3;3;4;0;6;6;6;2;0;4;1;12;
Kyrie Irving;G;35:04;12;23;3;5;8;8;2;1;3;3;1;1;1;2;35;
Marreese Speights;;33:21;10;15;0;0;1;1;1;9;10;3;0;1;2;1;21;
Shaun Livingston;;17:35;1;2;0;0;0;0;0;0;0;6;0;0;1;1;2;
CJ Miles;;14:52;5;7;4;6;2;2;0;2;2;2;0;0;0;1;16;
Wayne Ellington;;15:40;2;5;1;3;0;0;0;1;1;3;2;0;1;0;5;
