02-08;POR-HOU;103-118;
28-34;25-28;27-33;23-23;
POR
Nicolas Batum;F;37:03;7;12;4;8;6;6;1;1;2;3;0;3;3;0;24;
LaMarcus Aldridge;F;37:51;14;23;0;0;3;5;1;10;11;2;0;0;0;1;31;
JJ Hickson;C;21:05;6;11;0;0;0;0;5;1;6;2;1;0;2;2;12;
Wesley Matthews;G;34:15;1;9;0;6;0;0;0;1;1;3;1;0;1;2;2;
Damian Lillard;G;33:26;7;13;2;5;2;3;0;3;3;6;0;0;2;2;18;
Meyers Leonard;;18:57;0;3;0;0;1;2;2;1;3;1;0;0;0;1;1;
Nolan Smith;;14:35;2;7;0;0;2;2;3;2;5;2;1;0;1;3;6;
Victor Claver;;22:35;2;6;1;3;0;0;3;2;5;1;1;1;2;1;5;
Luke Babbitt;;7:57;1;3;1;3;0;0;0;3;3;0;0;0;0;0;3;
Will Barton;;8:23;0;1;0;1;1;2;0;1;1;1;0;0;0;0;1;
Joel Freeland;;3:54;0;0;0;0;0;0;0;0;0;0;0;0;0;0;0;
HOU
Chandler Parsons;F;38:13;8;14;4;8;0;0;0;3;3;3;2;1;2;2;20;
Patrick Patterson;F;27:08;8;11;0;1;0;0;1;5;6;1;0;2;0;1;16;
Omer Asik;C;30:58;3;9;0;0;3;4;5;8;13;0;0;4;0;4;9;
James Harden;G;37:47;13;16;4;5;5;6;1;6;7;11;1;0;3;2;35;
Jeremy Lin;G;26:04;6;10;2;3;2;4;0;0;0;4;0;0;2;1;16;
Cole Aldrich;;14:10;3;3;0;0;0;0;0;4;4;1;0;2;0;3;6;
Toney Douglas;;1:44;0;0;0;0;0;0;0;0;0;0;0;0;0;1;0;
Marcus Morris;;10:16;2;4;1;1;0;0;0;0;0;0;0;0;0;1;5;
Carlos Delfino;;21:43;2;7;1;5;0;0;0;0;0;1;0;0;0;2;5;
Patrick Beverley;;20:12;0;2;0;2;2;2;0;4;4;6;2;0;1;2;2;
James Anderson;;6:07;0;0;0;0;0;0;0;1;1;0;0;0;2;0;0;
Greg Smith;;2:49;2;2;0;0;0;0;0;1;1;0;0;0;0;0;4;
Donatas Motiejunas;;2:49;0;1;0;1;0;0;0;0;0;0;0;0;0;0;0;
