12-07;CHI-DET;108-104;
26-30;24-25;28-19;30-30;
CHI
Luol Deng;F;42:25;6;15;1;2;3;4;2;3;5;6;1;2;1;2;16;
Carlos Boozer;F;38:57;12;19;0;0;0;0;0;6;6;2;2;0;1;2;24;
Joakim Noah;C;43:26;12;19;0;0;6;7;10;13;23;6;2;2;2;3;30;
Marco Belinelli;G;39:58;6;13;2;6;2;2;1;2;3;3;0;0;2;4;16;
Kirk Hinrich;G;35:45;4;5;2;3;3;4;0;3;3;6;0;0;1;4;13;
Nate Robinson;;12:15;1;8;0;3;0;0;0;1;1;0;1;0;0;1;2;
Taj Gibson;;13:37;1;2;0;0;2;2;0;0;0;0;0;0;1;3;4;
Jimmy Butler;;13:37;1;1;0;0;1;2;0;0;0;0;0;0;0;1;3;
DET
Tayshaun Prince;F;34:29;4;9;0;0;5;6;0;2;2;1;0;0;0;0;13;
Jason Maxiell;F;27:02;2;5;0;0;2;4;1;8;9;0;1;0;0;2;6;
Greg Monroe;C;25:19;6;13;0;0;1;2;3;2;5;2;1;0;1;1;13;
Kyle Singler;G;23:38;1;6;0;2;0;0;0;3;3;0;0;0;1;3;2;
Brandon Knight;G;34:50;6;11;3;3;6;7;0;1;1;2;0;0;3;4;21;
Rodney Stuckey;;35:48;7;12;2;3;8;8;0;1;1;7;2;1;2;3;24;
Andre Drummond;;22:41;3;3;0;0;1;2;0;4;4;0;1;0;0;2;7;
Charlie Villanueva;;20:31;6;9;3;5;0;0;1;1;2;1;1;0;0;2;15;
Corey Maggette;;15:41;1;2;0;1;1;2;0;1;1;1;0;0;1;2;3;
