12-15;WAS-MIA;72-102;
14-26;22-24;10-29;26-23;
WAS
Chris Singleton;F;29:35;3;6;0;2;1;1;2;4;6;0;2;0;2;4;7;
Martell Webster;F;24:13;1;6;0;1;2;2;1;1;2;1;1;0;2;3;4;
Emeka Okafor;C;23:00;4;8;0;0;0;2;4;6;10;0;0;0;1;2;8;
Bradley Beal;G;37:32;6;18;2;6;5;6;0;3;3;0;1;0;3;1;19;
Jordan Crawford;G;34:45;2;12;1;5;0;0;0;1;1;6;3;0;6;1;5;
Shaun Livingston;;20:06;1;3;0;0;0;0;1;4;5;4;1;0;2;1;2;
Kevin Seraphin;;22:06;3;8;0;0;0;0;2;3;5;0;0;0;2;2;6;
Cartier Martin;;27:24;6;9;4;6;2;2;0;6;6;4;0;0;2;1;18;
Jan Vesely;;15:47;1;2;0;0;0;0;0;2;2;1;0;0;1;2;2;
Earl Barron;;5:32;0;0;0;0;1;2;0;0;0;0;0;0;0;1;1;
MIA
LeBron James;F;30:33;8;15;0;3;7;11;0;10;10;5;1;0;2;0;23;
Udonis Haslem;F;23:55;6;7;0;0;1;2;3;4;7;1;2;0;0;2;13;
Chris Bosh;C;26:10;5;7;0;2;2;2;2;3;5;3;1;0;2;2;12;
Dwyane Wade;G;26:29;5;8;0;0;3;4;0;3;3;6;2;0;1;2;13;
Mario Chalmers;G;31:40;4;8;1;4;0;0;0;5;5;3;0;0;3;1;9;
Shane Battier;;20:19;2;7;2;6;0;0;1;1;2;2;0;1;1;2;6;
Joel Anthony;;12:50;2;5;0;0;0;0;1;3;4;0;0;0;0;1;4;
Ray Allen;;15:57;2;4;2;3;0;0;1;1;2;1;1;0;0;2;6;
Norris Cole;;21:54;1;6;0;2;1;2;0;0;0;2;2;0;2;1;3;
Mike Miller;;10:14;1;3;1;3;0;0;0;1;1;1;0;0;0;0;3;
Rashard Lewis;;7:13;1;4;1;2;0;0;1;0;1;1;0;1;0;1;3;
James Jones;;7:13;1;2;1;2;0;0;0;0;0;0;0;0;1;0;3;
Dexter Pittman;;5:34;2;3;0;0;0;0;2;1;3;0;0;0;0;1;4;
