01-06;DEN-LAL;112-105;
34-26;26-34;29-23;23-22;
DEN
Danilo Gallinari;F;31:55;6;20;3;10;5;6;4;2;6;2;1;1;1;4;20;
Kenneth Faried;F;32:08;3;6;0;0;0;0;2;4;6;3;1;0;1;3;6;
Kosta Koufos;C;27:48;3;8;0;0;1;1;4;3;7;0;0;1;2;2;7;
Andre Iguodala;G;37:55;6;14;3;5;0;0;0;6;6;7;0;1;1;2;15;
Ty Lawson;G;33:05;9;18;1;2;2;3;1;1;2;10;3;0;0;0;21;
Corey Brewer;;22:56;6;14;1;6;1;3;1;5;6;1;2;1;1;1;14;
JaVale McGee;;26:21;7;9;0;0;3;7;3;3;6;0;3;2;1;4;17;
Andre Miller;;23:43;4;10;1;1;3;3;0;3;3;10;0;0;1;5;12;
Jordan Hamilton;;4:09;0;2;0;0;0;0;2;0;2;0;0;0;0;0;0;
LAL
Metta World Peace;F;38:48;5;13;4;9;2;4;3;1;4;0;1;4;3;5;16;
Pau Gasol;F;33:41;5;9;0;2;1;2;3;2;5;3;0;2;3;2;11;
Dwight Howard;C;41:19;6;7;0;1;2;6;3;23;26;0;1;4;4;3;14;
Kobe Bryant;G;42:12;11;26;3;8;4;4;1;4;5;7;0;0;2;2;29;
Steve Nash;G;35:12;3;8;1;3;3;3;2;1;3;13;1;1;5;0;10;
Antawn Jamison;;4:29;1;2;0;1;0;0;0;0;0;0;0;0;0;1;2;
Jodie Meeks;;16:37;3;7;2;5;0;0;0;0;0;1;1;0;1;3;8;
Jordan Hill;;15:25;4;9;0;0;5;6;1;4;5;1;0;0;0;2;13;
Chris Duhon;;12:17;0;1;0;1;0;0;0;0;0;5;0;0;0;2;0;
Earl Clark;;0:00;0;0;0;0;2;2;0;0;0;0;0;0;0;0;2;
