12-28;DEN-DAL;106-85;
29-18;26-29;32-23;19-15;
DEN
Danilo Gallinari;F;34:29;14;23;7;11;4;4;2;6;8;3;0;0;1;0;39;
Kenneth Faried;F;33:07;5;10;0;0;1;4;7;12;19;1;4;0;4;3;11;
Kosta Koufos;C;25:22;3;7;0;0;0;0;1;7;8;1;0;1;1;3;6;
Andre Iguodala;G;34:14;7;12;4;6;2;3;2;6;8;4;2;0;2;3;20;
Ty Lawson;G;36:46;5;14;1;3;0;0;1;3;4;6;0;0;5;4;11;
JaVale McGee;;16:05;3;7;0;0;0;0;0;4;4;0;0;1;0;3;6;
Andre Miller;;25:08;5;10;0;2;1;2;0;1;1;9;1;0;1;3;11;
Corey Brewer;;21:47;0;6;0;3;0;0;3;1;4;1;2;0;3;1;0;
Jordan Hamilton;;7:41;1;3;0;1;0;1;0;3;3;0;1;0;0;1;2;
Evan Fournier;;3:02;0;1;0;1;0;0;0;0;0;0;0;0;0;2;0;
Anthony Randolph;;2:20;0;1;0;1;0;0;1;0;1;0;0;0;0;1;0;
DAL
Dahntay Jones;F;9:59;0;4;0;1;2;4;1;1;2;0;0;0;0;3;2;
Shawn Marion;F;27:48;3;8;0;1;0;0;2;5;7;1;1;0;0;1;6;
Chris Kaman;C;19:06;6;14;0;0;0;0;2;6;8;1;0;0;0;1;12;
O.J. Mayo;G;37:46;6;13;1;5;2;2;1;1;2;3;5;0;6;1;15;
Darren Collison;G;32:33;5;11;0;2;0;0;0;3;3;4;1;0;1;3;10;
Vince Carter;;21:10;3;8;1;6;3;4;0;6;6;2;0;1;4;4;10;
Elton Brand;;8:39;0;2;0;0;0;0;2;1;3;0;0;1;0;1;0;
Dirk Nowitzki;;18:07;2;10;1;3;0;0;0;1;1;1;1;0;0;0;5;
Dominique Jones;;7:52;0;0;0;0;0;0;0;2;2;3;0;0;1;0;0;
Chris Douglas-Roberts;;14:30;2;4;0;1;2;4;0;2;2;0;0;0;0;0;6;
Rodrigue Beaubois;;7:50;1;1;1;1;0;0;0;0;0;0;0;0;0;0;3;
Brandan Wright;;20:15;4;6;0;0;2;3;3;1;4;1;0;3;0;0;10;
Jae Crowder;;14:25;1;7;1;5;3;4;2;1;3;1;1;0;2;1;6;
