11-26;POR-DET;101-108;
19-28;30-26;24-28;28-26;
POR
Nicolas Batum;F;37:47;2;9;1;3;2;2;1;9;10;2;1;0;2;3;7;
JJ Hickson;F;27:53;4;9;0;1;1;3;5;3;8;2;0;1;1;2;9;
LaMarcus Aldridge;C;40:37;12;22;0;1;8;10;6;4;10;2;3;3;1;5;32;
Wesley Matthews;G;36:51;5;12;3;7;6;9;0;2;2;3;3;2;1;4;19;
Damian Lillard;G;36:53;4;18;1;5;3;3;1;2;3;7;1;0;3;4;12;
Meyers Leonard;;20:30;3;4;0;0;2;2;2;2;4;0;0;3;1;1;8;
Jared Jeffries;;6:59;0;1;0;0;0;0;0;1;1;1;0;0;0;2;0;
Will Barton;;21:22;5;8;1;2;1;2;0;1;1;0;2;0;0;1;12;
Ronnie Price;;11:09;1;2;0;0;0;0;2;1;3;6;0;0;2;2;2;
DET
Tayshaun Prince;F;31:03;4;9;0;0;2;2;1;3;4;4;0;0;0;1;10;
Jason Maxiell;F;33:42;5;9;0;0;1;2;2;3;5;3;1;0;3;4;11;
Greg Monroe;C;32:56;8;16;0;0;4;8;3;7;10;3;1;1;3;2;20;
Kyle Singler;G;35:52;6;7;3;3;1;1;2;8;10;5;2;1;0;3;16;
Brandon Knight;G;32:33;9;17;3;6;5;5;1;5;6;2;0;0;5;4;26;
Andre Drummond;;14:14;1;6;0;0;0;0;3;3;6;0;0;2;1;4;2;
Rodney Stuckey;;23:28;4;6;1;2;2;3;0;1;1;4;0;0;1;0;11;
Charlie Villanueva;;15:06;4;6;2;4;0;0;0;3;3;2;2;0;0;4;10;
Corey Maggette;;16:02;0;2;0;0;0;1;0;2;2;3;0;1;2;3;0;
Will Bynum;;5:05;1;2;0;0;0;0;0;0;0;0;0;0;1;0;2;
