12-15;ORL-CHA;107-98;
29-21;27-27;25-29;26-21;
ORL
Maurice Harkless;F;20:59;1;1;0;0;0;0;0;3;3;1;0;4;1;3;2;
Glen Davis;F;34:21;7;11;0;0;6;8;1;3;4;2;0;0;2;5;20;
Nikola Vucevic;C;31:21;6;10;0;0;1;1;4;9;13;2;0;1;4;1;13;
Arron Afflalo;G;37:24;8;14;1;2;3;3;1;5;6;3;0;0;2;3;20;
Jameer Nelson;G;30:52;7;13;1;4;1;2;1;3;4;6;0;1;1;5;16;
JJ Redick;;30:34;4;10;3;9;3;3;0;4;4;3;0;0;1;2;14;
E'Twaun Moore;;21:46;3;9;0;2;0;0;2;0;2;5;1;2;1;2;6;
Andrew Nicholson;;16:33;4;7;0;0;0;0;0;3;3;0;0;0;0;3;8;
Gustavo Ayon;;13:45;3;4;0;0;2;2;2;2;4;3;0;0;2;1;8;
Ish Smith;;2:25;0;0;0;0;0;0;0;0;0;0;0;0;0;0;0;
CHA
Michael Kidd-Gilchrist;F;21:05;1;4;0;0;1;2;1;4;5;0;0;3;2;4;3;
Byron Mullens;F;36:32;4;11;1;3;3;6;1;3;4;1;1;1;2;0;12;
Bismack Biyombo;C;40:19;4;8;0;0;0;0;5;4;9;1;0;3;2;2;8;
Gerald Henderson;G;34:06;5;15;0;0;6;6;0;4;4;4;2;0;1;2;16;
Kemba Walker;G;37:44;11;20;2;5;8;9;0;2;2;7;1;0;2;1;32;
Brendan Haywood;;16:01;2;3;0;0;0;0;1;1;2;0;0;0;1;1;4;
Ben Gordon;;12:50;3;6;0;2;0;0;0;3;3;3;0;0;0;1;6;
Jeff Taylor;;16:10;1;1;1;1;0;0;0;1;1;0;0;0;0;4;3;
Ramon Sessions;;25:13;5;10;0;1;4;6;0;1;1;2;0;0;1;1;14;
