11-25;NOH-DEN;84-102;
23-26;18-25;20-32;23-19;
NOH
Al-Farouq Aminu;F;15:03;1;4;0;0;0;0;0;2;2;0;0;0;2;2;2;
Ryan Anderson;F;31:03;6;13;3;6;1;2;2;2;4;1;0;0;0;1;16;
Robin Lopez;C;26:10;6;12;0;0;2;4;4;1;5;1;2;4;0;0;14;
Roger Mason Jr.;G;14:32;1;4;1;2;0;0;1;0;1;0;1;0;1;2;3;
Greivis Vasquez;G;24:44;3;8;0;0;0;0;2;3;5;6;1;0;6;0;6;
Austin Rivers;;33:28;2;10;1;2;0;0;0;6;6;6;2;1;3;2;5;
Xavier Henry;;11:38;2;6;0;0;1;3;1;1;2;0;0;0;0;1;5;
Jason Smith;;18:30;3;8;0;0;0;0;0;2;2;2;0;1;1;1;6;
Lance Thomas;;15:08;0;4;0;0;3;6;2;1;3;0;0;0;0;4;3;
Brian Roberts;;23:16;7;12;0;2;3;3;1;1;2;5;0;0;0;1;17;
Darius Miller;;26:28;2;4;1;1;2;2;2;6;8;2;0;0;1;4;7;
DEN
Danilo Gallinari;F;26:27;3;9;1;4;2;2;0;4;4;4;1;0;1;2;9;
Kenneth Faried;F;27:21;7;8;0;0;0;0;2;10;12;0;2;2;0;2;14;
Kosta Koufos;C;20:49;1;3;0;0;2;2;2;2;4;2;1;5;0;2;4;
Andre Iguodala;G;31:12;8;13;3;4;4;7;1;1;2;3;0;0;3;0;23;
Ty Lawson;G;28:30;8;10;0;1;1;1;0;1;1;6;2;0;2;0;17;
Andre Miller;;20:51;0;1;0;0;4;4;0;1;1;7;1;0;3;4;4;
JaVale McGee;;11:16;3;8;0;0;2;3;2;4;6;1;0;1;1;0;8;
Corey Brewer;;27:50;3;10;0;1;2;2;0;2;2;2;1;0;1;1;8;
Timofey Mozgov;;15:55;2;4;0;0;0;0;2;5;7;0;0;2;2;6;4;
Jordan Hamilton;;12:00;3;6;1;3;0;0;0;2;2;1;1;1;1;1;7;
Evan Fournier;;10:54;2;2;0;0;0;0;0;0;0;0;0;0;0;1;4;
Anthony Randolph;;6:55;0;1;0;0;0;0;0;0;0;1;0;1;0;1;0;
