11-10;DAL-CHA;97-101;
21-24;34-20;18-24;18-23;6-10;
DAL
Jae Crowder;F;16:08;2;5;0;2;0;0;0;1;1;1;0;0;1;1;4;
Elton Brand;F;25:54;3;7;0;0;4;4;2;3;5;2;2;2;2;1;10;
Brandan Wright;C;22:34;3;7;0;0;2;4;2;6;8;3;2;0;1;1;8;
O.J. Mayo;G;42:44;6;12;2;3;8;8;0;1;1;2;1;0;2;5;22;
Darren Collison;G;39:10;7;14;0;0;0;0;0;3;3;6;0;0;5;4;14;
Chris Kaman;;27:03;2;5;0;0;2;2;0;6;6;0;0;2;1;2;6;
Troy Murphy;;30:01;3;9;2;5;0;0;1;6;7;1;0;1;3;2;8;
Rodrigue Beaubois;;11:36;0;1;0;0;1;2;0;3;3;2;0;0;1;0;1;
Dahntay Jones;;17:25;0;2;0;0;5;6;1;0;1;1;1;0;1;2;5;
Vince Carter;;30:11;6;15;5;8;2;2;0;5;5;3;3;1;2;5;19;
Dominique Jones;;2:14;0;2;0;1;0;2;2;1;3;0;0;1;0;1;0;
CHA
Michael Kidd-Gilchrist;F;41:04;8;12;0;0;9;10;5;7;12;0;1;2;0;4;25;
Byron Mullens;F;38:13;3;9;1;5;0;0;3;11;14;1;0;0;2;3;7;
Brendan Haywood;C;33:53;4;7;0;0;0;2;4;3;7;0;0;0;2;3;8;
Jeff Taylor;G;31:53;4;10;0;4;0;0;2;4;6;0;2;2;2;1;8;
Kemba Walker;G;41:16;10;22;0;2;6;8;3;3;6;7;8;0;4;4;26;
Ben Gordon;;20:25;4;14;2;4;1;4;0;1;1;2;0;0;1;6;11;
Bismack Biyombo;;10:04;0;0;0;0;0;0;0;1;1;0;0;1;1;0;0;
Tyrus Thomas;;14:47;2;2;0;0;0;0;1;1;2;0;0;0;1;1;4;
Ramon Sessions;;22:00;5;15;0;3;2;4;2;1;3;4;0;0;4;1;12;
Reggie Williams;;2:32;0;1;0;1;0;0;0;0;0;0;0;0;0;1;0;
Cory Higgins;;0:15;0;1;0;1;0;0;0;0;0;0;0;0;0;0;0;
DeSagana Diop;;8:38;0;2;0;0;0;0;1;0;1;1;1;1;0;0;0;
