02-03;LAL-DET;98-97;
32-27;30-24;16-21;20-25;
LAL
Metta World Peace;F;36:06;3;8;1;4;1;2;2;7;9;2;1;1;1;4;8;
Earl Clark;F;41:38;6;11;1;3;4;6;2;8;10;1;2;2;0;1;17;
Pau Gasol;C;40:29;10;18;0;0;3;4;2;8;10;3;2;0;2;1;23;
Kobe Bryant;G;37:05;8;20;0;3;2;3;0;3;3;5;2;0;3;0;18;
Steve Nash;G;33:33;5;10;0;2;1;3;1;4;5;10;0;0;4;4;11;
Antawn Jamison;;25:47;3;8;1;3;3;4;0;4;4;1;0;0;1;3;10;
Steve Blake;;15:17;2;5;2;3;0;0;0;0;0;2;1;0;1;1;6;
Jodie Meeks;;10:05;2;3;1;2;0;0;0;0;0;0;1;0;2;1;5;
DET
Kyle Singler;F;40:08;4;12;2;4;1;2;1;5;6;1;0;0;2;4;11;
Jason Maxiell;F;24:38;3;7;0;0;2;2;3;2;5;0;2;2;1;2;8;
Greg Monroe;C;32:28;9;14;0;0;2;2;1;11;12;2;0;2;4;1;20;
Rodney Stuckey;G;23:00;3;6;0;1;0;0;0;0;0;5;0;0;1;3;6;
Brandon Knight;G;33:37;3;13;0;3;4;4;1;4;5;7;3;0;3;2;10;
Jonas Jerebko;;10:26;2;3;1;1;0;0;1;3;4;0;0;0;0;0;5;
Andre Drummond;;23:22;4;10;0;0;1;4;2;9;11;1;2;4;0;2;9;
Will Bynum;;29:17;9;18;0;1;0;1;0;1;1;10;1;0;3;2;18;
Kim English;;7:31;0;0;0;0;0;0;0;1;1;0;1;0;0;2;0;
Charlie Villanueva;;15:32;4;9;2;4;0;0;1;1;2;0;1;0;0;0;10;
