03-01;DET-NOH;95-100;
27-23;22-24;20-27;26-26;
DET
Kyle Singler;F;28:38;3;7;2;3;2;2;1;3;4;0;1;0;1;2;10;
Jason Maxiell;F;30:35;5;6;0;0;0;1;3;3;6;3;1;2;1;2;10;
Greg Monroe;C;35:19;11;22;0;0;5;8;3;7;10;3;1;0;4;4;27;
Brandon Knight;G;37:28;10;18;2;7;0;0;1;3;4;3;2;0;2;1;22;
Jose Calderon;G;34:21;2;5;2;3;1;1;0;4;4;11;0;0;2;2;7;
Jonas Jerebko;;17:38;2;4;0;1;0;2;2;1;3;0;0;1;1;2;4;
Rodney Stuckey;;24:21;3;7;0;1;0;0;1;5;6;4;1;0;1;0;6;
Viacheslav Kravtsov;;5:19;1;1;0;0;0;0;0;0;0;1;0;0;1;2;2;
Will Bynum;;13:39;2;5;1;2;2;2;0;2;2;1;0;0;1;3;7;
Kim English;;5:45;0;1;0;1;0;0;0;0;0;0;0;0;0;1;0;
Charlie Villanueva;;6:57;0;2;0;1;0;0;0;1;1;0;0;0;0;2;0;
NOH
Al-Farouq Aminu;F;34:27;3;8;0;0;2;2;6;8;14;0;1;1;1;2;8;
Ryan Anderson;F;43:02;7;17;2;8;3;6;6;7;13;1;0;0;3;1;19;
Robin Lopez;C;31:12;5;12;0;0;0;0;3;2;5;0;0;5;1;4;10;
Eric Gordon;G;29:36;6;18;2;6;7;8;0;4;4;3;1;0;4;1;21;
Greivis Vasquez;G;35:54;8;15;2;3;7;7;1;3;4;9;2;0;0;4;25;
Xavier Henry;;6:53;0;0;0;0;0;0;0;1;1;0;1;0;1;0;0;
Austin Rivers;;26:54;3;4;0;1;1;4;0;1;1;3;0;0;0;0;7;
Roger Mason Jr.;;14:51;2;4;1;2;0;0;0;1;1;1;0;0;1;1;5;
Lance Thomas;;17:11;1;3;0;0;3;4;2;2;4;0;0;1;0;3;5;
