02-22;BOS-PHX;113-88;
28-20;25-21;28-26;32-21;
BOS
Paul Pierce;F;25:35;3;5;1;2;1;2;0;5;5;3;1;0;2;4;8;
Jeff Green;F;38:44;11;14;3;5;6;7;0;7;7;4;2;5;1;1;31;
Brandon Bass;C;31:57;3;8;0;0;0;0;3;3;6;0;0;0;1;3;6;
Courtney Lee;G;29:47;3;8;1;3;1;4;0;5;5;2;1;0;0;1;8;
Avery Bradley;G;26:37;6;12;0;2;1;2;1;3;4;2;4;0;2;3;13;
Jason Terry;;19:58;3;5;2;3;5;5;1;1;2;2;0;0;2;2;13;
Chris Wilcox;;21:37;7;9;0;0;0;0;4;4;8;0;0;1;1;2;14;
Terrence Williams;;24:45;4;8;1;2;0;1;0;4;4;4;0;0;2;2;9;
Jordan Crawford;;17:18;4;9;2;5;0;0;0;3;3;2;0;0;1;2;10;
Fab Melo;;3:42;0;1;0;0;1;2;0;1;1;0;0;0;0;0;1;
PHX
PJ Tucker;F;29:56;3;7;1;2;0;0;4;1;5;1;1;0;0;3;7;
Luis Scola;F;17:17;2;6;0;0;2;2;1;3;4;2;1;0;1;3;6;
Marcin Gortat;C;19:02;5;9;0;0;0;2;2;4;6;0;0;0;0;2;10;
Jared Dudley;G;28:38;3;6;1;2;0;2;1;1;2;7;0;0;2;0;7;
Goran Dragic;G;42:55;7;15;1;6;4;5;1;4;5;10;2;2;5;3;19;
Markieff Morris;;25:33;5;8;0;0;1;2;2;2;4;0;1;0;2;3;11;
Wesley Johnson;;10:54;1;4;0;2;1;2;0;4;4;0;0;0;0;1;3;
Michael Beasley;;15:20;2;8;0;0;2;3;0;5;5;0;0;0;2;1;6;
Jermaine O'Neal;;14:33;4;8;0;0;1;1;1;1;2;0;0;1;0;1;9;
Kendall Marshall;;19:37;1;7;0;5;0;0;0;0;0;4;0;0;1;1;2;
Diante Garrett;;9:43;0;3;0;1;1;2;0;1;1;2;1;0;0;0;1;
Marcus Morris;;6:32;2;3;1;1;2;2;0;2;2;0;2;0;0;1;7;
