11-09;CLE-PHX;105-107;
37-16;25-33;21-27;22-31;
CLE
Alonzo Gee;F;35:46;5;13;0;1;5;5;0;7;7;1;3;1;1;4;15;
Tristan Thompson;F;36:48;5;8;0;0;0;0;5;3;8;1;3;1;3;1;10;
Anderson Varejao;C;35:36;5;12;0;1;4;7;2;8;10;3;2;0;3;4;14;
Dion Waiters;G;31:01;9;13;3;5;2;2;0;1;1;2;1;1;1;1;23;
Kyrie Irving;G;37:41;4;9;1;3;8;9;0;4;4;8;1;1;7;5;17;
Samardo Samuels;;23:17;2;6;0;0;3;4;2;0;2;2;0;0;2;5;7;
Daniel Gibson;;22:07;7;9;5;7;0;0;0;2;2;0;1;0;1;4;19;
CJ Miles;;12:14;0;7;0;4;0;0;0;5;5;1;0;0;1;1;0;
Donald Sloan;;5:31;0;0;0;0;0;0;0;0;0;1;0;0;1;0;0;
PHX
Michael Beasley;F;25:13;4;14;1;4;0;0;1;3;4;5;1;0;3;4;9;
Luis Scola;F;24:31;2;6;0;0;1;2;1;5;6;1;2;1;4;1;5;
Marcin Gortat;C;36:47;4;6;0;0;4;5;0;8;8;0;3;5;0;3;12;
Jared Dudley;G;21:45;3;4;1;1;1;2;1;0;1;2;1;0;0;0;8;
Goran Dragic;G;34:26;9;16;0;3;8;10;0;0;0;4;2;0;3;2;26;
Shannon Brown;;26:15;8;13;2;4;4;4;2;2;4;1;1;0;4;1;22;
PJ Tucker;;24:27;4;7;0;0;0;0;4;3;7;3;2;0;2;4;8;
Markieff Morris;;24:18;0;9;0;1;4;6;1;6;7;1;0;0;1;3;4;
Sebastian Telfair;;22:18;4;6;2;4;3;4;2;3;5;4;0;0;0;1;13;
