01-21;LAL-CHI;83-95;
20-27;20-20;29-22;14-26;
LAL
Metta World Peace;F;38:39;4;11;1;4;3;4;3;5;8;1;4;3;1;3;12;
Earl Clark;F;34:39;6;13;0;1;0;0;4;4;8;0;0;2;0;1;12;
Dwight Howard;C;29:46;2;5;0;0;4;8;3;6;9;0;0;2;4;5;8;
Kobe Bryant;G;41:58;7;22;0;6;2;3;0;4;4;5;0;0;3;2;16;
Steve Nash;G;35:48;7;12;2;3;2;2;0;4;4;6;0;0;2;1;18;
Antawn Jamison;;15:24;0;1;0;1;2;2;1;2;3;0;0;0;1;0;2;
Pau Gasol;;25:32;6;14;0;1;3;4;3;9;12;2;0;2;2;3;15;
Chris Duhon;;12:12;0;2;0;1;0;0;0;0;0;1;1;0;2;1;0;
Darius Morris;;2:56;0;1;0;0;0;0;0;1;1;0;0;0;0;0;0;
Jodie Meeks;;3:06;0;0;0;0;0;0;1;0;1;0;0;0;0;0;0;
CHI
Jimmy Butler;F;43:29;4;10;0;1;2;2;3;5;8;4;1;0;0;2;10;
Carlos Boozer;F;34:45;7;17;0;0;0;0;4;2;6;2;0;2;2;0;14;
Joakim Noah;C;35:10;2;8;0;0;2;4;5;8;13;3;2;6;0;5;6;
Richard Hamilton;G;25:16;6;18;0;3;1;2;0;1;1;4;2;1;1;2;13;
Kirk Hinrich;G;33:28;9;11;3;4;1;2;0;7;7;8;1;0;1;3;22;
Nate Robinson;;14:32;4;7;3;4;0;0;0;0;0;2;3;0;3;2;11;
Taj Gibson;;13:15;2;8;0;0;0;0;1;0;1;1;0;1;0;1;4;
Marco Belinelli;;22:44;5;8;3;3;2;2;0;0;0;1;0;0;1;1;15;
Nazr Mohammed;;12:50;0;3;0;0;0;0;0;3;3;0;0;1;0;4;0;
Daequan Cook;;4:31;0;3;0;2;0;0;1;0;1;0;0;0;0;0;0;
