02-01;ORL-BOS;84-97;
18-25;17-21;24-26;25-25;
ORL
Maurice Harkless;F;30:17;4;10;0;2;0;0;4;4;8;2;2;0;0;2;8;
Andrew Nicholson;F;32:50;6;13;0;0;2;2;0;10;10;1;1;2;3;0;14;
Nikola Vucevic;C;32:15;6;12;0;0;2;2;5;9;14;1;0;2;1;4;14;
JJ Redick;G;32:59;5;15;2;5;3;3;0;2;2;5;2;0;3;0;15;
Jameer Nelson;G;18:30;1;6;0;3;0;0;0;0;0;2;1;0;2;1;2;
DeQuan Jones;;13:45;0;4;0;1;0;0;0;1;1;0;0;1;0;0;0;
Josh McRoberts;;7:46;0;2;0;1;0;0;0;2;2;0;0;0;0;1;0;
E'Twaun Moore;;24:21;6;14;1;3;1;1;1;3;4;4;1;0;3;1;14;
Ish Smith;;15:16;3;6;0;0;0;0;1;0;1;1;2;0;1;0;6;
Hedo Turkoglu;;17:50;0;6;0;4;0;0;0;0;0;1;1;0;0;1;0;
Gustavo Ayon;;7:07;0;1;0;0;0;0;1;1;2;1;0;1;1;2;0;
Kyle O'Quinn;;7:05;5;6;0;0;1;1;3;0;3;1;0;0;0;1;11;
BOS
Paul Pierce;F;28:46;5;10;1;4;3;6;0;11;11;7;1;0;3;2;14;
Brandon Bass;F;26:27;2;6;0;0;2;2;2;5;7;1;0;0;1;1;6;
Kevin Garnett;C;22:42;7;12;0;0;0;0;4;6;10;1;3;1;0;0;14;
Avery Bradley;G;20:19;3;9;0;2;0;0;0;2;2;2;0;0;2;3;6;
Courtney Lee;G;38:58;6;13;2;4;0;0;1;4;5;5;2;0;2;0;14;
Jason Collins;;11:09;0;0;0;0;0;0;2;1;3;0;0;0;2;1;0;
Jason Terry;;27:51;4;8;1;4;3;3;0;1;1;5;0;0;1;3;12;
Jeff Green;;29:07;8;14;0;1;1;3;1;3;4;4;1;3;3;2;17;
Leandro Barbosa;;26:46;6;11;0;3;0;0;0;2;2;4;0;0;0;0;12;
Chris Wilcox;;5:17;1;1;0;0;0;0;0;3;3;1;1;1;0;1;2;
Fab Melo;;2:38;0;0;0;0;0;0;0;0;0;0;1;0;0;0;0;
