02-23;CLE-ORL;118-94;
26-25;25-26;28-21;39-22;
CLE
Alonzo Gee;F;24:16;6;9;1;3;4;4;1;0;1;0;1;0;1;3;17;
Tristan Thompson;F;24:26;1;5;0;0;0;2;5;6;11;3;0;1;2;0;2;
Tyler Zeller;C;25:15;7;12;0;0;2;2;6;1;7;1;1;1;0;2;16;
Dion Waiters;G;26:02;5;16;1;3;1;2;2;2;4;4;1;0;0;3;12;
Kyrie Irving;G;29:36;4;9;0;1;4;4;0;3;3;9;1;0;1;2;12;
Marreese Speights;;22:45;4;8;0;1;10;12;2;6;8;1;1;1;0;2;18;
Shaun Livingston;;21:58;2;3;0;0;0;0;1;1;2;6;1;0;2;4;4;
Luke Walton;;17:23;1;2;0;0;0;0;0;1;1;3;0;0;1;1;2;
CJ Miles;;19:50;5;10;4;7;2;2;1;5;6;0;1;0;1;2;16;
Wayne Ellington;;22:18;6;10;3;6;0;0;0;4;4;1;0;0;0;1;15;
Kevin Jones;;6:11;2;3;0;0;0;0;0;0;0;0;1;1;2;0;4;
ORL
Maurice Harkless;F;35:14;6;13;1;2;0;3;3;2;5;0;1;1;0;3;13;
Andrew Nicholson;F;21:45;4;10;0;0;0;0;1;1;2;1;0;0;2;0;8;
Nikola Vucevic;C;29:51;3;3;0;0;0;0;1;6;7;3;0;0;2;1;6;
Arron Afflalo;G;29:54;6;12;1;5;3;5;1;2;3;3;0;1;3;3;16;
E'Twaun Moore;G;27:45;5;12;2;5;0;0;0;1;1;5;1;1;4;3;12;
Kyle O'Quinn;;13:35;2;3;0;0;2;3;1;6;7;2;0;1;0;5;6;
Beno Udrih;;26:58;3;7;0;1;4;5;2;1;3;7;2;0;1;0;10;
DeQuan Jones;;20:00;4;6;0;0;1;2;1;0;1;1;1;0;1;2;9;
Tobias Harris;;24:38;5;10;0;1;4;4;1;5;6;0;0;3;1;1;14;
Doron Lamb;;10:20;0;3;0;0;0;0;0;1;1;0;0;0;1;2;0;
