12-28;HOU-SAS;116-122;
29-41;36-28;27-29;24-24;
HOU
Chandler Parsons;F;43:42;11;15;2;5;0;0;2;6;8;5;1;1;5;2;24;
Marcus Morris;F;30:07;2;9;1;7;2;4;1;1;2;3;0;0;1;1;7;
Omer Asik;C;24:18;2;4;0;0;0;4;1;9;10;2;2;0;3;3;4;
James Harden;G;41:02;10;22;3;4;10;13;3;2;5;7;2;0;5;5;33;
Jeremy Lin;G;36:21;9;16;1;5;2;4;1;3;4;8;4;0;5;4;21;
Greg Smith;;6:35;2;2;0;0;0;0;1;0;1;0;0;0;2;3;4;
Toney Douglas;;28:05;5;12;4;10;0;0;1;3;4;2;1;0;1;2;14;
Daequan Cook;;12:43;1;2;0;1;1;1;0;1;1;0;1;0;0;0;3;
Cole Aldrich;;17:07;3;4;0;0;0;0;2;2;4;0;0;0;2;2;6;
SAS
Kawhi Leonard;F;26:32;1;3;0;1;0;0;0;5;5;0;2;1;0;1;2;
Tim Duncan;F;34:11;13;20;0;0;4;4;0;5;5;0;1;2;4;2;30;
Tiago Splitter;C;26:27;3;4;0;0;3;4;0;6;6;2;1;1;1;2;9;
Danny Green;G;27:21;5;8;5;7;2;2;0;5;5;1;0;1;3;4;17;
Tony Parker;G;38:39;11;19;0;0;9;10;1;4;5;10;2;0;3;3;31;
Boris Diaw;;20:03;1;2;0;0;0;0;3;1;4;4;0;0;1;0;2;
Manu Ginobili;;23:37;7;12;5;9;4;4;0;2;2;3;3;0;5;3;23;
Stephen Jackson;;27:08;2;5;1;3;0;0;0;2;2;1;3;0;0;5;5;
Nando De Colo;;4:25;0;1;0;1;0;0;0;0;0;0;0;0;2;0;0;
Patty Mills;;11:10;1;3;1;2;0;0;0;0;0;0;2;0;0;1;3;
DeJuan Blair;;0:27;0;0;0;0;0;0;0;0;0;0;0;0;0;0;0;
