11-05;POR-DAL;91-114;
27-31;28-26;24-26;12-31;
POR
Nicolas Batum;F;35:46;6;13;0;5;2;2;2;3;5;3;1;1;1;0;14;
LaMarcus Aldridge;F;32:12;9;19;0;1;2;3;1;6;7;2;1;1;0;0;20;
JJ Hickson;C;25:00;3;10;0;0;1;2;7;4;11;0;1;0;2;0;7;
Wesley Matthews;G;36:10;8;15;3;4;1;3;2;1;3;0;1;0;5;1;20;
Damian Lillard;G;32:47;2;13;1;8;8;8;1;2;3;5;1;0;1;2;13;
Ronnie Price;;17:51;2;4;0;1;0;0;1;1;2;1;0;0;1;5;4;
Sasha Pavlovic;;17:44;1;5;1;3;0;0;0;2;2;1;0;0;0;2;3;
Meyers Leonard;;23:00;3;7;0;0;0;0;4;5;9;1;0;1;1;1;6;
Jared Jeffries;;7:05;1;3;0;0;0;0;2;0;2;0;0;0;0;0;2;
Joel Freeland;;8:43;1;2;0;0;0;0;3;1;4;0;0;0;1;2;2;
Nolan Smith;;1:51;0;1;0;0;0;0;0;0;0;0;0;0;1;0;0;
Will Barton;;1:51;0;1;0;0;0;0;0;0;0;0;0;0;0;0;0;
DAL
Shawn Marion;F;24:15;4;6;0;0;0;0;0;7;7;3;1;2;1;1;8;
Elton Brand;F;23:33;4;7;0;0;0;0;1;4;5;2;1;0;1;5;8;
Brandan Wright;C;25:09;5;7;0;0;0;0;1;3;4;2;1;1;0;0;10;
O.J. Mayo;G;39:27;12;18;6;8;2;2;0;2;2;1;2;1;3;1;32;
Darren Collison;G;33:40;5;8;0;0;4;5;0;1;1;13;1;0;1;0;14;
Vince Carter;;22:16;3;9;2;5;0;0;0;3;3;0;2;1;0;3;8;
Troy Murphy;;16:01;1;4;0;3;1;2;0;5;5;1;0;0;0;1;3;
Chris Kaman;;24:20;8;10;0;0;0;0;0;6;6;0;0;0;2;2;16;
Dominique Jones;;14:21;3;4;0;1;0;2;0;1;1;6;3;0;1;1;6;
Jae Crowder;;14:17;3;5;2;3;1;2;0;2;2;0;1;0;0;1;9;
Dahntay Jones;;0:54;0;0;0;0;0;0;0;1;1;0;0;0;0;0;0;
Bernard James;;0:54;0;0;0;0;0;0;0;0;0;0;0;0;0;0;0;
Jared Cunningham;;0:54;0;0;0;0;0;0;0;0;0;1;0;0;0;0;0;
