02-08;BKN-WAS;74-89;
20-21;11-30;22-14;21-24;
BKN
Gerald Wallace;F;27:34;2;5;0;2;1;2;0;4;4;4;1;0;2;2;5;
Reggie Evans;F;32:39;3;7;0;0;3;6;5;8;13;1;1;0;1;2;9;
Brook Lopez;C;32:14;3;11;0;0;7;9;1;7;8;3;0;4;4;1;13;
Joe Johnson;G;33:56;6;12;1;4;1;1;1;2;3;2;0;0;2;1;14;
Deron Williams;G;40:16;7;20;3;6;3;4;1;5;6;5;2;0;1;1;20;
Andray Blatche;;15:46;2;9;0;1;1;6;2;2;4;1;3;0;1;2;5;
Kris Humphries;;8:47;1;2;0;0;0;0;0;3;3;0;0;1;2;1;2;
Keith Bogans;;22:04;1;3;1;3;0;0;0;3;3;0;0;0;1;2;3;
MarShon Brooks;;10:36;0;3;0;1;0;0;0;1;1;1;0;0;1;0;0;
CJ Watson;;7:44;0;3;0;1;0;0;0;1;1;0;0;0;0;2;0;
Mirza Teletovic;;6:34;0;1;0;0;0;0;0;1;1;0;1;0;0;0;0;
Tyshawn Taylor;;1:50;0;0;0;0;3;4;0;0;0;0;1;0;0;0;3;
WAS
Martell Webster;F;32:41;6;9;3;5;1;2;0;4;4;2;3;0;0;3;16;
Nene;F;33:39;9;13;0;0;2;2;0;11;11;1;1;2;1;2;20;
Emeka Okafor;C;25:30;3;8;0;0;0;0;1;7;8;0;0;0;3;2;6;
Garrett Temple;G;16:16;1;4;0;1;0;0;0;1;1;1;1;0;0;2;2;
John Wall;G;33:01;6;17;0;0;3;3;1;3;4;9;4;0;2;5;15;
A.J. Price;;13:50;2;5;2;3;0;0;0;0;0;4;1;0;2;1;6;
Bradley Beal;;17:38;1;5;1;2;0;0;1;3;4;1;0;0;3;0;3;
Kevin Seraphin;;13:51;1;2;0;0;2;2;1;3;4;0;0;0;0;5;4;
Trevor Ariza;;29:55;4;9;1;4;0;0;1;4;5;0;0;0;0;0;9;
Chris Singleton;;22:30;2;7;0;1;2;2;0;4;4;1;1;2;0;3;6;
Jan Vesely;;1:09;1;1;0;0;0;0;0;0;0;0;0;0;1;2;2;
