01-22;BOS-CLE;90-95;
27-31;26-23;20-16;17-25;
BOS
Paul Pierce;F;36:49;3;15;1;4;5;6;4;3;7;7;2;0;4;0;12;
Brandon Bass;F;27:33;4;7;0;0;0;0;2;4;6;1;0;0;2;2;8;
Kevin Garnett;C;30:40;5;13;0;0;6;6;0;5;5;3;1;5;2;3;16;
Avery Bradley;G;25:39;2;4;2;2;1;2;1;0;1;1;0;1;1;3;7;
Rajon Rondo;G;37:39;7;17;0;2;3;4;3;10;13;8;0;0;5;2;17;
Jared Sullinger;;26:17;5;11;0;0;2;2;5;5;10;0;0;1;0;6;12;
Jason Terry;;19:46;2;5;0;2;0;0;0;0;0;1;1;0;1;0;4;
Jeff Green;;21:21;1;3;1;2;2;2;0;3;3;1;0;1;1;0;5;
Courtney Lee;;14:16;3;9;3;5;0;0;1;2;3;2;1;0;0;2;9;
CLE
Alonzo Gee;F;30:56;3;7;0;1;4;6;1;5;6;2;1;0;0;2;10;
Tristan Thompson;F;39:39;9;18;0;0;3;3;2;7;9;5;1;1;1;3;21;
Tyler Zeller;C;37:45;2;10;0;0;2;2;3;7;10;4;0;3;2;6;6;
Dion Waiters;G;33:19;3;12;1;4;0;0;1;1;2;3;1;0;0;1;7;
Kyrie Irving;G;37:55;16;24;1;3;7;7;0;3;3;5;2;0;5;5;40;
Daniel Gibson;;14:59;0;3;0;3;0;0;0;2;2;1;1;1;1;3;0;
Luke Walton;;17:60;3;3;0;0;1;2;1;2;3;7;1;0;2;0;7;
Shaun Livingston;;17:39;0;2;0;0;2;2;0;1;1;1;0;1;1;0;2;
Omri Casspi;;9:48;1;3;0;1;0;0;0;3;3;0;0;1;1;2;2;
