01-18;TOR-PHI;101-108;
28-20;32-23;13-29;23-24;5-12;
TOR
Landry Fields;F;13:10;1;3;0;0;0;0;1;1;2;0;0;1;1;0;2;
Ed Davis;F;41:55;8;15;0;0;2;3;2;8;10;6;1;2;3;0;18;
Amir Johnson;C;46:33;4;8;0;0;1;2;2;3;5;5;2;0;3;3;9;
DeMar DeRozan;G;33:20;4;10;0;3;0;0;0;4;4;0;1;1;2;0;8;
Jose Calderon;G;19:41;5;7;3;5;0;0;0;1;1;4;0;0;2;2;13;
Alan Anderson;;34:20;6;17;2;5;4;5;1;4;5;2;1;0;1;0;18;
Quincy Acy;;14:50;2;3;0;0;0;0;2;1;3;0;0;1;1;5;4;
Kyle Lowry;;35:46;3;11;2;7;3;3;1;4;5;11;0;0;5;6;11;
Terrence Ross;;25:24;7;14;4;5;0;0;1;6;7;1;1;0;0;3;18;
PHI
Evan Turner;F;39:18;3;8;1;2;1;2;0;2;2;7;0;0;2;6;8;
Thaddeus Young;F;44:58;13;19;0;0;1;2;4;10;14;2;3;1;3;1;27;
Lavoy Allen;C;30:22;6;9;0;0;0;0;1;5;6;1;0;3;1;1;12;
Jason Richardson;G;27:37;3;11;1;6;0;0;0;2;2;1;0;0;0;3;7;
Jrue Holiday;G;45:30;13;23;1;4;6;8;1;4;5;14;3;0;3;3;33;
Spencer Hawes;;26:35;5;8;0;2;2;2;4;1;5;3;0;1;2;1;12;
Royal Ivey;;4:46;0;0;0;0;0;0;0;1;1;0;0;0;0;1;0;
Dorell Wright;;4:57;0;1;0;0;0;0;0;0;0;0;0;0;0;1;0;
Damien Wilkins;;11:37;0;1;0;0;0;0;0;0;0;1;0;1;0;2;0;
Nick Young;;29:20;4;11;1;5;0;0;0;4;4;1;0;0;0;0;9;
