01-21;WAS-POR;98-95;
34-31;16-20;19-13;29-31;
WAS
Martell Webster;F;38:15;8;11;4;6;4;4;0;4;4;6;0;0;2;1;24;
Nene;F;32:20;10;17;0;0;4;5;4;5;9;5;4;0;1;2;24;
Emeka Okafor;C;29:33;6;11;0;0;1;4;4;9;13;3;0;1;2;1;13;
Bradley Beal;G;25:49;1;7;0;2;0;0;1;4;5;1;0;0;2;2;2;
A.J. Price;G;21:38;2;7;0;3;0;0;0;1;1;4;0;0;0;1;4;
Jordan Crawford;;22:11;5;8;3;4;0;0;0;1;1;1;0;0;1;3;13;
John Wall;;26:22;2;8;0;0;2;2;0;3;3;2;1;0;4;3;6;
Trevor Booker;;9:40;1;2;0;0;1;2;0;1;1;0;0;0;1;3;3;
Kevin Seraphin;;15:27;3;9;0;0;0;0;2;1;3;0;0;0;1;1;6;
Trevor Ariza;;18:45;1;4;1;4;0;0;0;4;4;1;1;0;1;1;3;
POR
Nicolas Batum;F;40:46;5;10;0;3;2;2;3;7;10;11;3;2;2;3;12;
LaMarcus Aldridge;F;38:53;6;15;0;0;5;6;2;10;12;3;2;0;1;3;17;
JJ Hickson;C;28:04;7;10;0;0;2;3;2;4;6;1;0;1;4;1;16;
Wesley Matthews;G;34:39;6;14;3;8;2;2;0;1;1;1;0;0;1;2;17;
Damian Lillard;G;37:33;7;17;2;6;2;2;1;2;3;5;0;0;3;2;18;
Meyers Leonard;;12:28;3;3;0;0;0;1;1;3;4;0;0;0;1;4;6;
Luke Babbitt;;16:35;1;5;1;4;0;0;0;2;2;0;0;0;0;0;3;
Victor Claver;;9:19;1;5;0;1;1;2;1;2;3;0;0;0;0;2;3;
Ronnie Price;;10:27;1;2;1;2;0;0;0;1;1;4;0;0;1;0;3;
Will Barton;;11:16;0;0;0;0;0;0;0;0;0;0;0;0;0;0;0;
