01-04;IND-BOS;75-94;
16-15;19-32;16-22;24-25;
IND
Paul George;F;31:52;4;18;0;5;1;3;2;5;7;4;3;0;3;2;9;
David West;F;28:30;4;18;0;1;2;2;3;7;10;1;2;1;3;0;10;
Roy Hibbert;C;24:24;3;6;0;0;1;2;2;8;10;0;0;1;3;2;7;
Lance Stephenson;G;30:19;1;6;1;3;2;4;2;1;3;3;2;1;1;0;5;
D.J. Augustin;G;29:31;2;4;1;1;1;1;0;1;1;4;0;0;2;2;6;
Tyler Hansbrough;;22:56;7;11;0;0;5;8;2;2;4;0;1;0;2;2;19;
Gerald Green;;21:49;1;8;0;4;1;2;0;2;2;2;0;1;0;2;3;
Ian Mahinmi;;17:42;2;5;0;0;0;2;3;1;4;0;0;2;2;3;4;
Ben Hansbrough;;18:29;1;4;1;2;2;2;0;3;3;0;0;0;2;0;5;
Orlando Johnson;;12:00;2;3;1;1;2;2;1;1;2;0;0;1;0;1;7;
Jeff Ayres;;2:28;0;2;0;0;0;0;1;0;1;0;0;0;0;1;0;
BOS
Paul Pierce;F;28:59;5;10;2;3;1;3;1;5;6;5;1;1;1;2;13;
Brandon Bass;F;22:28;1;5;0;0;2;2;2;6;8;1;1;2;3;4;4;
Kevin Garnett;C;24:08;8;16;0;0;2;2;1;6;7;2;1;0;2;5;18;
Avery Bradley;G;22:42;3;11;0;2;0;0;0;1;1;1;1;1;0;1;6;
Rajon Rondo;G;29:39;9;14;0;0;0;2;0;5;5;7;2;1;3;0;18;
Jason Collins;;15:24;0;0;0;0;1;2;2;0;2;0;0;1;0;3;1;
Jared Sullinger;;29:43;2;7;0;0;3;6;4;6;10;1;0;1;2;6;7;
Jeff Green;;19:01;1;4;0;0;0;0;0;2;2;1;0;1;1;3;2;
Jason Terry;;14:38;2;8;1;3;1;1;0;2;2;1;1;0;0;0;6;
Courtney Lee;;23:05;6;9;1;1;0;0;2;3;5;2;1;0;1;2;13;
Leandro Barbosa;;5:56;3;4;0;0;0;0;0;0;0;0;1;0;1;2;6;
Jarvis Varnado;;4:17;0;1;0;0;0;0;0;1;1;1;0;0;0;0;0;
