03-04;NYK-CLE;102-97;
24-34;25-27;21-13;32-23;
NYK
Carmelo Anthony;F;14:15;1;5;0;1;4;4;0;1;1;0;0;1;3;0;6;
James White;F;4:08;1;2;0;1;0;0;0;1;1;0;0;0;0;0;2;
Tyson Chandler;C;34:34;4;8;0;0;0;0;3;6;9;2;1;1;1;2;8;
Iman Shumpert;G;19:03;3;6;2;3;0;0;0;0;0;0;1;0;0;1;8;
Raymond Felton;G;33:23;3;9;1;4;1;2;1;2;3;10;1;2;3;2;8;
Amar'e Stoudemire;;31:55;10;15;0;0;2;2;2;4;6;2;0;1;4;4;22;
J.R. Smith;;37:32;6;17;1;7;5;6;1;6;7;7;1;0;1;2;18;
Jason Kidd;;29:57;3;7;3;5;3;4;3;5;8;1;3;0;1;4;12;
Steve Novak;;20:10;4;7;4;7;3;3;1;2;3;0;1;0;0;3;15;
Marcus Camby;;6:45;0;0;0;0;0;0;0;0;0;0;1;0;1;0;0;
Pablo Prigioni;;8:18;1;2;1;2;0;0;1;1;2;1;0;0;2;0;3;
CLE
Alonzo Gee;F;29:40;3;9;1;4;3;4;1;2;3;1;2;0;1;6;10;
Tristan Thompson;F;31:42;6;9;0;0;2;4;2;6;8;0;0;1;2;3;14;
Marreese Speights;C;31:54;10;14;0;0;3;4;2;6;8;0;1;0;1;2;23;
Wayne Ellington;G;26:32;2;7;1;4;2;2;0;2;2;0;0;0;1;0;7;
Kyrie Irving;G;36:15;9;20;2;5;2;4;1;4;5;6;1;0;3;3;22;
Luke Walton;;28:34;1;1;0;0;0;0;0;0;0;12;1;0;2;2;2;
Shaun Livingston;;23:16;3;5;0;0;2;2;0;1;1;5;1;1;1;0;8;
CJ Miles;;22:11;3;7;2;6;3;4;0;2;2;1;2;0;1;0;11;
Daniel Gibson;;9:57;0;1;0;1;0;0;0;2;2;0;1;0;2;2;0;
