12-22;CHI-ATL;75-92;
21-17;16-36;17-25;21-14;
CHI
Luol Deng;F;33:48;5;14;0;1;1;1;0;2;2;3;0;0;0;0;11;
Carlos Boozer;F;22:10;2;6;0;0;4;4;0;4;4;0;1;0;0;2;8;
Joakim Noah;C;33:48;5;9;0;0;0;0;2;7;9;1;1;1;6;2;10;
Marco Belinelli;G;22:25;2;5;0;1;0;0;0;1;1;0;1;0;2;2;4;
Kirk Hinrich;G;25:50;3;11;1;4;0;0;0;1;1;4;1;0;1;4;7;
Jimmy Butler;;27:47;4;5;1;1;0;0;2;3;5;2;1;0;0;1;9;
Taj Gibson;;17:30;2;5;0;0;0;0;2;3;5;2;0;1;2;0;4;
Nate Robinson;;22:10;3;8;2;4;1;1;0;1;1;5;3;1;0;1;9;
Marquis Teague;;16:13;4;8;0;1;0;2;0;1;1;3;0;0;2;0;8;
Nazr Mohammed;;12:00;1;3;0;0;0;0;0;1;1;0;1;0;1;1;2;
Vladimir Radmanovic;;6:19;1;2;1;2;0;0;0;1;1;0;1;0;1;1;3;
ATL
Kyle Korver;F;26:59;4;8;3;6;2;2;2;4;6;1;0;0;0;3;13;
Josh Smith;F;31:58;6;12;0;1;0;0;3;2;5;4;3;2;1;0;12;
Al Horford;C;33:56;9;12;0;0;2;2;3;7;10;2;0;1;1;2;20;
Lou Williams;G;31:05;6;12;3;6;1;1;0;4;4;3;0;1;2;1;16;
Jeff Teague;G;29:51;5;12;1;2;0;0;0;3;3;8;0;0;4;0;11;
Anthony Morrow;;20:57;3;7;0;1;1;1;2;0;2;1;0;0;0;1;7;
Anthony Tolliver;;16:07;0;1;0;1;1;2;0;2;2;0;0;0;0;1;1;
Zaza Pachulia;;21:07;2;6;0;0;2;2;1;7;8;4;3;0;2;0;6;
Ivan Johnson;;14:46;3;4;0;0;0;0;0;4;4;0;0;0;1;0;6;
Mike Scott;;6:55;0;1;0;0;0;0;1;0;1;0;1;0;4;1;0;
John Jenkins;;6:19;0;2;0;2;0;0;0;0;0;1;0;0;1;0;0;
