01-11;DET-MIL;103-87;
25-20;16-29;33-11;29-27;
DET
Tayshaun Prince;F;28:00;3;12;0;0;0;0;0;5;5;4;0;0;0;2;6;
Jason Maxiell;F;26:54;5;6;0;0;0;2;2;5;7;0;1;0;1;0;10;
Greg Monroe;C;34:33;11;19;0;0;4;8;3;8;11;2;0;0;1;1;26;
Kyle Singler;G;22:58;3;5;1;3;3;3;3;1;4;3;0;1;3;1;10;
Brandon Knight;G;34:22;7;16;3;7;3;3;0;4;4;5;2;0;0;2;20;
Rodney Stuckey;;22:27;2;7;1;2;2;3;1;3;4;4;1;2;3;2;7;
Austin Daye;;20:00;1;5;1;4;4;4;0;1;1;2;2;0;1;2;7;
Andre Drummond;;16:59;4;7;0;0;0;0;4;7;11;1;1;4;1;0;8;
Charlie Villanueva;;17:33;3;7;2;6;0;0;0;3;3;0;1;1;0;0;8;
Will Bynum;;13:38;0;4;0;0;1;2;0;0;0;3;0;0;1;2;1;
Kim English;;2:36;0;2;0;0;0;0;1;0;1;0;0;0;1;1;0;
MIL
Luc Mbah a Moute;F;22:11;2;7;0;0;2;2;1;5;6;1;1;1;2;1;6;
Ersan Ilyasova;F;26:43;4;14;0;3;0;0;1;5;6;1;0;2;0;3;8;
Larry Sanders;C;18:34;1;3;0;0;1;1;1;4;5;1;0;3;0;3;3;
Monta Ellis;G;27:06;6;12;0;2;1;2;2;2;4;5;1;0;3;2;13;
Brandon Jennings;G;29:01;5;13;1;4;4;5;1;2;3;1;2;0;0;3;15;
Marquis Daniels;;12:57;0;2;0;1;1;2;0;2;2;0;1;0;0;0;1;
Ekpe Udoh;;15:21;0;1;0;0;0;0;2;1;3;0;0;2;0;2;0;
Beno Udrih;;26:56;7;10;0;1;1;1;0;2;2;3;0;0;2;2;15;
Mike Dunleavy;;20:50;2;6;0;4;0;0;0;2;2;1;0;1;1;0;4;
John Henson;;11:20;3;6;0;0;0;0;1;3;4;1;0;0;0;1;6;
Samuel Dalembert;;12:02;2;5;0;0;2;4;2;5;7;0;0;3;1;1;6;
Drew Gooden;;12:00;4;10;0;1;0;0;1;1;2;1;0;0;1;0;8;
Tobias Harris;;4:59;0;2;0;0;2;2;1;1;2;1;1;0;2;1;2;
