01-20;BOS-DET;88-103;
18-27;30-25;23-29;17-22;
BOS
Paul Pierce;F;36:02;5;10;0;1;0;0;0;8;8;2;2;1;2;3;10;
Brandon Bass;F;10:20;0;3;0;0;0;0;1;1;2;0;0;0;1;2;0;
Kevin Garnett;C;29:44;5;11;0;0;6;8;1;6;7;0;2;2;1;3;16;
Avery Bradley;G;19:12;3;8;0;2;0;0;0;0;0;0;1;0;0;3;6;
Rajon Rondo;G;36:15;4;16;0;0;0;0;3;6;9;15;3;0;9;5;8;
Jared Sullinger;;22:17;3;7;0;0;1;2;4;3;7;0;0;0;0;5;7;
Jason Collins;;7:51;0;1;0;0;2;2;0;1;1;0;1;0;1;2;2;
Courtney Lee;;27:17;6;12;2;5;2;2;1;2;3;2;3;0;1;3;16;
Jeff Green;;29:37;4;9;1;4;6;9;1;1;2;2;1;1;1;1;15;
Jason Terry;;14:08;1;3;1;3;1;2;0;1;1;1;0;0;1;4;4;
Leandro Barbosa;;7:17;2;3;0;0;0;0;0;2;2;0;0;0;1;2;4;
DET
Tayshaun Prince;F;37:32;6;13;2;2;0;0;0;4;4;1;0;0;2;1;14;
Jason Maxiell;F;23:50;2;4;0;0;2;2;1;4;5;1;1;4;1;2;6;
Greg Monroe;C;38:09;6;12;0;0;3;4;4;7;11;5;1;0;2;1;15;
Kyle Singler;G;35:22;4;11;2;5;3;3;4;4;8;5;3;1;3;4;13;
Brandon Knight;G;30:43;5;12;2;6;3;6;0;6;6;5;1;0;7;1;15;
Rodney Stuckey;;20:27;1;4;1;2;0;0;0;1;1;1;1;1;2;3;3;
Andre Drummond;;20:19;5;6;0;0;6;8;2;5;7;0;1;1;0;2;16;
Will Bynum;;21:28;5;12;0;1;5;8;1;1;2;5;1;0;1;4;15;
Charlie Villanueva;;8:05;2;4;2;3;0;0;0;5;5;0;0;0;1;2;6;
Austin Daye;;4:05;0;0;0;0;0;0;0;1;1;1;0;0;1;3;0;
