11-16;DAL-IND;83-103;
24-24;25-24;18-28;16-27;
DAL
Shawn Marion;F;25:16;1;5;0;0;0;0;1;6;7;3;0;0;2;1;2;
Elton Brand;F;21:20;3;8;0;0;1;1;0;4;4;2;0;2;0;2;7;
Chris Kaman;C;26:55;4;12;0;0;0;0;2;8;10;0;0;1;2;2;8;
O.J. Mayo;G;32:11;6;13;2;3;5;6;1;2;3;3;0;0;3;2;19;
Darren Collison;G;32:07;3;10;0;3;4;4;0;2;2;4;0;0;0;2;10;
Vince Carter;;17:32;3;8;0;3;4;6;0;0;0;0;0;0;0;1;10;
Rodrigue Beaubois;;19:21;0;4;0;1;2;2;0;4;4;2;0;0;1;3;2;
Bernard James;;16:20;2;4;0;0;5;6;3;4;7;0;0;2;1;2;9;
Troy Murphy;;20:18;2;5;0;1;0;0;1;2;3;0;2;0;0;4;4;
Dahntay Jones;;6:41;1;4;0;1;0;0;0;0;0;1;0;0;0;1;2;
Jae Crowder;;10:52;2;3;0;1;0;0;0;3;3;0;0;0;2;1;4;
Brandan Wright;;11:07;3;5;0;0;0;0;0;1;1;1;1;0;0;2;6;
IND
Paul George;F;26:00;4;11;1;3;2;2;0;5;5;2;2;0;2;4;11;
David West;F;26:46;5;9;0;0;5;8;1;6;7;2;1;1;1;1;15;
Roy Hibbert;C;28:39;5;15;0;0;4;7;5;3;8;2;2;2;0;3;14;
Lance Stephenson;G;25:07;5;9;2;3;0;0;0;1;1;3;1;0;1;1;12;
George Hill;G;33:44;5;7;1;1;4;6;0;5;5;7;2;0;2;0;15;
Gerald Green;;21:27;2;6;0;2;1;1;0;5;5;0;0;0;0;0;5;
Tyler Hansbrough;;23:23;3;7;0;0;2;5;3;3;6;0;0;0;0;2;8;
Ian Mahinmi;;12:30;3;6;0;0;1;2;1;0;1;1;0;0;0;4;7;
Sam Young;;21:05;6;11;2;7;0;0;0;4;4;2;2;0;0;0;14;
D.J. Augustin;;14:16;0;0;0;0;0;0;0;1;1;4;1;1;0;0;0;
Orlando Johnson;;2:21;0;0;0;0;0;0;0;1;1;0;0;0;1;0;0;
Jeff Ayres;;2:21;1;1;0;0;0;0;0;2;2;0;0;1;1;0;2;
Miles Plumlee;;2:21;0;1;0;0;0;0;0;0;0;0;0;0;0;0;0;
