02-28;MIN-LAL;94-116;
22-28;25-29;28-34;19-25;
MIN
Dante Cunningham;F;32:41;2;7;0;0;1;2;0;3;3;0;2;1;0;2;5;
Derrick Williams;F;39:19;6;14;1;4;2;2;0;8;8;1;0;1;3;2;15;
Nikola Pekovic;C;9:19;4;6;0;0;0;0;1;2;3;0;0;0;1;0;8;
Luke Ridnour;G;32:50;7;10;2;4;3;3;0;1;1;4;1;3;0;1;19;
Ricky Rubio;G;32:57;5;11;1;3;2;2;3;5;8;13;1;0;4;2;13;
Alexey Shved;;20:17;1;8;1;5;2;2;0;1;1;1;2;0;1;2;5;
Mickael Gelabale;;16:17;1;3;0;2;0;0;1;3;4;0;2;0;0;1;2;
Jose Juan Barea;;25:29;8;14;2;3;2;2;1;3;4;5;0;0;2;1;20;
Greg Stiemsma;;12:57;1;3;0;0;0;0;0;1;1;1;0;0;1;5;2;
Chris Johnson;;17:54;2;5;0;0;1;2;0;2;2;1;1;1;0;3;5;
LAL
Metta World Peace;F;28:22;2;7;2;4;0;0;0;4;4;2;1;0;1;4;6;
Earl Clark;F;29:51;1;3;0;0;2;2;1;3;4;4;3;2;2;2;4;
Dwight Howard;C;33:24;5;6;0;0;1;4;3;10;13;1;1;4;3;5;11;
Kobe Bryant;G;31:33;13;22;4;8;3;7;1;4;5;5;2;0;3;1;33;
Steve Nash;G;24:47;4;12;2;4;0;0;0;0;0;7;0;0;0;0;10;
Antawn Jamison;;26:24;7;11;1;1;2;4;5;3;8;0;0;0;2;2;17;
Jodie Meeks;;22:23;5;11;4;9;2;2;2;1;3;1;0;0;1;0;16;
Steve Blake;;24:59;4;6;3;5;2;2;1;6;7;6;0;0;0;3;13;
Chris Duhon;;5:47;0;1;0;1;0;0;0;0;0;3;0;0;1;2;0;
Darius Morris;;5:03;0;1;0;0;0;0;0;1;1;1;0;0;0;1;0;
Robert Sacre;;5:03;2;2;0;0;0;0;0;1;1;0;0;0;0;0;4;
Devin Ebanks;;2:24;1;1;0;0;0;0;0;3;3;0;0;0;1;0;2;
