01-03;SAS-NYK;83-100;
19-22;21-20;20-25;23-33;
SAS
Tim Duncan;F;23:52;4;8;0;0;3;4;2;4;6;0;1;2;3;1;11;
Kawhi Leonard;F;30:05;3;8;1;5;0;0;1;2;3;2;0;0;0;1;7;
Tiago Splitter;C;27:04;1;4;0;0;5;5;1;2;3;0;1;3;1;3;7;
Danny Green;G;21:11;3;8;2;6;1;2;1;4;5;1;2;0;0;1;9;
Tony Parker;G;23:52;5;11;1;2;0;0;0;3;3;6;0;0;1;0;11;
Stephen Jackson;;2:50;0;2;0;2;0;0;0;0;0;0;0;0;0;0;0;
Boris Diaw;;25:39;1;2;0;1;2;2;0;4;4;2;2;0;2;1;4;
Manu Ginobili;;23:54;2;10;2;5;2;2;0;1;1;1;1;0;2;3;8;
Gary Neal;;23:09;3;11;1;5;5;6;0;2;2;1;1;0;2;1;12;
Matt Bonner;;13:53;0;6;0;5;0;0;1;1;2;1;0;0;0;0;0;
Patty Mills;;15:16;2;3;1;2;0;0;1;3;4;0;0;0;1;0;5;
Nando De Colo;;9:15;4;4;1;1;0;0;0;2;2;0;0;0;1;0;9;
NYK
Carmelo Anthony;F;35:49;9;20;2;5;3;4;2;6;8;3;0;0;2;1;23;
Marcus Camby;F;15:35;1;1;0;0;0;0;0;6;6;1;0;1;1;2;2;
Tyson Chandler;C;31:30;3;4;0;0;4;5;3;11;14;4;0;1;3;3;10;
Ronnie Brewer;G;15:53;2;4;2;2;0;0;0;2;2;1;0;0;0;0;6;
Jason Kidd;G;20:54;2;5;1;4;0;0;0;2;2;3;2;0;1;1;5;
Amar'e Stoudemire;;20:57;4;10;0;0;2;4;1;1;2;0;1;0;2;2;10;
J.R. Smith;;27:15;9;17;1;6;1;3;2;3;5;3;1;1;0;3;20;
Pablo Prigioni;;27:19;3;9;0;1;0;0;0;2;2;9;3;1;1;2;6;
Chris Copeland;;18:25;1;5;1;2;0;0;1;2;3;2;1;1;2;3;3;
Steve Novak;;21:48;5;7;5;7;0;0;0;2;2;0;2;0;0;1;15;
James White;;4:35;0;0;0;0;0;0;1;1;2;0;0;0;0;0;0;
