12-26;HOU-MIN;87-84;
22-17;22-30;17-17;26-20;
HOU
Chandler Parsons;F;35:24;5;12;2;5;0;0;1;5;6;5;2;0;1;1;12;
Marcus Morris;F;29:36;3;9;0;3;2;3;2;2;4;2;0;0;1;2;8;
Omer Asik;C;35:20;4;6;0;0;1;2;1;16;17;0;1;1;1;4;9;
James Harden;G;37:37;11;22;2;5;6;6;2;4;6;3;2;1;3;2;30;
Jeremy Lin;G;27:28;3;9;0;2;2;2;0;3;3;1;1;0;7;3;8;
Carlos Delfino;;35:14;4;13;3;11;0;0;0;5;5;4;0;0;1;4;11;
Greg Smith;;16:30;1;1;0;0;1;2;0;2;2;0;0;0;0;1;3;
Toney Douglas;;22:51;2;9;2;5;0;0;1;3;4;4;1;0;2;2;6;
MIN
Andrei Kirilenko;F;29:16;2;6;0;1;4;6;2;3;5;1;2;1;2;0;8;
Kevin Love;F;36:11;3;14;0;7;1;1;3;9;12;3;0;1;5;1;7;
Nikola Pekovic;C;23:02;1;7;0;0;0;0;2;5;7;0;0;0;1;1;2;
Alexey Shved;G;29:56;7;15;2;7;0;0;0;2;2;3;2;0;1;2;16;
Luke Ridnour;G;19:10;3;10;1;3;1;2;1;3;4;4;1;0;1;0;8;
Ricky Rubio;;21:23;2;5;0;1;4;4;0;0;0;2;1;0;0;3;8;
Dante Cunningham;;36:36;4;6;0;0;0;0;2;7;9;2;3;2;0;2;8;
Jose Juan Barea;;27:57;7;14;2;6;2;2;1;6;7;3;1;0;4;2;18;
Derrick Williams;;16:30;3;7;2;3;1;2;1;3;4;0;0;0;0;1;9;
