11-21;LAC-OKC;111-117;
22-28;27-31;20-17;33-26;9-15;
LAC
Matt Barnes;F;43:34;7;17;2;8;3;4;4;5;9;0;4;1;2;6;19;
Blake Griffin;F;38:48;9;16;0;0;5;8;2;4;6;1;3;1;3;5;23;
DeAndre Jordan;C;35:39;4;8;0;0;4;6;2;8;10;0;2;1;0;2;12;
Willie Green;G;16:54;3;6;2;3;0;0;1;0;1;3;1;0;1;1;8;
Chris Paul;G;43:35;2;14;0;3;5;6;1;4;5;9;4;0;4;2;9;
Jamal Crawford;;29:46;7;18;2;4;4;4;1;1;2;1;0;0;0;2;20;
Lamar Odom;;16:42;2;6;0;1;0;2;3;5;8;1;1;0;0;4;4;
Ryan Hollins;;13:53;2;2;0;0;1;1;1;0;1;0;0;1;0;4;5;
Eric Bledsoe;;23:43;4;6;1;1;2;2;2;1;3;4;1;1;4;1;11;
Ronny Turiaf;;2:26;0;0;0;0;0;0;0;0;0;0;0;0;0;0;0;
OKC
Kevin Durant;F;47:17;7;19;2;6;19;21;0;6;6;5;5;0;6;1;35;
Serge Ibaka;F;36:03;5;9;1;1;4;4;3;9;12;1;1;3;3;6;15;
Kendrick Perkins;C;33:22;0;1;0;0;0;0;1;3;4;1;1;2;2;3;0;
Thabo Sefolosha;G;29:30;2;6;2;5;0;0;1;5;6;0;2;0;0;2;6;
Russell Westbrook;G;42:11;8;20;3;5;4;6;1;2;3;9;0;0;3;3;23;
Kevin Martin;;34:45;6;10;3;5;5;5;0;2;2;0;2;0;3;1;20;
Nick Collison;;18:44;4;7;0;0;0;0;3;2;5;2;1;0;0;3;8;
Hasheem Thabeet;;12:01;4;4;0;0;2;3;2;2;4;0;0;0;1;4;10;
Eric Maynor;;11:07;0;3;0;1;0;0;1;1;2;2;0;0;1;1;0;
