01-16;DEN-OKC;97-117;
18-34;29-33;23-28;27-22;
DEN
Danilo Gallinari;F;26:08;3;10;1;5;4;5;0;1;1;0;0;0;1;0;11;
Kenneth Faried;F;20:37;2;4;0;0;1;2;1;1;2;1;1;1;1;4;5;
Kosta Koufos;C;25:03;6;6;0;0;4;6;3;6;9;0;1;0;1;4;16;
Andre Iguodala;G;29:49;4;10;0;3;4;4;0;1;1;5;0;0;3;0;12;
Ty Lawson;G;19:39;1;4;0;1;0;0;0;1;1;1;0;0;4;3;2;
JaVale McGee;;19:57;5;6;0;0;5;5;2;2;4;0;0;3;2;1;15;
Andre Miller;;24:22;3;7;0;0;0;0;2;1;3;10;0;0;3;4;6;
Corey Brewer;;18:48;1;7;0;2;1;2;0;3;3;0;0;0;0;2;3;
Evan Fournier;;15:16;2;5;1;2;4;5;1;1;2;3;1;0;2;3;9;
Anthony Randolph;;16:03;1;6;0;2;6;8;1;4;5;0;3;3;2;2;8;
Timofey Mozgov;;9:41;2;4;0;0;0;0;1;3;4;0;0;1;0;0;4;
Jordan Hamilton;;8:58;3;4;0;0;0;0;0;0;0;1;1;0;0;0;6;
Julyan Stone;;5:39;0;0;0;0;0;0;0;0;0;0;0;0;0;0;0;
OKC
Kevin Durant;F;28:35;7;12;2;5;4;5;0;2;2;4;5;0;3;2;20;
Serge Ibaka;F;26:30;2;5;0;0;1;1;2;4;6;1;0;5;3;3;5;
Kendrick Perkins;C;24:15;1;6;0;0;0;0;4;1;5;1;2;2;1;4;2;
Thabo Sefolosha;G;22:21;3;7;3;5;0;0;1;1;2;1;0;0;0;3;9;
Russell Westbrook;G;27:55;12;20;0;1;8;9;2;0;2;4;1;0;0;0;32;
Kevin Martin;;19:07;8;12;2;3;2;3;0;1;1;0;0;0;1;2;20;
Nick Collison;;9:16;2;3;0;0;0;0;1;1;2;2;0;0;0;1;4;
DeAndre Liggins;;19:58;2;4;2;2;0;0;1;0;1;1;2;1;1;2;6;
Hasheem Thabeet;;18:45;1;1;0;0;1;4;2;2;4;1;1;2;1;5;3;
Reggie Jackson;;20:05;2;5;0;2;4;4;1;5;6;7;0;0;1;1;8;
Perry Jones;;13:32;3;5;0;0;0;0;0;3;3;2;0;1;2;1;6;
Jeremy Lamb;;9:41;1;5;0;1;0;0;1;0;1;0;0;0;1;3;2;
