11-28;BKN-BOS;95-83;
28-20;23-18;19-17;25-28;
BKN
Gerald Wallace;F;17:33;2;10;1;4;0;0;1;1;2;3;3;0;2;2;5;
Kris Humphries;F;12:53;1;3;0;0;1;2;1;3;4;0;0;2;0;2;3;
Brook Lopez;C;17:20;4;10;0;0;1;1;1;9;10;1;1;0;2;5;9;
Joe Johnson;G;40:40;6;14;3;6;3;4;0;4;4;6;1;0;1;0;18;
Deron Williams;G;39:40;3;12;1;3;1;3;0;4;4;7;0;1;1;2;8;
Andray Blatche;;29:13;7;14;0;0;3;4;8;5;13;1;2;0;3;5;17;
Reggie Evans;;33:40;2;4;0;0;1;3;4;6;10;2;2;0;2;3;5;
Jerry Stackhouse;;22:27;5;6;5;6;2;2;1;0;1;1;3;0;1;2;17;
CJ Watson;;18:52;3;7;0;4;7;10;1;1;2;0;0;0;1;1;13;
Keith Bogans;;7:44;0;2;0;1;0;0;0;0;0;0;0;0;1;2;0;
BOS
Paul Pierce;F;39:18;4;13;0;3;6;11;0;9;9;7;2;0;5;2;14;
Brandon Bass;F;29:25;7;12;0;0;2;2;1;2;3;1;0;2;2;3;16;
Kevin Garnett;C;29:15;7;13;0;0;2;2;2;8;10;1;0;0;3;3;16;
Jason Terry;G;35:16;3;8;1;3;6;7;0;4;4;2;1;0;0;3;13;
Rajon Rondo;G;17:57;3;9;0;0;0;0;0;1;1;3;2;0;2;1;6;
Chris Wilcox;;6:41;2;2;0;0;0;0;1;2;3;0;0;1;1;1;4;
Jared Sullinger;;14:26;2;5;0;0;2;2;2;1;3;0;1;0;0;3;6;
Courtney Lee;;27:22;2;5;0;0;0;0;1;3;4;0;1;1;2;1;4;
Jeff Green;;15:47;1;3;0;1;0;0;0;0;0;0;0;1;0;1;2;
Leandro Barbosa;;13:06;1;5;0;0;0;0;0;1;1;0;0;1;0;3;2;
Jason Collins;;11:27;0;0;0;0;0;0;1;1;2;0;0;0;2;3;0;
