01-04;LAL-LAC;102-107;
22-29;29-32;20-26;31-20;
LAL
Metta World Peace;F;35:16;1;6;0;4;0;0;1;4;5;2;1;1;1;6;2;
Pau Gasol;F;27:16;1;6;0;2;0;0;0;4;4;2;0;2;1;2;2;
Dwight Howard;C;36:13;8;14;0;0;5;11;4;11;15;0;1;2;4;6;21;
Kobe Bryant;G;43:39;15;25;1;6;7;8;0;0;0;3;5;0;1;3;38;
Steve Nash;G;36:28;3;4;3;4;3;3;0;1;1;10;1;0;4;0;12;
Antawn Jamison;;3:15;0;0;0;0;0;0;0;1;1;0;0;0;0;0;0;
Jodie Meeks;;28:34;3;13;2;8;6;6;1;2;3;1;1;0;0;2;14;
Jordan Hill;;19:04;4;6;0;0;5;8;4;3;7;0;0;1;0;1;13;
Darius Morris;;10:15;0;2;0;1;0;0;0;0;0;1;0;0;1;2;0;
LAC
Caron Butler;F;29:22;1;4;0;2;3;4;0;4;4;1;0;1;4;2;5;
Blake Griffin;F;28:40;9;16;1;1;5;7;1;4;5;2;1;0;2;4;24;
DeAndre Jordan;C;27:03;4;6;0;0;0;1;3;6;9;0;1;0;1;4;8;
Willie Green;G;20:06;4;6;1;1;1;1;1;1;2;3;0;0;0;3;10;
Chris Paul;G;41:01;11;25;1;4;7;7;0;6;6;13;2;0;4;3;30;
Lamar Odom;;24:09;4;6;1;1;0;0;3;3;6;2;1;3;0;5;9;
Ronny Turiaf;;14:58;2;2;0;0;1;3;2;3;5;1;1;0;0;2;5;
Matt Barnes;;31:30;2;9;2;5;2;2;2;4;6;4;0;2;2;3;8;
Eric Bledsoe;;22:01;4;8;0;0;0;0;3;1;4;1;2;1;2;4;8;
Ryan Hollins;;1:10;0;0;0;0;0;0;0;0;0;0;0;0;0;1;0;
