12-14;GSW-ORL;85-99;
14-19;21-32;29-30;21-18;
GSW
Harrison Barnes;F;16:50;2;8;0;1;1;1;1;1;2;2;0;1;0;0;5;
David Lee;F;41:17;11;20;0;0;2;2;4;11;15;1;0;0;3;4;24;
Festus Ezeli;C;12:04;0;2;0;0;0;0;1;1;2;0;0;0;3;3;0;
Klay Thompson;G;32:57;3;13;3;8;0;0;2;2;4;4;2;1;1;2;9;
Stephen Curry;G;42:55;8;19;2;5;7;8;1;2;3;3;0;0;1;0;25;
Jarrett Jack;;35:38;5;11;2;4;0;0;0;7;7;6;2;0;1;1;12;
Draymond Green;;13:51;0;4;0;1;0;0;1;4;5;0;1;0;0;4;0;
Carl Landry;;23:24;3;8;0;0;0;0;5;2;7;0;0;0;1;0;6;
Charles Jenkins;;5:33;0;2;0;0;0;0;1;0;1;0;0;0;1;1;0;
Richard Jefferson;;13:25;1;2;0;1;0;0;0;3;3;3;0;0;1;0;2;
Jeremy Tyler;;1:04;0;1;0;0;0;0;0;0;0;0;0;0;0;0;0;
Kent Bazemore;;1:04;1;2;0;0;0;0;0;0;0;0;0;0;0;0;2;
ORL
Maurice Harkless;F;23:39;3;8;0;1;1;2;4;3;7;0;2;4;0;2;7;
Glen Davis;F;27:44;4;9;0;0;0;0;0;2;2;0;1;1;2;1;8;
Nikola Vucevic;C;33:51;6;10;0;0;0;0;5;12;17;2;1;0;4;0;12;
Arron Afflalo;G;34:43;5;12;2;3;2;2;2;5;7;2;2;0;3;3;14;
Jameer Nelson;G;29:57;4;14;0;5;2;3;0;3;3;11;1;0;1;2;10;
JJ Redick;;26:52;6;12;4;7;0;0;0;4;4;4;0;0;3;0;16;
Andrew Nicholson;;24:51;6;9;0;0;3;4;2;7;9;0;0;4;1;3;15;
E'Twaun Moore;;25:00;6;11;3;5;0;0;0;0;0;5;0;0;0;3;15;
Gustavo Ayon;;5:05;1;1;0;0;0;0;0;2;2;1;0;2;0;1;2;
DeQuan Jones;;6:10;0;0;0;0;0;0;0;2;2;0;1;0;0;0;0;
Kyle O'Quinn;;1:04;0;0;0;0;0;0;0;0;0;0;0;0;1;0;0;
Ish Smith;;1:04;0;0;0;0;0;0;0;0;0;1;0;0;0;0;0;
