11-29;SAS-MIA;100-105;
27-22;17-25;32-26;24-32;
SAS
Boris Diaw;F;38:04;5;7;1;2;1;2;3;3;6;0;0;0;1;2;12;
Matt Bonner;F;29:42;4;7;2;4;0;0;0;10;10;1;0;0;0;1;10;
Tiago Splitter;C;29:34;7;12;0;0;4;6;3;6;9;2;0;1;2;3;18;
Nando De Colo;G;33:32;4;8;2;4;5;6;3;3;6;5;1;0;5;4;15;
Patty Mills;G;23:59;3;11;1;7;0;0;0;1;1;2;2;0;4;2;7;
Gary Neal;;32:14;7;20;2;8;4;4;0;4;4;7;2;0;6;4;20;
DeJuan Blair;;18:27;3;7;0;0;0;1;1;2;3;0;0;0;1;2;6;
James Anderson;;19:31;2;2;1;1;4;5;0;4;4;3;0;1;0;2;9;
Cory Joseph;;14:57;1;6;1;4;0;0;1;1;2;2;0;0;0;0;3;
MIA
LeBron James;F;39:06;9;16;2;5;3;6;3;6;9;7;4;0;4;2;23;
Rashard Lewis;F;20:55;1;1;1;1;0;0;0;3;3;1;0;0;1;0;3;
Chris Bosh;C;36:46;8;14;0;0;2;2;3;9;12;1;0;1;0;3;18;
Dwyane Wade;G;32:23;7;17;0;0;5;5;0;5;5;5;1;0;1;1;19;
Mario Chalmers;G;27:03;3;8;1;2;1;1;0;1;1;4;2;1;1;3;8;
Norris Cole;;19:44;4;9;0;2;0;0;1;1;2;2;1;0;0;3;8;
Ray Allen;;27:00;7;15;1;3;5;5;0;0;0;1;1;0;0;2;20;
Udonis Haslem;;17:56;2;4;0;0;0;0;0;4;4;0;0;0;2;3;4;
Mike Miller;;16:33;1;2;0;0;0;0;0;1;1;1;2;0;0;1;2;
Joel Anthony;;2:35;0;0;0;0;0;0;0;0;0;0;0;0;1;0;0;
