12-06;DAL-PHX;97-94;
23-23;17-21;29-18;28-32;
DAL
Dahntay Jones;F;15:20;0;1;0;1;0;0;0;2;2;0;0;0;0;3;0;
Shawn Marion;F;23:19;5;9;0;0;0;0;3;2;5;1;1;0;0;2;10;
Elton Brand;C;27:17;3;7;0;0;0;0;3;4;7;1;1;2;1;4;6;
O.J. Mayo;G;40:01;9;17;3;5;2;2;0;5;5;5;0;0;6;5;23;
Derek Fisher;G;21:29;0;3;0;0;2;4;0;3;3;3;0;0;3;2;2;
Vince Carter;;27:50;2;9;1;4;4;4;0;4;4;1;2;0;2;0;9;
Darren Collison;;26:37;3;6;0;1;10;12;0;4;4;2;1;0;2;3;16;
Chris Kaman;;20:30;7;12;0;0;1;2;3;4;7;2;1;0;2;3;15;
Jae Crowder;;14:24;0;2;0;1;0;0;1;2;3;0;0;0;0;1;0;
Brandan Wright;;23:13;8;12;0;0;0;0;1;3;4;0;2;2;0;0;16;
PHX
Michael Beasley;F;21:12;3;12;1;5;2;2;0;0;0;2;0;0;2;1;9;
Markieff Morris;F;34:41;6;12;1;2;2;3;7;10;17;3;0;2;0;3;15;
Marcin Gortat;C;25:56;1;8;0;0;1;2;0;6;6;2;1;2;1;1;3;
Shannon Brown;G;28:02;4;9;1;3;2;2;0;2;2;1;4;0;1;4;11;
Goran Dragic;G;40:35;5;14;2;5;3;4;1;1;2;4;4;0;2;5;15;
Jared Dudley;;20:38;3;5;2;2;3;4;0;1;1;2;0;0;1;1;11;
Luis Scola;;24:11;6;10;0;1;1;2;3;6;9;3;2;0;1;3;13;
PJ Tucker;;14:48;2;5;1;1;0;0;0;2;2;0;0;0;2;0;5;
Sebastian Telfair;;19:09;2;8;0;2;3;4;1;0;1;2;0;0;2;1;7;
Jermaine O'Neal;;10:48;2;2;0;0;1;2;1;1;2;0;0;0;0;1;5;
