02-26;CLE-CHI;101-98;
19-22;29-26;27-23;26-27;
CLE
Alonzo Gee;F;31:11;5;11;1;3;0;0;1;0;1;1;1;0;2;0;11;
Tristan Thompson;F;26:39;3;8;0;0;4;5;5;3;8;3;2;0;2;5;10;
Tyler Zeller;C;28:14;2;6;0;0;0;0;2;6;8;2;0;1;0;1;4;
Dion Waiters;G;36:25;10;16;1;4;4;6;0;2;2;0;1;1;2;4;25;
Shaun Livingston;G;33:00;6;11;0;0;3;3;1;1;2;2;1;1;1;2;15;
Wayne Ellington;;26:35;5;11;2;5;1;1;1;5;6;3;0;0;0;2;13;
Marreese Speights;;17:21;3;6;0;0;2;2;2;3;5;0;0;1;1;2;8;
Luke Walton;;23:42;4;6;0;1;0;0;0;5;5;5;1;0;1;2;8;
CJ Miles;;16:53;2;6;1;4;2;2;1;1;2;2;3;1;1;1;7;
CHI
Luol Deng;F;39:43;9;16;2;4;6;8;3;4;7;5;2;0;0;1;26;
Carlos Boozer;F;38:59;13;20;0;0;1;2;0;5;5;4;0;1;2;3;27;
Joakim Noah;C;41:09;4;7;0;0;1;2;3;6;9;5;1;4;4;4;9;
Richard Hamilton;G;17:39;3;6;0;1;0;0;0;0;0;3;0;0;3;1;6;
Kirk Hinrich;G;33:28;4;9;3;5;0;0;0;6;6;11;1;1;3;2;11;
Nate Robinson;;14:32;2;6;1;4;0;0;0;0;0;2;0;0;1;2;5;
Marco Belinelli;;21:58;3;10;2;6;0;0;0;2;2;0;0;0;2;3;8;
Jimmy Butler;;26:28;1;3;1;1;3;3;3;0;3;3;1;1;0;1;6;
Nazr Mohammed;;6:04;0;1;0;0;0;0;2;0;2;0;0;1;0;0;0;
