11-01;OKC-SAS;84-86;
24-21;16-24;26-21;18-20;
OKC
Serge Ibaka;F;31:02;2;7;0;1;0;0;1;8;9;0;0;2;1;5;4;
Kevin Durant;F;40:39;9;18;1;2;4;5;2;12;14;5;2;0;4;1;23;
Kendrick Perkins;C;27:59;1;2;0;0;0;0;3;3;6;2;0;1;1;4;2;
Thabo Sefolosha;G;27:18;2;7;2;3;2;2;0;3;3;1;0;0;1;1;8;
Russell Westbrook;G;37:27;6;21;0;3;6;8;3;5;8;5;0;0;6;3;18;
Nick Collison;;20:01;2;6;0;0;2;2;1;0;1;0;1;1;2;2;6;
Kevin Martin;;32:31;4;10;3;6;4;4;1;1;2;5;1;0;1;2;15;
Hasheem Thabeet;;12:09;0;0;0;0;1;2;1;1;2;0;2;1;1;2;1;
Eric Maynor;;10:33;3;6;1;2;0;0;0;3;3;0;0;0;1;0;7;
Reggie Jackson;;0:21;0;0;0;0;0;0;0;0;0;0;0;0;0;0;0;
SAS
Kawhi Leonard;F;32:06;2;8;0;3;2;2;1;3;4;1;5;0;4;4;6;
Tim Duncan;F;33:43;8;19;0;0;4;6;0;8;8;1;0;3;0;2;20;
Boris Diaw;C;35:20;4;6;0;2;2;4;1;6;7;4;1;1;3;4;10;
Danny Green;G;34:35;5;9;3;6;0;0;0;5;5;2;1;0;0;2;13;
Tony Parker;G;34:52;6;13;1;2;1;2;1;2;3;11;0;0;1;3;14;
Gary Neal;;16:47;4;6;0;1;0;0;0;1;1;3;0;0;1;0;8;
Tiago Splitter;;4:16;1;2;0;0;0;0;0;0;0;0;0;0;0;3;2;
Stephen Jackson;;27:23;4;10;1;5;2;2;2;4;6;3;1;0;2;1;11;
Matt Bonner;;8:13;0;0;0;0;0;0;0;1;1;1;1;0;0;1;0;
Patty Mills;;2:15;0;1;0;0;0;0;0;0;0;0;0;0;1;0;0;
DeJuan Blair;;10:31;1;5;0;0;0;0;1;3;4;1;0;0;1;1;2;
