11-05;MIN-BKN;107-96;
27-31;20-31;28-24;32-10;
MIN
Andrei Kirilenko;F;32:52;7;11;1;2;1;2;3;7;10;6;1;4;2;0;16;
Derrick Williams;F;18:18;3;12;0;1;2;2;1;1;2;1;0;0;0;0;8;
Nikola Pekovic;C;26:11;9;14;0;0;3;3;6;1;7;1;1;2;3;4;21;
Brandon Roy;G;28:56;3;7;0;2;0;0;0;2;2;7;0;0;0;1;6;
Luke Ridnour;G;19:01;2;4;2;3;3;4;0;2;2;2;2;0;1;4;9;
Jose Juan Barea;;29:35;3;8;0;2;0;0;1;2;3;6;0;0;2;4;6;
Greg Stiemsma;;9:43;2;3;0;0;0;0;0;0;0;0;0;0;0;2;4;
Chase Budinger;;25:56;7;10;2;5;0;0;0;5;5;1;1;0;1;0;16;
Lou Amundson;;5:31;0;0;0;0;0;0;0;1;1;0;1;0;1;2;0;
Alexey Shved;;17:41;3;8;2;5;2;2;1;1;2;4;1;0;1;0;10;
Dante Cunningham;;26:17;5;11;0;0;1;2;4;7;11;2;2;1;0;1;11;
BKN
Keith Bogans;F;14:07;3;5;3;4;0;0;0;1;1;1;1;0;1;2;9;
Kris Humphries;F;22:53;1;2;0;0;0;1;0;4;4;1;0;1;3;2;2;
Brook Lopez;C;32:04;5;14;0;0;3;5;0;8;8;0;1;2;1;0;13;
Joe Johnson;G;40:49;8;18;3;5;0;0;1;0;1;2;0;0;1;1;19;
Deron Williams;G;37:38;5;12;3;7;5;6;1;1;2;13;1;0;4;2;18;
CJ Watson;;26:11;4;8;2;4;0;0;1;1;2;4;1;0;2;5;10;
Andray Blatche;;15:17;1;2;0;0;2;2;2;3;5;1;0;1;0;1;4;
MarShon Brooks;;21:17;4;7;1;1;2;2;2;2;4;1;1;0;0;2;11;
Reggie Evans;;15:41;1;1;0;0;1;2;1;1;2;0;0;0;0;2;3;
Tyshawn Taylor;;6:25;1;1;0;0;0;0;0;0;0;1;1;0;1;0;2;
Mirza Teletovic;;7:38;2;3;1;2;0;0;0;0;0;0;1;0;0;0;5;
