02-20;MIA-ATL;103-90;
24-17;21-32;18-24;40-17;
MIA
LeBron James;F;39:31;8;15;1;4;7;8;0;6;6;11;4;0;2;1;24;
Udonis Haslem;F;19:27;1;2;0;0;1;1;2;3;5;0;0;0;0;3;3;
Chris Bosh;C;28:08;2;10;0;1;2;2;0;6;6;1;0;0;2;3;6;
Dwyane Wade;G;34:34;8;18;0;0;4;8;1;2;3;2;3;0;4;0;20;
Mario Chalmers;G;21:08;6;9;2;4;0;0;1;1;2;3;2;0;1;3;14;
Ray Allen;;29:01;6;12;2;6;1;2;0;4;4;2;0;0;1;3;15;
Shane Battier;;31:48;5;8;5;8;2;2;0;3;3;1;1;0;0;2;17;
Chris Andersen;;9:20;0;1;0;0;0;0;1;1;2;0;0;0;0;0;0;
Norris Cole;;19:46;1;3;0;0;2;2;0;1;1;3;1;0;1;0;4;
Joel Anthony;;7:17;0;0;0;0;0;0;0;1;1;0;0;1;0;0;0;
ATL
Josh Smith;F;38:06;5;13;0;4;0;0;2;7;9;9;2;0;5;3;10;
Al Horford;F;42:15;12;15;0;0;3;4;1;8;9;2;0;2;4;1;27;
Zaza Pachulia;C;24:40;1;3;0;0;2;2;2;5;7;1;1;0;1;1;4;
DeShawn Stevenson;G;27:11;3;5;3;5;0;0;0;2;2;2;0;0;0;2;9;
Jeff Teague;G;32:16;4;12;0;5;1;1;0;1;1;8;1;0;6;5;9;
Kyle Korver;;25:43;4;6;4;5;0;0;0;7;7;3;2;0;2;4;12;
Anthony Tolliver;;7:40;0;2;0;2;0;0;0;1;1;0;0;0;0;0;0;
Devin Harris;;19:33;2;5;0;3;2;3;0;4;4;3;0;0;0;1;6;
Ivan Johnson;;14:50;4;7;0;0;2;4;0;2;2;0;0;0;1;3;10;
John Jenkins;;7:46;1;4;0;2;1;2;0;0;0;0;0;0;0;0;3;
