12-14;LAL-WAS;102-96;
27-25;31-30;25-14;19-27;
LAL
Metta World Peace;F;39:11;5;11;0;6;3;3;1;5;6;2;3;0;0;1;13;
Devin Ebanks;F;27:12;4;10;0;1;0;0;0;5;5;0;1;0;1;5;8;
Dwight Howard;C;32:13;4;8;0;0;4;8;5;9;14;2;1;4;4;4;12;
Kobe Bryant;G;43:36;9;29;1;8;11;13;3;4;7;7;2;1;3;1;30;
Chris Duhon;G;31:11;2;5;2;5;0;2;0;2;2;5;0;0;1;2;6;
Antawn Jamison;;6:24;0;1;0;1;0;0;0;1;1;0;0;0;0;2;0;
Jodie Meeks;;30:24;9;14;4;7;2;2;3;2;5;1;3;0;2;2;24;
Robert Sacre;;15:47;2;2;0;0;0;0;1;3;4;0;0;1;1;3;4;
Darius Morris;;14:02;2;2;1;1;0;0;0;1;1;1;0;0;1;0;5;
WAS
Chris Singleton;F;15:50;2;4;0;0;0;0;2;3;5;0;0;0;1;2;4;
Martell Webster;F;38:09;5;9;2;3;5;5;0;4;4;2;0;0;3;5;17;
Emeka Okafor;C;17:29;1;6;0;0;0;0;0;5;5;2;0;1;0;3;2;
Bradley Beal;G;21:53;2;7;0;3;0;0;0;4;4;1;1;0;3;5;4;
Jordan Crawford;G;35:57;5;17;1;3;0;0;3;3;6;6;2;0;4;1;11;
Kevin Seraphin;;36:48;8;14;0;0;0;1;4;4;8;1;0;0;3;3;16;
Nene;;22:15;4;5;0;1;9;12;4;4;8;3;0;1;3;3;17;
Shaun Livingston;;19:27;2;5;0;0;0;0;0;0;0;3;1;1;1;0;4;
Cartier Martin;;32:12;7;16;5;11;2;2;0;8;8;1;2;1;1;2;21;
