03-17;NOH-MIN;95-97;
27-28;25-22;21-26;22-21;
NOH
Al-Farouq Aminu;F;32:10;3;4;0;0;1;4;2;2;4;0;2;1;2;2;7;
Anthony Davis;F;32:60;7;13;0;0;3;3;3;6;9;2;3;1;2;3;17;
Robin Lopez;C;33:30;8;14;0;0;4;4;8;3;11;1;0;1;4;4;20;
Eric Gordon;G;26:01;3;6;0;1;1;1;0;2;2;3;2;0;0;3;7;
Greivis Vasquez;G;39:20;10;25;2;5;2;2;4;3;7;5;0;0;6;4;24;
Roger Mason Jr.;;22:48;2;7;0;2;0;0;1;0;1;2;0;0;0;3;4;
Ryan Anderson;;25:17;2;10;2;4;1;2;2;0;2;1;1;0;2;3;7;
Terrel Harris;;6:47;0;0;0;0;0;0;0;2;2;1;0;0;0;1;0;
Lou Amundson;;12:19;2;3;0;0;0;0;0;2;2;1;0;0;1;2;4;
Brian Roberts;;8:49;2;3;1;1;0;0;0;1;1;4;2;0;1;1;5;
MIN
Andrei Kirilenko;F;24:47;3;6;0;2;2;3;0;5;5;1;1;2;3;0;8;
Derrick Williams;F;37:24;9;16;3;5;7;10;2;5;7;0;1;1;5;3;28;
Nikola Pekovic;C;24:22;5;8;0;0;3;6;4;2;6;0;0;2;2;4;13;
Luke Ridnour;G;31:42;5;8;0;2;0;0;0;0;0;6;1;0;1;3;10;
Ricky Rubio;G;34:55;7;11;1;1;1;1;0;2;2;6;2;2;3;4;16;
Mickael Gelabale;;17:44;0;2;0;2;0;0;0;0;0;1;0;0;0;0;0;
Greg Stiemsma;;15:08;1;1;0;0;3;3;0;2;2;0;1;0;1;4;5;
Alexey Shved;;14:23;1;3;1;2;0;0;0;1;1;3;1;0;2;0;3;
Jose Juan Barea;;15:00;1;3;0;1;4;4;0;1;1;1;0;0;1;0;6;
Dante Cunningham;;21:29;3;5;0;0;0;0;1;2;3;0;1;2;0;0;6;
Chris Johnson;;3:07;1;1;0;0;0;0;0;0;0;0;0;1;0;1;2;
