03-13;MIN-IND;91-107;
28-35;26-27;15-20;22-25;
MIN
Mickael Gelabale;F;16:08;0;3;0;2;0;0;0;0;0;0;0;0;0;2;0;
Derrick Williams;F;27:54;4;9;1;1;1;2;1;4;5;1;0;1;0;3;10;
Greg Stiemsma;C;35:09;5;13;0;0;3;4;4;5;9;0;1;2;2;5;13;
Luke Ridnour;G;37:29;8;15;1;4;0;0;0;3;3;0;0;0;1;4;17;
Ricky Rubio;G;36:31;6;14;2;3;7;8;2;4;6;10;3;0;4;1;21;
Alexey Shved;;27:54;2;8;1;4;2;2;1;6;7;2;0;0;2;1;7;
Dante Cunningham;;23:30;5;6;0;0;2;2;2;1;3;0;0;0;0;3;12;
Chris Johnson;;9:27;3;3;0;0;0;0;0;1;1;0;0;1;0;5;6;
Jose Juan Barea;;25:58;2;9;1;5;0;0;0;2;2;6;0;0;3;2;5;
IND
Paul George;F;27:02;6;11;4;6;1;2;0;5;5;4;1;0;2;5;17;
David West;F;31:11;6;8;0;0;1;2;3;7;10;6;0;0;1;3;13;
Roy Hibbert;C;34:24;10;15;0;0;7;8;9;3;12;0;0;4;3;2;27;
Lance Stephenson;G;28:37;2;11;0;5;1;2;1;3;4;4;0;0;2;4;5;
George Hill;G;34:57;7;14;2;5;0;0;0;5;5;6;3;0;1;2;16;
Tyler Hansbrough;;16:49;1;3;0;0;3;6;1;2;3;0;1;0;1;3;5;
Sam Young;;16:37;1;3;0;0;2;2;0;1;1;0;1;0;1;1;4;
Orlando Johnson;;21:40;5;8;2;4;0;0;1;2;3;2;1;1;0;1;12;
D.J. Augustin;;15:07;1;6;1;5;0;0;0;3;3;0;0;0;1;4;3;
Ian Mahinmi;;13:36;2;3;0;0;1;4;0;3;3;0;1;1;0;1;5;
